/home/amsequeira/enzymeClassification/models/cv_len_pad/64_64_32_500_pre_post_cv
self
x_train
y_train
x_test
y_test
number_classes
problem_type
x_dval
y_dval
model
epochs
batch_size
callbacks
reduce_lr
early_stopping
checkpoint
tensorboard
early_stopping_patience
reduce_lr_patience
reduce_lr_factor
reduce_lr_min
path
report_name
verbose
validation_split
shuffle
class_weights
===Callbacks===

generate_callbacks
[<tensorflow.python.keras.callbacks.EarlyStopping object at 0x7f8050611e20>, <tensorflow.python.keras.callbacks.ReduceLROnPlateau object at 0x7f8050611ca0>, <tensorflow.python.keras.callbacks.ModelCheckpoint object at 0x7f8050611cd0>]
===SCORING TEST SET ===

model_complete_evaluate
{'self': <deep_ml.DeepML object at 0x7f8050611d00>, 'x_test': array([[[1, 0, 0, ..., 0, 0, 0],
        [1, 0, 0, ..., 0, 0, 0],
        [1, 0, 0, ..., 0, 0, 0],
        ...,
        [0, 0, 0, ..., 0, 0, 0],
        [0, 0, 0, ..., 1, 0, 0],
        [0, 0, 0, ..., 0, 0, 0]],

       [[1, 0, 0, ..., 0, 0, 0],
        [1, 0, 0, ..., 0, 0, 0],
        [1, 0, 0, ..., 0, 0, 0],
        ...,
        [0, 0, 0, ..., 0, 1, 0],
        [0, 0, 0, ..., 0, 0, 0],
        [0, 0, 0, ..., 0, 0, 0]],

       [[1, 0, 0, ..., 0, 0, 0],
        [1, 0, 0, ..., 0, 0, 0],
        [1, 0, 0, ..., 0, 0, 0],
        ...,
        [0, 0, 0, ..., 0, 0, 0],
        [0, 0, 0, ..., 1, 0, 0],
        [1, 0, 0, ..., 0, 0, 0]],

       ...,

       [[0, 0, 0, ..., 0, 0, 0],
        [0, 0, 0, ..., 0, 0, 0],
        [0, 0, 0, ..., 0, 0, 0],
        ...,
        [0, 0, 0, ..., 0, 0, 1],
        [0, 0, 0, ..., 0, 0, 0],
        [0, 0, 0, ..., 0, 0, 0]],

       [[0, 0, 0, ..., 0, 0, 0],
        [0, 0, 0, ..., 0, 0, 1],
        [0, 0, 0, ..., 0, 0, 0],
        ...,
        [0, 0, 0, ..., 0, 0, 0],
        [0, 0, 0, ..., 0, 0, 0],
        [0, 0, 0, ..., 0, 0, 0]],

       [[0, 0, 0, ..., 0, 0, 0],
        [0, 0, 0, ..., 0, 0, 0],
        [0, 0, 0, ..., 0, 0, 0],
        ...,
        [0, 0, 0, ..., 0, 0, 0],
        [0, 1, 0, ..., 0, 0, 0],
        [0, 0, 0, ..., 0, 0, 0]]], dtype=int8), 'y_test': array([2., 2., 1., ..., 0., 0., 0.], dtype=float32), 'model': None}
report

              precision    recall  f1-score   support

         0.0       0.79      0.69      0.74      4541
         1.0       0.93      0.75      0.83      3813
         2.0       0.80      0.93      0.86     10869
         3.0       0.82      0.81      0.81      6897
         4.0       0.85      0.83      0.84      2585
         5.0       0.95      0.80      0.87      1617
         6.0       0.98      0.92      0.95      3258
         7.0       0.92      0.96      0.94      1372

    accuracy                           0.84     34952
   macro avg       0.88      0.84      0.85     34952
weighted avg       0.85      0.84      0.84     34952


===confusion_matrix===

[[ 3137    53   729   496    60    10     4    52]
 [   73  2859   516   245    83    14    10    13]
 [  317    35 10128   285    64     8    19    13]
 [  336    52   738  5607   107    13    18    26]
 [   34    24   263   113  2138    10     2     1]
 [   32    18   165    62    47  1287     4     2]
 [   11    12   166    52    15     9  2991     2]
 [   20     9    16    11     3     0     1  1312]]

===multilabel confusion matrix===

[[[29588   823]
  [ 1404  3137]]

 [[30936   203]
  [  954  2859]]

 [[21490  2593]
  [  741 10128]]

 [[26791  1264]
  [ 1290  5607]]

 [[31988   379]
  [  447  2138]]

 [[33271    64]
  [  330  1287]]

 [[31636    58]
  [  267  2991]]

 [[33471   109]
  [   60  1312]]]

===scores report===
metrics	scores
Accuracy	0.8428
MCC	0.8072
log_loss	0.4863
f1 score weighted	0.8418
f1 score macro	0.8545
f1 score micro	0.8428
roc_auc ovr	0.9775
roc_auc ovo	0.9806
precision	0.8480
recall	0.8428

===Callbacks===

generate_callbacks
[<tensorflow.python.keras.callbacks.EarlyStopping object at 0x7f8050611e20>, <tensorflow.python.keras.callbacks.ReduceLROnPlateau object at 0x7f8050611ca0>, <tensorflow.python.keras.callbacks.ModelCheckpoint object at 0x7f8050611cd0>]
===SCORING TEST SET ===

model_complete_evaluate
{'self': <deep_ml.DeepML object at 0x7f8050611d00>, 'x_test': array([[[1, 0, 0, ..., 0, 0, 0],
        [1, 0, 0, ..., 0, 0, 0],
        [1, 0, 0, ..., 0, 0, 0],
        ...,
        [0, 0, 0, ..., 0, 0, 0],
        [0, 0, 0, ..., 0, 0, 0],
        [0, 0, 0, ..., 0, 0, 0]],

       [[1, 0, 0, ..., 0, 0, 0],
        [1, 0, 0, ..., 0, 0, 0],
        [1, 0, 0, ..., 0, 0, 0],
        ...,
        [0, 0, 0, ..., 0, 0, 1],
        [0, 0, 0, ..., 0, 0, 0],
        [0, 0, 0, ..., 0, 0, 0]],

       [[1, 0, 0, ..., 0, 0, 0],
        [1, 0, 0, ..., 0, 0, 0],
        [1, 0, 0, ..., 0, 0, 0],
        ...,
        [0, 0, 0, ..., 0, 0, 0],
        [0, 0, 0, ..., 0, 0, 0],
        [0, 0, 0, ..., 0, 0, 0]],

       ...,

       [[1, 0, 0, ..., 0, 0, 0],
        [1, 0, 0, ..., 0, 0, 0],
        [1, 0, 0, ..., 0, 0, 0],
        ...,
        [0, 0, 0, ..., 0, 0, 0],
        [0, 0, 0, ..., 0, 0, 0],
        [0, 0, 0, ..., 0, 0, 0]],

       [[0, 0, 0, ..., 0, 0, 0],
        [0, 1, 0, ..., 0, 0, 0],
        [0, 0, 0, ..., 0, 0, 0],
        ...,
        [0, 0, 0, ..., 0, 0, 0],
        [0, 0, 0, ..., 0, 0, 0],
        [0, 0, 0, ..., 0, 0, 0]],

       [[1, 0, 0, ..., 0, 0, 0],
        [1, 0, 0, ..., 0, 0, 0],
        [1, 0, 0, ..., 0, 0, 0],
        ...,
        [0, 0, 0, ..., 0, 0, 0],
        [0, 0, 0, ..., 0, 0, 0],
        [0, 0, 0, ..., 0, 0, 0]]], dtype=int8), 'y_test': array([2., 2., 2., ..., 0., 0., 0.], dtype=float32), 'model': None}
report

              precision    recall  f1-score   support

         0.0       0.77      0.76      0.76      4541
         1.0       0.95      0.82      0.88      3813
         2.0       0.91      0.89      0.90     10869
         3.0       0.79      0.88      0.83      6897
         4.0       0.89      0.86      0.87      2585
         5.0       0.75      0.91      0.82      1616
         6.0       0.98      0.94      0.96      3258
         7.0       0.96      0.94      0.95      1372

    accuracy                           0.87     34951
   macro avg       0.88      0.87      0.87     34951
weighted avg       0.87      0.87      0.87     34951


===confusion_matrix===

[[3458   36  331  568   36   69   13   30]
 [ 112 3111  158  273   68   78    6    7]
 [ 439   50 9652  470   87  137   28    6]
 [ 371   24  263 6062   57   89   23    8]
 [  40   16  105  138 2215   69    2    0]
 [  27   10   33   63   11 1465    5    2]
 [  17   13   55   59    9   41 3063    1]
 [  39    6   10   24    0    1    1 1291]]

===multilabel confusion matrix===

[[[29365  1045]
  [ 1083  3458]]

 [[30983   155]
  [  702  3111]]

 [[23127   955]
  [ 1217  9652]]

 [[26459  1595]
  [  835  6062]]

 [[32098   268]
  [  370  2215]]

 [[32851   484]
  [  151  1465]]

 [[31615    78]
  [  195  3063]]

 [[33525    54]
  [   81  1291]]]

===scores report===
metrics	scores
Accuracy	0.8674
MCC	0.8383
log_loss	0.4275
f1 score weighted	0.8683
f1 score macro	0.8724
f1 score micro	0.8674
roc_auc ovr	0.9820
roc_auc ovo	0.9850
precision	0.8722
recall	0.8674

===Callbacks===

generate_callbacks
[<tensorflow.python.keras.callbacks.EarlyStopping object at 0x7f8050611e20>, <tensorflow.python.keras.callbacks.ReduceLROnPlateau object at 0x7f8050611ca0>, <tensorflow.python.keras.callbacks.ModelCheckpoint object at 0x7f8050611cd0>]
===SCORING TEST SET ===

model_complete_evaluate
{'self': <deep_ml.DeepML object at 0x7f8050611d00>, 'x_test': array([[[1, 0, 0, ..., 0, 0, 0],
        [1, 0, 0, ..., 0, 0, 0],
        [1, 0, 0, ..., 0, 0, 0],
        ...,
        [0, 0, 0, ..., 0, 0, 0],
        [0, 0, 0, ..., 0, 0, 0],
        [0, 1, 0, ..., 0, 0, 0]],

       [[1, 0, 0, ..., 0, 0, 0],
        [1, 0, 0, ..., 0, 0, 0],
        [1, 0, 0, ..., 0, 0, 0],
        ...,
        [0, 0, 0, ..., 0, 0, 0],
        [1, 0, 0, ..., 0, 0, 0],
        [0, 0, 0, ..., 0, 0, 0]],

       [[1, 0, 0, ..., 0, 0, 0],
        [1, 0, 0, ..., 0, 0, 0],
        [1, 0, 0, ..., 0, 0, 0],
        ...,
        [0, 0, 0, ..., 0, 0, 0],
        [0, 0, 0, ..., 1, 0, 0],
        [0, 0, 0, ..., 0, 0, 1]],

       ...,

       [[1, 0, 0, ..., 0, 0, 0],
        [1, 0, 0, ..., 0, 0, 0],
        [1, 0, 0, ..., 0, 0, 0],
        ...,
        [0, 0, 0, ..., 0, 0, 0],
        [0, 0, 0, ..., 0, 0, 1],
        [0, 0, 0, ..., 0, 0, 0]],

       [[1, 0, 0, ..., 0, 0, 0],
        [1, 0, 0, ..., 0, 0, 0],
        [1, 0, 0, ..., 0, 0, 0],
        ...,
        [0, 0, 0, ..., 0, 0, 0],
        [0, 0, 0, ..., 0, 0, 0],
        [1, 0, 0, ..., 0, 0, 0]],

       [[1, 0, 0, ..., 0, 0, 0],
        [1, 0, 0, ..., 0, 0, 0],
        [1, 0, 0, ..., 0, 0, 0],
        ...,
        [0, 0, 1, ..., 0, 0, 0],
        [0, 0, 0, ..., 0, 0, 0],
        [0, 0, 0, ..., 0, 0, 0]]], dtype=int8), 'y_test': array([2., 2., 1., ..., 0., 0., 0.], dtype=float32), 'model': None}
report

              precision    recall  f1-score   support

         0.0       0.70      0.60      0.64      4542
         1.0       0.57      0.66      0.61      3814
         2.0       0.78      0.68      0.73     10869
         3.0       0.62      0.60      0.61      6896
         4.0       0.59      0.51      0.55      2584
         5.0       0.39      0.57      0.47      1616
         6.0       0.62      0.89      0.73      3258
         7.0       0.89      0.83      0.86      1372

    accuracy                           0.66     34951
   macro avg       0.65      0.67      0.65     34951
weighted avg       0.67      0.66      0.66     34951


===confusion_matrix===

[[2704  177  419  970   40   58  104   70]
 [  61 2518  355  363  112  161  233   11]
 [ 576  761 7433  651  344  371  706   27]
 [ 424  569  671 4159  310  431  306   26]
 [  22  197  325  234 1320  276  207    3]
 [  30  105  113  166   98  926  178    0]
 [  12   73  101   34   16  136 2886    0]
 [  34   18   64   88    8    5   17 1138]]

===multilabel confusion matrix===

[[[29250  1159]
  [ 1838  2704]]

 [[29237  1900]
  [ 1296  2518]]

 [[22034  2048]
  [ 3436  7433]]

 [[25549  2506]
  [ 2737  4159]]

 [[31439   928]
  [ 1264  1320]]

 [[31897  1438]
  [  690   926]]

 [[29942  1751]
  [  372  2886]]

 [[33442   137]
  [  234  1138]]]

===scores report===
metrics	scores
Accuracy	0.6605
MCC	0.5916
log_loss	0.9832
f1 score weighted	0.6624
f1 score macro	0.6502
f1 score micro	0.6605
roc_auc ovr	0.9115
roc_auc ovo	0.9202
precision	0.6747
recall	0.6605

===Callbacks===

generate_callbacks
[<tensorflow.python.keras.callbacks.EarlyStopping object at 0x7f8050611e20>, <tensorflow.python.keras.callbacks.ReduceLROnPlateau object at 0x7f8050611ca0>, <tensorflow.python.keras.callbacks.ModelCheckpoint object at 0x7f8050611cd0>]
===SCORING TEST SET ===

model_complete_evaluate
{'self': <deep_ml.DeepML object at 0x7f8050611d00>, 'x_test': array([[[1, 0, 0, ..., 0, 0, 0],
        [1, 0, 0, ..., 0, 0, 0],
        [1, 0, 0, ..., 0, 0, 0],
        ...,
        [0, 0, 0, ..., 0, 0, 0],
        [1, 0, 0, ..., 0, 0, 0],
        [0, 0, 0, ..., 0, 0, 0]],

       [[1, 0, 0, ..., 0, 0, 0],
        [1, 0, 0, ..., 0, 0, 0],
        [1, 0, 0, ..., 0, 0, 0],
        ...,
        [0, 0, 0, ..., 0, 0, 0],
        [0, 0, 0, ..., 0, 0, 0],
        [1, 0, 0, ..., 0, 0, 0]],

       [[1, 0, 0, ..., 0, 0, 0],
        [1, 0, 0, ..., 0, 0, 0],
        [1, 0, 0, ..., 0, 0, 0],
        ...,
        [0, 0, 0, ..., 0, 0, 0],
        [0, 0, 0, ..., 1, 0, 0],
        [0, 0, 0, ..., 0, 0, 0]],

       ...,

       [[0, 0, 0, ..., 0, 0, 0],
        [0, 0, 0, ..., 0, 0, 0],
        [0, 0, 0, ..., 0, 0, 0],
        ...,
        [0, 0, 0, ..., 0, 0, 0],
        [0, 0, 0, ..., 0, 0, 0],
        [0, 1, 0, ..., 0, 0, 0]],

       [[0, 0, 0, ..., 0, 0, 0],
        [0, 0, 0, ..., 0, 0, 0],
        [1, 0, 0, ..., 0, 0, 0],
        ...,
        [0, 0, 0, ..., 0, 0, 0],
        [0, 0, 0, ..., 0, 0, 0],
        [1, 0, 0, ..., 0, 0, 0]],

       [[0, 0, 0, ..., 0, 0, 0],
        [0, 0, 0, ..., 0, 0, 0],
        [1, 0, 0, ..., 0, 0, 0],
        ...,
        [0, 1, 0, ..., 0, 0, 0],
        [0, 0, 1, ..., 0, 0, 0],
        [0, 0, 0, ..., 0, 0, 0]]], dtype=int8), 'y_test': array([2., 2., 1., ..., 0., 0., 0.], dtype=float32), 'model': None}
report

              precision    recall  f1-score   support

         0.0       0.74      0.81      0.77      4542
         1.0       0.78      0.90      0.84      3813
         2.0       0.92      0.87      0.90     10868
         3.0       0.87      0.83      0.85      6897
         4.0       0.92      0.85      0.88      2585
         5.0       0.90      0.87      0.88      1616
         6.0       0.93      0.96      0.95      3258
         7.0       0.96      0.96      0.96      1372

    accuracy                           0.87     34951
   macro avg       0.88      0.88      0.88     34951
weighted avg       0.87      0.87      0.87     34951


===confusion_matrix===

[[3664  187  285  307   28   20   29   22]
 [  98 3444   88  111   27   16   23    6]
 [ 551  310 9494  291   60   61   92    9]
 [ 495  258  252 5758   43   35   46   10]
 [  60  115   80   96 2196   21   15    2]
 [  41   54   40   43   20 1400   18    0]
 [  22   31   31   19    3    9 3143    0]
 [  29    5    7    9    1    0    4 1317]]

===multilabel confusion matrix===

[[[29113  1296]
  [  878  3664]]

 [[30178   960]
  [  369  3444]]

 [[23300   783]
  [ 1374  9494]]

 [[27178   876]
  [ 1139  5758]]

 [[32184   182]
  [  389  2196]]

 [[33173   162]
  [  216  1400]]

 [[31466   227]
  [  115  3143]]

 [[33530    49]
  [   55  1317]]]

===scores report===
metrics	scores
Accuracy	0.8702
MCC	0.8424
log_loss	0.4113
f1 score weighted	0.8712
f1 score macro	0.8794
f1 score micro	0.8702
roc_auc ovr	0.9826
roc_auc ovo	0.9856
precision	0.8744
recall	0.8702

===Callbacks===

generate_callbacks
[<tensorflow.python.keras.callbacks.EarlyStopping object at 0x7f8050611e20>, <tensorflow.python.keras.callbacks.ReduceLROnPlateau object at 0x7f8050611ca0>, <tensorflow.python.keras.callbacks.ModelCheckpoint object at 0x7f8050611cd0>]
===SCORING TEST SET ===

model_complete_evaluate
{'self': <deep_ml.DeepML object at 0x7f8050611d00>, 'x_test': array([[[1, 0, 0, ..., 0, 0, 0],
        [1, 0, 0, ..., 0, 0, 0],
        [1, 0, 0, ..., 0, 0, 0],
        ...,
        [0, 0, 0, ..., 0, 0, 0],
        [0, 0, 0, ..., 0, 0, 0],
        [1, 0, 0, ..., 0, 0, 0]],

       [[1, 0, 0, ..., 0, 0, 0],
        [1, 0, 0, ..., 0, 0, 0],
        [1, 0, 0, ..., 0, 0, 0],
        ...,
        [0, 0, 0, ..., 0, 0, 0],
        [1, 0, 0, ..., 0, 0, 0],
        [0, 0, 0, ..., 0, 0, 0]],

       [[1, 0, 0, ..., 0, 0, 0],
        [1, 0, 0, ..., 0, 0, 0],
        [1, 0, 0, ..., 0, 0, 0],
        ...,
        [0, 0, 0, ..., 0, 0, 0],
        [0, 0, 0, ..., 0, 0, 0],
        [0, 1, 0, ..., 0, 0, 0]],

       ...,

       [[1, 0, 0, ..., 0, 0, 0],
        [1, 0, 0, ..., 0, 0, 0],
        [1, 0, 0, ..., 0, 0, 0],
        ...,
        [0, 0, 0, ..., 0, 0, 0],
        [0, 0, 0, ..., 0, 0, 0],
        [0, 0, 0, ..., 0, 0, 0]],

       [[1, 0, 0, ..., 0, 0, 0],
        [1, 0, 0, ..., 0, 0, 0],
        [1, 0, 0, ..., 0, 0, 0],
        ...,
        [1, 0, 0, ..., 0, 0, 0],
        [1, 0, 0, ..., 0, 0, 0],
        [0, 0, 0, ..., 0, 0, 1]],

       [[0, 0, 0, ..., 0, 0, 0],
        [0, 0, 0, ..., 0, 0, 0],
        [1, 0, 0, ..., 0, 0, 0],
        ...,
        [0, 0, 1, ..., 0, 0, 0],
        [0, 0, 0, ..., 0, 0, 0],
        [0, 0, 0, ..., 0, 0, 0]]], dtype=int8), 'y_test': array([2., 2., 2., ..., 0., 0., 0.], dtype=float32), 'model': None}
report

              precision    recall  f1-score   support

         0.0       0.76      0.75      0.75      4542
         1.0       0.85      0.88      0.86      3813
         2.0       0.90      0.88      0.89     10868
         3.0       0.84      0.85      0.84      6897
         4.0       0.86      0.87      0.86      2585
         5.0       0.85      0.89      0.87      1616
         6.0       0.97      0.95      0.96      3258
         7.0       0.93      0.94      0.93      1372

    accuracy                           0.87     34951
   macro avg       0.87      0.88      0.87     34951
weighted avg       0.87      0.87      0.87     34951


===confusion_matrix===

[[3404  136  385  467   39   46   10   55]
 [  82 3350  130  144   61   27    8   11]
 [ 490  169 9602  336  131   82   41   17]
 [ 388  143  336 5844  102   40   31   13]
 [  46   65   89   83 2251   43    3    5]
 [  26   21   51   49   29 1431    8    1]
 [  16   33   64   20   10   20 3094    1]
 [  24   18   16   24    1    0    2 1287]]

===multilabel confusion matrix===

[[[29337  1072]
  [ 1138  3404]]

 [[30553   585]
  [  463  3350]]

 [[23012  1071]
  [ 1266  9602]]

 [[26931  1123]
  [ 1053  5844]]

 [[31993   373]
  [  334  2251]]

 [[33077   258]
  [  185  1431]]

 [[31590   103]
  [  164  3094]]

 [[33476   103]
  [   85  1287]]]

===scores report===
metrics	scores
Accuracy	0.8659
MCC	0.8362
log_loss	0.4171
f1 score weighted	0.8659
f1 score macro	0.8719
f1 score micro	0.8659
roc_auc ovr	0.9809
roc_auc ovo	0.9842
precision	0.8662
recall	0.8659

===TRAIN MODELS with CV===

train_model_cv	Accuracy	MCC	log_loss	f1 score weighted	f1 score macro	f1 score micro	roc_auc ovr	roc_auc ovo	precision	recall
0	0.8428416113527123	0.8071572989942246	0.486299942332466	0.8417573573435749	0.854527642796123	0.8428416113527124	0.9774758027327917	0.9805998188574598	0.847966564036693	0.8428416113527123
1	0.8674143801321851	0.8383173795746354	0.42747552091859387	0.8683495967002293	0.8723980515815577	0.867414380132185	0.982034689099444	0.9849752339209211	0.8722108395730942	0.8674143801321851
2	0.6604675116591799	0.5916301003666207	0.9832205715422869	0.662381132419088	0.6502124119139432	0.6604675116591799	0.9114878251001798	0.9202239590570367	0.6746578155279215	0.6604675116591799
3	0.870246917112529	0.842442035821886	0.4112811573140988	0.8712065819888788	0.879370456467967	0.8702469171125289	0.9825951354842924	0.9855535792052538	0.8743720365520273	0.870246917112529
4	0.8658693599610884	0.8362395822089432	0.4170678472699538	0.8659257068850148	0.8718792441991354	0.8658693599610884	0.9809118820924663	0.9841713060396948	0.8661585988186625	0.8658693599610884
mean	0.821367956043539	0.783157279393262	0.5450690078754798	0.8219240750673571	0.8256775613917453	0.821367956043539	0.9669010669018349	0.9711047794160732	0.8270731709016796	0.821367956043539
std	0.08104304021023591	0.09657506004739093	0.22069993659144652	0.08045812300158117	0.08811432636953409	0.0810430402102359	0.0277635936314451	0.025498647399133646	0.07677139692718496	0.08104304021023591

Accuracy
MCC
log_loss
f1 score weighted
f1 score macro
f1 score micro
roc_auc ovr
roc_auc ovo
precision
recallFinished train_model_cv in 83935.7157 secs

