/home/amsequeira/enzymeClassification/models/cv_len_pad/64_64_32_1000_pre_eliminate_cv
self
x_train
y_train
x_test
y_test
number_classes
problem_type
x_dval
y_dval
model
epochs
batch_size
callbacks
reduce_lr
early_stopping
checkpoint
tensorboard
early_stopping_patience
reduce_lr_patience
reduce_lr_factor
reduce_lr_min
path
report_name
verbose
validation_split
shuffle
class_weights
===Callbacks===

generate_callbacks
[<tensorflow.python.keras.callbacks.EarlyStopping object at 0x7fbd7851d310>, <tensorflow.python.keras.callbacks.ReduceLROnPlateau object at 0x7fbd7851d370>, <tensorflow.python.keras.callbacks.ModelCheckpoint object at 0x7fbd7851d3d0>]
===SCORING TEST SET ===

model_complete_evaluate
{'self': <deep_ml.DeepML object at 0x7fbd7851d1c0>, 'x_test': array([[[1, 0, 0, ..., 0, 0, 0],
        [1, 0, 0, ..., 0, 0, 0],
        [1, 0, 0, ..., 0, 0, 0],
        ...,
        [0, 0, 0, ..., 0, 0, 1],
        [0, 0, 0, ..., 0, 0, 0],
        [0, 0, 0, ..., 0, 0, 0]],

       [[1, 0, 0, ..., 0, 0, 0],
        [1, 0, 0, ..., 0, 0, 0],
        [1, 0, 0, ..., 0, 0, 0],
        ...,
        [0, 0, 0, ..., 0, 0, 0],
        [1, 0, 0, ..., 0, 0, 0],
        [0, 0, 0, ..., 0, 0, 0]],

       [[1, 0, 0, ..., 0, 0, 0],
        [1, 0, 0, ..., 0, 0, 0],
        [1, 0, 0, ..., 0, 0, 0],
        ...,
        [0, 0, 0, ..., 0, 0, 0],
        [1, 0, 0, ..., 0, 0, 0],
        [0, 0, 0, ..., 0, 0, 0]],

       ...,

       [[1, 0, 0, ..., 0, 0, 0],
        [1, 0, 0, ..., 0, 0, 0],
        [1, 0, 0, ..., 0, 0, 0],
        ...,
        [0, 0, 0, ..., 0, 0, 0],
        [0, 0, 0, ..., 0, 0, 0],
        [0, 0, 0, ..., 0, 0, 0]],

       [[1, 0, 0, ..., 0, 0, 0],
        [1, 0, 0, ..., 0, 0, 0],
        [1, 0, 0, ..., 0, 0, 0],
        ...,
        [0, 0, 0, ..., 0, 0, 0],
        [0, 0, 0, ..., 0, 0, 0],
        [0, 0, 0, ..., 0, 0, 0]],

       [[1, 0, 0, ..., 0, 0, 0],
        [1, 0, 0, ..., 0, 0, 0],
        [1, 0, 0, ..., 0, 0, 0],
        ...,
        [0, 0, 0, ..., 0, 0, 0],
        [0, 0, 0, ..., 0, 0, 0],
        [0, 0, 0, ..., 0, 0, 0]]], dtype=int8), 'y_test': array([2., 2., 2., ..., 0., 0., 0.], dtype=float32), 'model': None}
report

              precision    recall  f1-score   support

         0.0       0.77      0.76      0.76      4012
         1.0       0.70      0.90      0.79      3759
         2.0       0.77      0.94      0.85     10357
         3.0       0.96      0.58      0.72      6575
         4.0       0.95      0.75      0.84      2560
         5.0       0.96      0.77      0.85      1602
         6.0       0.92      0.96      0.94      3171
         7.0       0.93      0.95      0.94      1330

    accuracy                           0.82     33366
   macro avg       0.87      0.83      0.84     33366
weighted avg       0.84      0.82      0.82     33366


===confusion_matrix===

[[3034  218  619   71    1   10   22   37]
 [  64 3399  235   12    7    5   22   15]
 [ 187  277 9769   30   12    5   60   17]
 [ 541  591 1441 3808   44   20  106   24]
 [  51  217  319   20 1919   15   19    0]
 [  39   91  156    7   29 1235   44    1]
 [  10   32   88    0    0    0 3041    0]
 [  25   18   21    1    0    0    2 1263]]

===multilabel confusion matrix===

[[[28437   917]
  [  978  3034]]

 [[28163  1444]
  [  360  3399]]

 [[20130  2879]
  [  588  9769]]

 [[26650   141]
  [ 2767  3808]]

 [[30713    93]
  [  641  1919]]

 [[31709    55]
  [  367  1235]]

 [[29920   275]
  [  130  3041]]

 [[31942    94]
  [   67  1263]]]

===scores report===
metrics	scores
Accuracy	0.8232
MCC	0.7881
log_loss	0.5980
f1 score weighted	0.8189
f1 score macro	0.8371
f1 score micro	0.8232
roc_auc ovr	0.9789
roc_auc ovo	0.9818
precision	0.8446
recall	0.8232

===Callbacks===

generate_callbacks
[<tensorflow.python.keras.callbacks.EarlyStopping object at 0x7fbd7851d310>, <tensorflow.python.keras.callbacks.ReduceLROnPlateau object at 0x7fbd7851d370>, <tensorflow.python.keras.callbacks.ModelCheckpoint object at 0x7fbd7851d3d0>]
===SCORING TEST SET ===

model_complete_evaluate
{'self': <deep_ml.DeepML object at 0x7fbd7851d1c0>, 'x_test': array([[[1, 0, 0, ..., 0, 0, 0],
        [1, 0, 0, ..., 0, 0, 0],
        [1, 0, 0, ..., 0, 0, 0],
        ...,
        [0, 0, 0, ..., 0, 0, 0],
        [0, 0, 0, ..., 0, 0, 0],
        [0, 0, 0, ..., 0, 0, 1]],

       [[1, 0, 0, ..., 0, 0, 0],
        [1, 0, 0, ..., 0, 0, 0],
        [1, 0, 0, ..., 0, 0, 0],
        ...,
        [0, 0, 0, ..., 0, 0, 0],
        [0, 0, 0, ..., 1, 0, 0],
        [0, 0, 0, ..., 0, 0, 1]],

       [[1, 0, 0, ..., 0, 0, 0],
        [1, 0, 0, ..., 0, 0, 0],
        [1, 0, 0, ..., 0, 0, 0],
        ...,
        [0, 0, 0, ..., 0, 0, 0],
        [0, 0, 0, ..., 1, 0, 0],
        [0, 0, 0, ..., 0, 0, 0]],

       ...,

       [[1, 0, 0, ..., 0, 0, 0],
        [1, 0, 0, ..., 0, 0, 0],
        [1, 0, 0, ..., 0, 0, 0],
        ...,
        [0, 0, 0, ..., 0, 0, 0],
        [0, 0, 0, ..., 0, 0, 0],
        [0, 0, 0, ..., 0, 0, 0]],

       [[1, 0, 0, ..., 0, 0, 0],
        [1, 0, 0, ..., 0, 0, 0],
        [1, 0, 0, ..., 0, 0, 0],
        ...,
        [0, 0, 0, ..., 1, 0, 0],
        [0, 0, 1, ..., 0, 0, 0],
        [0, 0, 0, ..., 0, 0, 1]],

       [[1, 0, 0, ..., 0, 0, 0],
        [1, 0, 0, ..., 0, 0, 0],
        [1, 0, 0, ..., 0, 0, 0],
        ...,
        [0, 0, 0, ..., 0, 0, 0],
        [0, 1, 0, ..., 0, 0, 0],
        [0, 1, 0, ..., 0, 0, 0]]], dtype=int8), 'y_test': array([2., 1., 1., ..., 0., 0., 0.], dtype=float32), 'model': None}
report

              precision    recall  f1-score   support

         0.0       0.89      0.67      0.76      4012
         1.0       0.82      0.88      0.85      3759
         2.0       0.94      0.87      0.90     10357
         3.0       0.82      0.86      0.84      6575
         4.0       0.69      0.91      0.78      2560
         5.0       0.76      0.89      0.82      1601
         6.0       0.93      0.97      0.95      3170
         7.0       0.96      0.95      0.96      1331

    accuracy                           0.86     33365
   macro avg       0.85      0.87      0.86     33365
weighted avg       0.87      0.86      0.86     33365


===confusion_matrix===

[[2668  201  223  582  159  111   38   30]
 [  26 3318   62  111  157   57   18   10]
 [ 128  249 8962  391  417  114   94    2]
 [ 126  161  184 5679  244  123   52    6]
 [  16   53   55   73 2321   30   12    0]
 [  13   25   17   53   47 1427   18    1]
 [   3   10   17   21   35   18 3066    0]
 [  19   16    5   14    6    5    1 1265]]

===multilabel confusion matrix===

[[[29022   331]
  [ 1344  2668]]

 [[28891   715]
  [  441  3318]]

 [[22445   563]
  [ 1395  8962]]

 [[25545  1245]
  [  896  5679]]

 [[29740  1065]
  [  239  2321]]

 [[31306   458]
  [  174  1427]]

 [[29962   233]
  [  104  3066]]

 [[31985    49]
  [   66  1265]]]

===scores report===
metrics	scores
Accuracy	0.8604
MCC	0.8319
log_loss	0.4568
f1 score weighted	0.8605
f1 score macro	0.8574
f1 score micro	0.8604
roc_auc ovr	0.9832
roc_auc ovo	0.9858
precision	0.8690
recall	0.8604

===Callbacks===

generate_callbacks
[<tensorflow.python.keras.callbacks.EarlyStopping object at 0x7fbd7851d310>, <tensorflow.python.keras.callbacks.ReduceLROnPlateau object at 0x7fbd7851d370>, <tensorflow.python.keras.callbacks.ModelCheckpoint object at 0x7fbd7851d3d0>]
===SCORING TEST SET ===

model_complete_evaluate
{'self': <deep_ml.DeepML object at 0x7fbd7851d1c0>, 'x_test': array([[[1, 0, 0, ..., 0, 0, 0],
        [1, 0, 0, ..., 0, 0, 0],
        [1, 0, 0, ..., 0, 0, 0],
        ...,
        [0, 0, 0, ..., 0, 0, 0],
        [0, 0, 0, ..., 0, 0, 0],
        [0, 0, 0, ..., 0, 0, 0]],

       [[1, 0, 0, ..., 0, 0, 0],
        [1, 0, 0, ..., 0, 0, 0],
        [1, 0, 0, ..., 0, 0, 0],
        ...,
        [0, 0, 0, ..., 0, 0, 0],
        [0, 0, 0, ..., 0, 0, 0],
        [0, 1, 0, ..., 0, 0, 0]],

       [[1, 0, 0, ..., 0, 0, 0],
        [1, 0, 0, ..., 0, 0, 0],
        [1, 0, 0, ..., 0, 0, 0],
        ...,
        [0, 0, 0, ..., 0, 0, 0],
        [1, 0, 0, ..., 0, 0, 0],
        [0, 0, 0, ..., 0, 0, 0]],

       ...,

       [[1, 0, 0, ..., 0, 0, 0],
        [1, 0, 0, ..., 0, 0, 0],
        [1, 0, 0, ..., 0, 0, 0],
        ...,
        [0, 0, 0, ..., 0, 0, 0],
        [0, 0, 0, ..., 0, 1, 0],
        [0, 0, 0, ..., 0, 0, 0]],

       [[1, 0, 0, ..., 0, 0, 0],
        [1, 0, 0, ..., 0, 0, 0],
        [1, 0, 0, ..., 0, 0, 0],
        ...,
        [0, 0, 0, ..., 0, 0, 0],
        [0, 0, 0, ..., 0, 0, 0],
        [0, 0, 0, ..., 0, 1, 0]],

       [[1, 0, 0, ..., 0, 0, 0],
        [1, 0, 0, ..., 0, 0, 0],
        [1, 0, 0, ..., 0, 0, 0],
        ...,
        [0, 0, 0, ..., 0, 0, 0],
        [0, 0, 0, ..., 0, 0, 0],
        [1, 0, 0, ..., 0, 0, 0]]], dtype=int8), 'y_test': array([2., 2., 2., ..., 0., 0., 0.], dtype=float32), 'model': None}
report

              precision    recall  f1-score   support

         0.0       0.82      0.82      0.82      4011
         1.0       0.91      0.90      0.90      3759
         2.0       0.92      0.93      0.92     10357
         3.0       0.87      0.87      0.87      6575
         4.0       0.93      0.86      0.89      2560
         5.0       0.89      0.91      0.90      1602
         6.0       0.95      0.97      0.96      3170
         7.0       0.95      0.97      0.96      1331

    accuracy                           0.90     33365
   macro avg       0.91      0.90      0.90     33365
weighted avg       0.90      0.90      0.90     33365


===confusion_matrix===

[[3304   69  237  309   28   27   14   23]
 [  79 3383  122   87   27   25   22   14]
 [ 252  102 9607  253   42   34   61    6]
 [ 292   79  301 5749   43   45   47   19]
 [  44   56  113  112 2193   34    5    3]
 [  28   22   38   40   14 1450   10    0]
 [  17   12   26   17    0    8 3090    0]
 [  16   10    5   11    0    1    1 1287]]

===multilabel confusion matrix===

[[[28626   728]
  [  707  3304]]

 [[29256   350]
  [  376  3383]]

 [[22166   842]
  [  750  9607]]

 [[25961   829]
  [  826  5749]]

 [[30651   154]
  [  367  2193]]

 [[31589   174]
  [  152  1450]]

 [[30035   160]
  [   80  3090]]

 [[31969    65]
  [   44  1287]]]

===scores report===
metrics	scores
Accuracy	0.9010
MCC	0.8791
log_loss	0.3479
f1 score weighted	0.9009
f1 score macro	0.9046
f1 score micro	0.9010
roc_auc ovr	0.9889
roc_auc ovo	0.9904
precision	0.9011
recall	0.9010

===Callbacks===

generate_callbacks
[<tensorflow.python.keras.callbacks.EarlyStopping object at 0x7fbd7851d310>, <tensorflow.python.keras.callbacks.ReduceLROnPlateau object at 0x7fbd7851d370>, <tensorflow.python.keras.callbacks.ModelCheckpoint object at 0x7fbd7851d3d0>]
===SCORING TEST SET ===

model_complete_evaluate
{'self': <deep_ml.DeepML object at 0x7fbd7851d1c0>, 'x_test': array([[[1, 0, 0, ..., 0, 0, 0],
        [1, 0, 0, ..., 0, 0, 0],
        [1, 0, 0, ..., 0, 0, 0],
        ...,
        [0, 0, 0, ..., 0, 0, 0],
        [0, 0, 0, ..., 0, 0, 0],
        [1, 0, 0, ..., 0, 0, 0]],

       [[1, 0, 0, ..., 0, 0, 0],
        [1, 0, 0, ..., 0, 0, 0],
        [1, 0, 0, ..., 0, 0, 0],
        ...,
        [0, 0, 0, ..., 0, 0, 0],
        [0, 0, 0, ..., 1, 0, 0],
        [0, 0, 0, ..., 0, 0, 0]],

       [[1, 0, 0, ..., 0, 0, 0],
        [1, 0, 0, ..., 0, 0, 0],
        [1, 0, 0, ..., 0, 0, 0],
        ...,
        [0, 0, 1, ..., 0, 0, 0],
        [0, 0, 0, ..., 0, 0, 0],
        [0, 0, 0, ..., 0, 0, 0]],

       ...,

       [[1, 0, 0, ..., 0, 0, 0],
        [1, 0, 0, ..., 0, 0, 0],
        [1, 0, 0, ..., 0, 0, 0],
        ...,
        [1, 0, 0, ..., 0, 0, 0],
        [0, 0, 0, ..., 0, 0, 0],
        [0, 0, 0, ..., 0, 0, 0]],

       [[1, 0, 0, ..., 0, 0, 0],
        [1, 0, 0, ..., 0, 0, 0],
        [1, 0, 0, ..., 0, 0, 0],
        ...,
        [0, 0, 0, ..., 0, 0, 0],
        [0, 0, 0, ..., 0, 0, 0],
        [0, 0, 0, ..., 0, 0, 0]],

       [[1, 0, 0, ..., 0, 0, 0],
        [1, 0, 0, ..., 0, 0, 0],
        [1, 0, 0, ..., 0, 0, 0],
        ...,
        [0, 0, 1, ..., 0, 0, 0],
        [0, 0, 0, ..., 0, 0, 0],
        [0, 0, 0, ..., 0, 0, 0]]], dtype=int8), 'y_test': array([2., 2., 4., ..., 0., 0., 0.], dtype=float32), 'model': None}
report

              precision    recall  f1-score   support

         0.0       0.80      0.78      0.79      4012
         1.0       0.81      0.91      0.86      3759
         2.0       0.90      0.92      0.91     10357
         3.0       0.91      0.78      0.84      6574
         4.0       0.88      0.86      0.87      2560
         5.0       0.80      0.88      0.84      1602
         6.0       0.93      0.97      0.95      3170
         7.0       0.97      0.95      0.96      1331

    accuracy                           0.88     33365
   macro avg       0.87      0.88      0.88     33365
weighted avg       0.88      0.88      0.87     33365


===confusion_matrix===

[[3127  172  360  194   40   57   39   23]
 [  66 3428  133   62   34   13   16    7]
 [ 210  186 9545  141   87  104   79    5]
 [ 416  295  390 5141  128  120   78    6]
 [  43   82  106   53 2209   56   10    1]
 [  23   50   64   28    9 1408   20    0]
 [  12   26   28   10    6    7 3078    3]
 [  31   11    5    8    7    2    5 1262]]

===multilabel confusion matrix===

[[[28552   801]
  [  885  3127]]

 [[28784   822]
  [  331  3428]]

 [[21922  1086]
  [  812  9545]]

 [[26295   496]
  [ 1433  5141]]

 [[30494   311]
  [  351  2209]]

 [[31404   359]
  [  194  1408]]

 [[29948   247]
  [   92  3078]]

 [[31989    45]
  [   69  1262]]]

===scores report===
metrics	scores
Accuracy	0.8751
MCC	0.8483
log_loss	0.4042
f1 score weighted	0.8745
f1 score macro	0.8757
f1 score micro	0.8751
roc_auc ovr	0.9849
roc_auc ovo	0.9869
precision	0.8770
recall	0.8751

===Callbacks===

generate_callbacks
[<tensorflow.python.keras.callbacks.EarlyStopping object at 0x7fbd7851d310>, <tensorflow.python.keras.callbacks.ReduceLROnPlateau object at 0x7fbd7851d370>, <tensorflow.python.keras.callbacks.ModelCheckpoint object at 0x7fbd7851d3d0>]
===SCORING TEST SET ===

model_complete_evaluate
{'self': <deep_ml.DeepML object at 0x7fbd7851d1c0>, 'x_test': array([[[1, 0, 0, ..., 0, 0, 0],
        [1, 0, 0, ..., 0, 0, 0],
        [1, 0, 0, ..., 0, 0, 0],
        ...,
        [0, 0, 0, ..., 0, 0, 0],
        [0, 0, 0, ..., 0, 0, 0],
        [0, 0, 0, ..., 0, 0, 0]],

       [[1, 0, 0, ..., 0, 0, 0],
        [1, 0, 0, ..., 0, 0, 0],
        [1, 0, 0, ..., 0, 0, 0],
        ...,
        [0, 0, 0, ..., 0, 1, 0],
        [0, 0, 0, ..., 0, 0, 0],
        [0, 0, 0, ..., 0, 0, 0]],

       [[1, 0, 0, ..., 0, 0, 0],
        [1, 0, 0, ..., 0, 0, 0],
        [1, 0, 0, ..., 0, 0, 0],
        ...,
        [0, 0, 0, ..., 0, 0, 0],
        [0, 0, 0, ..., 0, 0, 0],
        [1, 0, 0, ..., 0, 0, 0]],

       ...,

       [[1, 0, 0, ..., 0, 0, 0],
        [1, 0, 0, ..., 0, 0, 0],
        [1, 0, 0, ..., 0, 0, 0],
        ...,
        [0, 0, 0, ..., 0, 0, 0],
        [0, 0, 0, ..., 0, 0, 0],
        [0, 0, 0, ..., 0, 0, 0]],

       [[1, 0, 0, ..., 0, 0, 0],
        [1, 0, 0, ..., 0, 0, 0],
        [1, 0, 0, ..., 0, 0, 0],
        ...,
        [1, 0, 0, ..., 0, 0, 0],
        [1, 0, 0, ..., 0, 0, 0],
        [0, 0, 0, ..., 0, 0, 1]],

       [[1, 0, 0, ..., 0, 0, 0],
        [1, 0, 0, ..., 0, 0, 0],
        [1, 0, 0, ..., 0, 0, 0],
        ...,
        [0, 0, 0, ..., 0, 0, 0],
        [0, 0, 0, ..., 0, 0, 1],
        [0, 0, 0, ..., 0, 0, 0]]], dtype=int8), 'y_test': array([2., 2., 2., ..., 0., 0., 0.], dtype=float32), 'model': None}
report

              precision    recall  f1-score   support

         0.0       0.81      0.77      0.79      4012
         1.0       0.82      0.90      0.86      3759
         2.0       0.91      0.90      0.91     10357
         3.0       0.90      0.80      0.84      6574
         4.0       0.77      0.91      0.84      2560
         5.0       0.79      0.88      0.83      1602
         6.0       0.96      0.96      0.96      3170
         7.0       0.95      0.96      0.95      1331

    accuracy                           0.87     33365
   macro avg       0.86      0.89      0.87     33365
weighted avg       0.88      0.87      0.87     33365


===confusion_matrix===

[[3101  127  285  273   85   87    8   46]
 [  64 3383   96   85   71   48    7    5]
 [ 264  226 9351  155  227   65   61    8]
 [ 303  246  347 5259  245  118   49    7]
 [  27   60   50   59 2326   31    7    0]
 [  39   33   40   18   47 1415    7    3]
 [   7   31   47   22    9   25 3029    0]
 [  15   16   11    4    1    5    1 1278]]

===multilabel confusion matrix===

[[[28634   719]
  [  911  3101]]

 [[28867   739]
  [  376  3383]]

 [[22132   876]
  [ 1006  9351]]

 [[26175   616]
  [ 1315  5259]]

 [[30120   685]
  [  234  2326]]

 [[31384   379]
  [  187  1415]]

 [[30055   140]
  [  141  3029]]

 [[31965    69]
  [   53  1278]]]

===scores report===
metrics	scores
Accuracy	0.8734
MCC	0.8465
log_loss	0.4073
f1 score weighted	0.8734
f1 score macro	0.8728
f1 score micro	0.8734
roc_auc ovr	0.9851
roc_auc ovo	0.9876
precision	0.8761
recall	0.8734

===TRAIN MODELS with CV===

train_model_cv	Accuracy	MCC	log_loss	f1 score weighted	f1 score macro	f1 score micro	roc_auc ovr	roc_auc ovo	precision	recall
0	0.8232332314331955	0.7881242702951071	0.5980102287417741	0.8188820161890293	0.8370582051531662	0.8232332314331955	0.9789295904541387	0.9818206488277451	0.8445735168438536	0.8232332314331955
1	0.8603626554772966	0.8318941263252942	0.4567592678929275	0.8605225152958195	0.8574338086620769	0.8603626554772966	0.9831631082575742	0.9857705488776111	0.8689833832092473	0.8603626554772966
2	0.9010340176832009	0.8790741850372699	0.3479488753659344	0.9009155699661392	0.9046374117606053	0.9010340176832009	0.9888690610022405	0.9903900414162282	0.9011081864192833	0.9010340176832009
3	0.8751086467855538	0.8482633589829631	0.40421585442006963	0.8744872108452602	0.8756777832054182	0.8751086467855537	0.9848912876973255	0.986855668548814	0.8769864754239466	0.8751086467855538
4	0.8734302412707927	0.8465130731852706	0.40732938040953565	0.8734028213263902	0.8727929557281419	0.8734302412707927	0.9851195413422881	0.9875605664432902	0.8760813548994875	0.8734302412707927
mean	0.8666337585300079	0.838773802765181	0.4428527213660482	0.8656420267245277	0.8695200329018817	0.8666337585300079	0.9841945177507135	0.9864794948227378	0.8735465833591636	0.8666337585300079
std	0.025394197070100433	0.029620175159768437	0.08488662952088498	0.026815659791802195	0.022278722080481223	0.025394197070100426	0.0032241518759085577	0.002786038317718703	0.018100614720673782	0.025394197070100433

Accuracy
MCC
log_loss
f1 score weighted
f1 score macro
f1 score micro
roc_auc ovr
roc_auc ovo
precision
recallFinished train_model_cv in 137779.6379 secs

