/home/amsequeira/enzymeClassification/models/cv_len_pad/64_64_32_900_pre_middle_cv
self
x_train
y_train
x_test
y_test
number_classes
problem_type
x_dval
y_dval
model
epochs
batch_size
callbacks
reduce_lr
early_stopping
checkpoint
tensorboard
early_stopping_patience
reduce_lr_patience
reduce_lr_factor
reduce_lr_min
path
report_name
verbose
validation_split
shuffle
class_weights
===Callbacks===

generate_callbacks
[<tensorflow.python.keras.callbacks.EarlyStopping object at 0x7ff16435a280>, <tensorflow.python.keras.callbacks.ReduceLROnPlateau object at 0x7ff16435a430>, <tensorflow.python.keras.callbacks.ModelCheckpoint object at 0x7ff16435a490>]
===SCORING TEST SET ===

model_complete_evaluate
{'self': <deep_ml.DeepML object at 0x7ff16435a250>, 'x_test': array([[[1, 0, 0, ..., 0, 0, 0],
        [1, 0, 0, ..., 0, 0, 0],
        [1, 0, 0, ..., 0, 0, 0],
        ...,
        [0, 0, 0, ..., 0, 0, 0],
        [0, 0, 0, ..., 1, 0, 0],
        [0, 0, 0, ..., 0, 0, 0]],

       [[1, 0, 0, ..., 0, 0, 0],
        [1, 0, 0, ..., 0, 0, 0],
        [1, 0, 0, ..., 0, 0, 0],
        ...,
        [0, 0, 0, ..., 0, 1, 0],
        [0, 0, 0, ..., 0, 0, 0],
        [0, 0, 0, ..., 0, 0, 0]],

       [[1, 0, 0, ..., 0, 0, 0],
        [1, 0, 0, ..., 0, 0, 0],
        [1, 0, 0, ..., 0, 0, 0],
        ...,
        [0, 0, 0, ..., 0, 0, 0],
        [0, 0, 0, ..., 1, 0, 0],
        [1, 0, 0, ..., 0, 0, 0]],

       ...,

       [[1, 0, 0, ..., 0, 0, 0],
        [1, 0, 0, ..., 0, 0, 0],
        [1, 0, 0, ..., 0, 0, 0],
        ...,
        [0, 0, 0, ..., 0, 0, 0],
        [0, 0, 0, ..., 0, 0, 0],
        [0, 0, 0, ..., 0, 0, 0]],

       [[1, 0, 0, ..., 0, 0, 0],
        [1, 0, 0, ..., 0, 0, 0],
        [1, 0, 0, ..., 0, 0, 0],
        ...,
        [0, 0, 0, ..., 0, 0, 0],
        [0, 0, 0, ..., 0, 0, 0],
        [0, 0, 0, ..., 0, 0, 0]],

       [[0, 0, 0, ..., 0, 0, 0],
        [0, 0, 0, ..., 0, 0, 0],
        [0, 0, 0, ..., 0, 0, 0],
        ...,
        [0, 0, 0, ..., 0, 0, 1],
        [0, 1, 0, ..., 0, 0, 0],
        [0, 0, 0, ..., 0, 0, 0]]], dtype=int8), 'y_test': array([2., 2., 1., ..., 0., 0., 0.], dtype=float32), 'model': None}
report

              precision    recall  f1-score   support

         0.0       0.75      0.83      0.79      4541
         1.0       0.82      0.90      0.86      3813
         2.0       0.85      0.92      0.89     10869
         3.0       0.95      0.73      0.83      6897
         4.0       0.85      0.88      0.86      2585
         5.0       0.85      0.84      0.85      1617
         6.0       0.99      0.94      0.96      3258
         7.0       0.97      0.93      0.95      1372

    accuracy                           0.87     34952
   macro avg       0.88      0.87      0.87     34952
weighted avg       0.87      0.87      0.86     34952


===confusion_matrix===

[[ 3750   118   456    98    46    46     8    19]
 [   87  3426   167    41    68    13     5     6]
 [  375   207 10038    91   104    34    17     3]
 [  634   260   730  5065   104    87     6    11]
 [   53    70   140    32  2270    16     4     0]
 [   34    49    89    19    65  1355     4     2]
 [   17    36   102     5     6    35  3057     0]
 [   44    19    19     8     1     1     2  1278]]

===multilabel confusion matrix===

[[[29167  1244]
  [  791  3750]]

 [[30380   759]
  [  387  3426]]

 [[22380  1703]
  [  831 10038]]

 [[27761   294]
  [ 1832  5065]]

 [[31973   394]
  [  315  2270]]

 [[33103   232]
  [  262  1355]]

 [[31648    46]
  [  201  3057]]

 [[33539    41]
  [   94  1278]]]

===scores report===
metrics	scores
Accuracy	0.8652
MCC	0.8363
log_loss	0.4427
f1 score weighted	0.8648
f1 score macro	0.8724
f1 score micro	0.8652
roc_auc ovr	0.9830
roc_auc ovo	0.9856
precision	0.8716
recall	0.8652

===Callbacks===

generate_callbacks
[<tensorflow.python.keras.callbacks.EarlyStopping object at 0x7ff16435a280>, <tensorflow.python.keras.callbacks.ReduceLROnPlateau object at 0x7ff16435a430>, <tensorflow.python.keras.callbacks.ModelCheckpoint object at 0x7ff16435a490>]
===SCORING TEST SET ===

model_complete_evaluate
{'self': <deep_ml.DeepML object at 0x7ff16435a250>, 'x_test': array([[[1, 0, 0, ..., 0, 0, 0],
        [1, 0, 0, ..., 0, 0, 0],
        [1, 0, 0, ..., 0, 0, 0],
        ...,
        [0, 0, 0, ..., 0, 0, 0],
        [0, 0, 0, ..., 0, 0, 0],
        [0, 0, 0, ..., 0, 0, 0]],

       [[1, 0, 0, ..., 0, 0, 0],
        [1, 0, 0, ..., 0, 0, 0],
        [1, 0, 0, ..., 0, 0, 0],
        ...,
        [0, 0, 0, ..., 0, 0, 1],
        [0, 0, 0, ..., 0, 0, 0],
        [0, 0, 0, ..., 0, 0, 0]],

       [[1, 0, 0, ..., 0, 0, 0],
        [1, 0, 0, ..., 0, 0, 0],
        [1, 0, 0, ..., 0, 0, 0],
        ...,
        [0, 0, 0, ..., 0, 0, 0],
        [0, 0, 0, ..., 0, 0, 0],
        [0, 0, 0, ..., 0, 0, 0]],

       ...,

       [[1, 0, 0, ..., 0, 0, 0],
        [1, 0, 0, ..., 0, 0, 0],
        [1, 0, 0, ..., 0, 0, 0],
        ...,
        [0, 0, 0, ..., 0, 0, 0],
        [0, 0, 0, ..., 0, 0, 0],
        [0, 0, 0, ..., 0, 0, 0]],

       [[0, 0, 0, ..., 0, 0, 0],
        [0, 0, 0, ..., 0, 0, 0],
        [0, 0, 0, ..., 0, 0, 0],
        ...,
        [0, 0, 0, ..., 0, 0, 0],
        [1, 0, 0, ..., 0, 0, 0],
        [0, 0, 0, ..., 0, 0, 0]],

       [[1, 0, 0, ..., 0, 0, 0],
        [1, 0, 0, ..., 0, 0, 0],
        [1, 0, 0, ..., 0, 0, 0],
        ...,
        [0, 0, 0, ..., 0, 0, 0],
        [0, 0, 0, ..., 0, 0, 0],
        [0, 0, 0, ..., 0, 0, 0]]], dtype=int8), 'y_test': array([2., 2., 2., ..., 0., 0., 0.], dtype=float32), 'model': None}
report

              precision    recall  f1-score   support

         0.0       0.81      0.70      0.75      4541
         1.0       0.95      0.72      0.82      3813
         2.0       0.92      0.82      0.87     10869
         3.0       0.62      0.93      0.74      6897
         4.0       0.99      0.63      0.77      2585
         5.0       0.89      0.79      0.84      1616
         6.0       0.86      0.97      0.91      3258
         7.0       0.97      0.93      0.95      1372

    accuracy                           0.82     34951
   macro avg       0.88      0.81      0.83     34951
weighted avg       0.85      0.82      0.82     34951


===confusion_matrix===

[[3176   25  240 1004    1   16   61   18]
 [  73 2758  142  717    5   31   77   10]
 [ 327   55 8955 1277    6   30  217    2]
 [ 237   13  168 6395    1   14   65    4]
 [  44   21  166  637 1616   71   28    2]
 [  33   11   47  190    0 1275   59    1]
 [  12    2   19   80    0    0 3145    0]
 [  24    8    6   54    0    0   10 1270]]

===multilabel confusion matrix===

[[[29660   750]
  [ 1365  3176]]

 [[31003   135]
  [ 1055  2758]]

 [[23294   788]
  [ 1914  8955]]

 [[24095  3959]
  [  502  6395]]

 [[32353    13]
  [  969  1616]]

 [[33173   162]
  [  341  1275]]

 [[31176   517]
  [  113  3145]]

 [[33542    37]
  [  102  1270]]]

===scores report===
metrics	scores
Accuracy	0.8180
MCC	0.7828
log_loss	0.5621
f1 score weighted	0.8210
f1 score macro	0.8303
f1 score micro	0.8180
roc_auc ovr	0.9752
roc_auc ovo	0.9782
precision	0.8494
recall	0.8180

===Callbacks===

generate_callbacks
[<tensorflow.python.keras.callbacks.EarlyStopping object at 0x7ff16435a280>, <tensorflow.python.keras.callbacks.ReduceLROnPlateau object at 0x7ff16435a430>, <tensorflow.python.keras.callbacks.ModelCheckpoint object at 0x7ff16435a490>]
===SCORING TEST SET ===

model_complete_evaluate
{'self': <deep_ml.DeepML object at 0x7ff16435a250>, 'x_test': array([[[1, 0, 0, ..., 0, 0, 0],
        [1, 0, 0, ..., 0, 0, 0],
        [1, 0, 0, ..., 0, 0, 0],
        ...,
        [0, 0, 0, ..., 0, 0, 0],
        [0, 0, 0, ..., 0, 0, 0],
        [0, 1, 0, ..., 0, 0, 0]],

       [[1, 0, 0, ..., 0, 0, 0],
        [1, 0, 0, ..., 0, 0, 0],
        [1, 0, 0, ..., 0, 0, 0],
        ...,
        [0, 0, 0, ..., 0, 0, 0],
        [1, 0, 0, ..., 0, 0, 0],
        [0, 0, 0, ..., 0, 0, 0]],

       [[1, 0, 0, ..., 0, 0, 0],
        [1, 0, 0, ..., 0, 0, 0],
        [1, 0, 0, ..., 0, 0, 0],
        ...,
        [0, 0, 0, ..., 0, 0, 0],
        [0, 0, 0, ..., 1, 0, 0],
        [0, 0, 0, ..., 0, 0, 1]],

       ...,

       [[1, 0, 0, ..., 0, 0, 0],
        [1, 0, 0, ..., 0, 0, 0],
        [1, 0, 0, ..., 0, 0, 0],
        ...,
        [0, 0, 0, ..., 0, 0, 0],
        [0, 0, 0, ..., 0, 0, 1],
        [0, 0, 0, ..., 0, 0, 0]],

       [[1, 0, 0, ..., 0, 0, 0],
        [1, 0, 0, ..., 0, 0, 0],
        [1, 0, 0, ..., 0, 0, 0],
        ...,
        [0, 0, 0, ..., 0, 0, 0],
        [0, 0, 0, ..., 0, 0, 0],
        [1, 0, 0, ..., 0, 0, 0]],

       [[1, 0, 0, ..., 0, 0, 0],
        [1, 0, 0, ..., 0, 0, 0],
        [1, 0, 0, ..., 0, 0, 0],
        ...,
        [0, 0, 1, ..., 0, 0, 0],
        [0, 0, 0, ..., 0, 0, 0],
        [0, 0, 0, ..., 0, 0, 0]]], dtype=int8), 'y_test': array([2., 2., 1., ..., 0., 0., 0.], dtype=float32), 'model': None}
report

              precision    recall  f1-score   support

         0.0       0.80      0.75      0.78      4542
         1.0       0.64      0.93      0.76      3814
         2.0       0.95      0.84      0.89     10869
         3.0       0.89      0.79      0.84      6896
         4.0       0.89      0.83      0.86      2584
         5.0       0.83      0.88      0.86      1616
         6.0       0.83      0.98      0.90      3258
         7.0       0.90      0.97      0.93      1372

    accuracy                           0.85     34951
   macro avg       0.84      0.87      0.85     34951
weighted avg       0.86      0.85      0.85     34951


===confusion_matrix===

[[3425  383  182  304   30   74   62   82]
 [  53 3559   34   41   23   14   72   18]
 [ 357  699 9094  224  123   93  254   25]
 [ 347  614  171 5434   71   55  187   17]
 [  33  199   61   66 2141   37   46    1]
 [  19   70   25   32   15 1419   34    2]
 [   8   29   10   13    2    7 3187    2]
 [  15   14    3    3    1    1    4 1331]]

===multilabel confusion matrix===

[[[29577   832]
  [ 1117  3425]]

 [[29129  2008]
  [  255  3559]]

 [[23596   486]
  [ 1775  9094]]

 [[27372   683]
  [ 1462  5434]]

 [[32102   265]
  [  443  2141]]

 [[33054   281]
  [  197  1419]]

 [[31034   659]
  [   71  3187]]

 [[33432   147]
  [   41  1331]]]

===scores report===
metrics	scores
Accuracy	0.8466
MCC	0.8171
log_loss	0.4968
f1 score weighted	0.8487
f1 score macro	0.8509
f1 score micro	0.8466
roc_auc ovr	0.9808
roc_auc ovo	0.9844
precision	0.8618
recall	0.8466

===Callbacks===

generate_callbacks
[<tensorflow.python.keras.callbacks.EarlyStopping object at 0x7ff16435a280>, <tensorflow.python.keras.callbacks.ReduceLROnPlateau object at 0x7ff16435a430>, <tensorflow.python.keras.callbacks.ModelCheckpoint object at 0x7ff16435a490>]
===SCORING TEST SET ===

model_complete_evaluate
{'self': <deep_ml.DeepML object at 0x7ff16435a250>, 'x_test': array([[[1, 0, 0, ..., 0, 0, 0],
        [1, 0, 0, ..., 0, 0, 0],
        [1, 0, 0, ..., 0, 0, 0],
        ...,
        [0, 0, 0, ..., 0, 0, 0],
        [1, 0, 0, ..., 0, 0, 0],
        [0, 0, 0, ..., 0, 0, 0]],

       [[1, 0, 0, ..., 0, 0, 0],
        [1, 0, 0, ..., 0, 0, 0],
        [1, 0, 0, ..., 0, 0, 0],
        ...,
        [0, 0, 0, ..., 0, 0, 0],
        [0, 0, 0, ..., 0, 0, 0],
        [1, 0, 0, ..., 0, 0, 0]],

       [[1, 0, 0, ..., 0, 0, 0],
        [1, 0, 0, ..., 0, 0, 0],
        [1, 0, 0, ..., 0, 0, 0],
        ...,
        [0, 0, 0, ..., 0, 0, 0],
        [0, 0, 0, ..., 1, 0, 0],
        [0, 0, 0, ..., 0, 0, 0]],

       ...,

       [[1, 0, 0, ..., 0, 0, 0],
        [1, 0, 0, ..., 0, 0, 0],
        [1, 0, 0, ..., 0, 0, 0],
        ...,
        [0, 0, 0, ..., 1, 0, 0],
        [0, 0, 1, ..., 0, 0, 0],
        [0, 0, 0, ..., 0, 0, 1]],

       [[0, 0, 0, ..., 0, 0, 1],
        [0, 0, 0, ..., 0, 0, 0],
        [0, 0, 0, ..., 0, 0, 0],
        ...,
        [0, 0, 0, ..., 0, 0, 0],
        [0, 0, 0, ..., 0, 0, 0],
        [0, 0, 0, ..., 0, 1, 0]],

       [[1, 0, 0, ..., 0, 0, 0],
        [1, 0, 0, ..., 0, 0, 0],
        [1, 0, 0, ..., 0, 0, 0],
        ...,
        [0, 0, 0, ..., 0, 0, 0],
        [0, 0, 0, ..., 0, 0, 0],
        [0, 0, 0, ..., 0, 1, 0]]], dtype=int8), 'y_test': array([2., 2., 1., ..., 0., 0., 0.], dtype=float32), 'model': None}
report

              precision    recall  f1-score   support

         0.0       0.80      0.83      0.81      4542
         1.0       0.88      0.90      0.89      3813
         2.0       0.93      0.91      0.92     10868
         3.0       0.87      0.88      0.87      6897
         4.0       0.91      0.88      0.90      2585
         5.0       0.89      0.89      0.89      1616
         6.0       0.96      0.97      0.96      3258
         7.0       0.97      0.96      0.97      1372

    accuracy                           0.90     34951
   macro avg       0.90      0.90      0.90     34951
weighted avg       0.90      0.90      0.90     34951


===confusion_matrix===

[[3761   91  239  344   33   40   14   20]
 [  79 3423   92  128   36   22   22   11]
 [ 356  158 9932  270   73   38   41    0]
 [ 365  113  255 6041   57   39   20    7]
 [  55   49   81   92 2276   26    6    0]
 [  28   29   50   41   17 1438   13    0]
 [  20   15   37   26    5   10 3145    0]
 [  26    7    5    7    2    1    2 1322]]

===multilabel confusion matrix===

[[[29480   929]
  [  781  3761]]

 [[30676   462]
  [  390  3423]]

 [[23324   759]
  [  936  9932]]

 [[27146   908]
  [  856  6041]]

 [[32143   223]
  [  309  2276]]

 [[33159   176]
  [  178  1438]]

 [[31575   118]
  [  113  3145]]

 [[33541    38]
  [   50  1322]]]

===scores report===
metrics	scores
Accuracy	0.8966
MCC	0.8737
log_loss	0.3546
f1 score weighted	0.8969
f1 score macro	0.9020
f1 score micro	0.8966
roc_auc ovr	0.9876
roc_auc ovo	0.9894
precision	0.8973
recall	0.8966

===Callbacks===

generate_callbacks
[<tensorflow.python.keras.callbacks.EarlyStopping object at 0x7ff16435a280>, <tensorflow.python.keras.callbacks.ReduceLROnPlateau object at 0x7ff16435a430>, <tensorflow.python.keras.callbacks.ModelCheckpoint object at 0x7ff16435a490>]
===SCORING TEST SET ===

model_complete_evaluate
{'self': <deep_ml.DeepML object at 0x7ff16435a250>, 'x_test': array([[[1, 0, 0, ..., 0, 0, 0],
        [1, 0, 0, ..., 0, 0, 0],
        [1, 0, 0, ..., 0, 0, 0],
        ...,
        [0, 0, 0, ..., 0, 0, 0],
        [0, 0, 0, ..., 0, 0, 0],
        [1, 0, 0, ..., 0, 0, 0]],

       [[1, 0, 0, ..., 0, 0, 0],
        [1, 0, 0, ..., 0, 0, 0],
        [1, 0, 0, ..., 0, 0, 0],
        ...,
        [0, 0, 0, ..., 0, 0, 0],
        [1, 0, 0, ..., 0, 0, 0],
        [0, 0, 0, ..., 0, 0, 0]],

       [[1, 0, 0, ..., 0, 0, 0],
        [1, 0, 0, ..., 0, 0, 0],
        [1, 0, 0, ..., 0, 0, 0],
        ...,
        [0, 0, 0, ..., 0, 0, 0],
        [0, 0, 0, ..., 0, 0, 0],
        [0, 1, 0, ..., 0, 0, 0]],

       ...,

       [[1, 0, 0, ..., 0, 0, 0],
        [1, 0, 0, ..., 0, 0, 0],
        [1, 0, 0, ..., 0, 0, 0],
        ...,
        [0, 0, 0, ..., 0, 0, 0],
        [0, 0, 0, ..., 0, 0, 0],
        [0, 0, 0, ..., 0, 0, 0]],

       [[1, 0, 0, ..., 0, 0, 0],
        [1, 0, 0, ..., 0, 0, 0],
        [1, 0, 0, ..., 0, 0, 0],
        ...,
        [1, 0, 0, ..., 0, 0, 0],
        [1, 0, 0, ..., 0, 0, 0],
        [0, 0, 0, ..., 0, 0, 1]],

       [[1, 0, 0, ..., 0, 0, 0],
        [1, 0, 0, ..., 0, 0, 0],
        [1, 0, 0, ..., 0, 0, 0],
        ...,
        [0, 0, 0, ..., 0, 0, 0],
        [0, 0, 0, ..., 0, 0, 0],
        [0, 0, 0, ..., 0, 0, 0]]], dtype=int8), 'y_test': array([2., 2., 2., ..., 0., 0., 0.], dtype=float32), 'model': None}
report

              precision    recall  f1-score   support

         0.0       0.69      0.88      0.77      4542
         1.0       0.84      0.88      0.86      3813
         2.0       0.92      0.88      0.90     10868
         3.0       0.92      0.75      0.83      6897
         4.0       0.73      0.91      0.81      2585
         5.0       0.93      0.84      0.88      1616
         6.0       0.97      0.94      0.96      3258
         7.0       0.97      0.92      0.94      1372

    accuracy                           0.86     34951
   macro avg       0.87      0.87      0.87     34951
weighted avg       0.87      0.86      0.86     34951


===confusion_matrix===

[[3981  105  173  142   88   16   12   25]
 [ 143 3369  111   53  114    9    7    7]
 [ 641  173 9549  135  308   17   42    3]
 [ 809  228  418 5149  236   26   26    5]
 [  62   64   52   42 2341   20    3    1]
 [  64   26   52   20   96 1351    6    1]
 [  42   40   62   14   21    7 3070    2]
 [  49   27   12   17    1    0    3 1263]]

===multilabel confusion matrix===

[[[28599  1810]
  [  561  3981]]

 [[30475   663]
  [  444  3369]]

 [[23203   880]
  [ 1319  9549]]

 [[27631   423]
  [ 1748  5149]]

 [[31502   864]
  [  244  2341]]

 [[33240    95]
  [  265  1351]]

 [[31594    99]
  [  188  3070]]

 [[33535    44]
  [  109  1263]]]

===scores report===
metrics	scores
Accuracy	0.8604
MCC	0.8321
log_loss	0.4431
f1 score weighted	0.8623
f1 score macro	0.8677
f1 score micro	0.8604
roc_auc ovr	0.9830
roc_auc ovo	0.9856
precision	0.8730
recall	0.8604

===TRAIN MODELS with CV===

train_model_cv	Accuracy	MCC	log_loss	f1 score weighted	f1 score macro	f1 score micro	roc_auc ovr	roc_auc ovo	precision	recall
0	0.8651579308766308	0.8362605992220478	0.4426687051365937	0.8648473513972285	0.872437046879593	0.8651579308766308	0.9829519708120679	0.9855730593573729	0.8716172628470443	0.8651579308766308
1	0.8180023461417413	0.7827641840087277	0.5621323250684527	0.8210152798971523	0.8302946308569488	0.8180023461417412	0.9751632752806706	0.9782082825122843	0.8494101642937344	0.8180023461417413
2	0.8466138307916797	0.8170840611075172	0.49675710617611396	0.8486608593554066	0.850888136642856	0.8466138307916797	0.980827170130542	0.9843986753082999	0.861772275300757	0.8466138307916797
3	0.8966267059597722	0.873723914554364	0.3545542120459946	0.8968936972533472	0.9020249173594389	0.8966267059597722	0.987557137513286	0.9894326308849036	0.8973150974203191	0.8966267059597722
4	0.8604331778776001	0.8320778903201759	0.4430752970642635	0.8623278736052771	0.8676706703079553	0.8604331778776001	0.9829678375426913	0.9855897889422905	0.8730154202634122	0.8604331778776001
mean	0.8573667983294848	0.8283821298425664	0.4598375290982837	0.8587490123016824	0.8646630804093585	0.8573667983294848	0.9818934782558516	0.9846404874010302	0.8706260440250535	0.8573667983294848
std	0.025599340553808157	0.02946268726835089	0.06853845379450432	0.024619587198247406	0.02381733155653548	0.02559934055380819	0.0040195605644981385	0.00363778052826236	0.015795568860246658	0.025599340553808157

Accuracy
MCC
log_loss
f1 score weighted
f1 score macro
f1 score micro
roc_auc ovr
roc_auc ovo
precision
recallFinished train_model_cv in 162473.6370 secs

