,0,1,2,3,4,5,6,7,8,9,10,11,12,13,14,15,16,17,18,19
0,0.049348902,-0.033327103,-0.0040799603,0.020139705,0.0448198,0.030924711,-0.008005548,-0.04497994,0.027822081,0.047060873,-0.02362976,0.009301223,0.002130758,0.005821407,-0.017589033,-0.0019219033,-0.041987788,-0.044573307,-0.013350677,-0.04444697
1,0.15781938,0.18124406,0.011056157,0.21980076,-0.030272929,-0.2693846,-0.07881676,0.02850632,0.009725488,-0.046186198,0.22240384,-0.0238316,0.073768675,-0.21465379,0.102029935,0.022737132,0.16271028,-0.45073807,-0.22019637,-0.5469247
2,1.1146214,0.33191806,0.2785893,0.1115413,1.5851303,0.13302845,-0.6886875,0.17851543,-0.21359581,-0.047432926,0.39342904,0.54837155,-0.17251126,0.17108236,-1.671186,0.17804997,-0.20089893,1.4331021,0.11106281,-0.43190372
3,0.06400202,0.54339916,-0.35570675,-0.26577565,0.06955871,-0.7129279,-0.031524338,0.30292335,0.3034223,0.8894199,0.8205378,-0.4551277,0.70138353,0.18857475,-0.08796653,0.57708895,-0.35900128,0.56464005,-0.022501942,0.3390496
4,-0.53663415,1.286876,-0.20399775,-1.5299361,-0.19182262,-0.38883555,0.10232199,0.92154723,0.36302692,0.7696558,-0.76881677,0.42273352,-0.43395674,0.94657135,-0.12633064,1.0964543,-0.20201765,0.18327984,0.14774553,1.9658707
5,-1.1521124,-0.5193884,-0.13869287,0.16299525,-0.038470067,0.010856094,0.12775096,-0.9952217,0.09925097,0.06302653,0.29534394,-0.7800552,-0.04432638,0.430663,0.33412278,-1.0465083,-0.30510965,0.22541557,0.21147373,-0.8664073
6,-0.08836546,0.3878821,0.027313767,-1.0798934,0.3234899,-0.22459713,-0.49033588,1.708311,-0.18955293,0.2073733,-1.0727378,0.98031807,-0.15527545,0.072136894,-0.4087781,1.7160527,-0.30433866,-0.25310463,-0.3001194,0.3146549
7,0.6875323,-0.038940683,0.12159794,-0.18925029,0.47513053,-0.39336035,-0.42045194,0.6666943,-0.07972815,0.33732495,-0.09588981,-0.020885203,0.029039267,-0.35885683,-0.47998747,0.60243934,-0.26371443,0.174508,-0.12988368,-0.006660274
8,0.50260824,0.78998977,-1.4384829,0.10922976,-0.68880916,-0.078102335,-0.5831326,-0.2561694,1.6491331,0.14384227,-0.2563727,0.24097948,0.7690195,1.0889596,0.611357,-0.17138775,0.79252756,-0.52948004,-1.1873376,0.12420856
9,1.4062787,-0.5072187,-0.17745222,-1.2536732,-0.102472596,-0.52704275,0.6691201,-0.5002149,-0.08335661,-0.80598795,0.8179411,-0.41576555,1.3125648,0.5552174,-0.37987214,1.1293888,-0.50611556,0.686867,0.610322,0.3035959
10,-0.022416253,-0.3419092,0.46598074,0.45897418,-0.1739758,0.86314756,0.053050894,-0.4182879,-0.38490695,-0.5977242,-0.3862955,0.40365544,-0.6852948,-0.13859189,0.43039486,-0.5097829,4.9245442e-05,-0.6972807,0.5573025,0.08397945
11,-0.3695055,-0.30291548,0.73982024,0.14184222,0.030333871,0.09537464,0.032009266,-0.29274753,-0.7196672,-0.54723775,-0.7701546,-0.14289346,-0.5801291,-0.50381017,0.079796396,-0.33747575,0.05187135,-0.18737929,0.36249074,-0.39828062
12,0.7021307,-0.19758514,0.1939309,0.43116274,1.2932649,-0.66714656,-0.7925117,1.3321861,0.117694356,-0.5805038,0.34593722,0.39086005,0.5209502,-0.33817816,-1.4469079,0.3319824,0.40435484,0.93418825,-0.41175464,-0.2686536
13,-1.5474447,-0.82673496,0.08999205,0.25801513,0.15886924,0.69292605,-0.16082999,-0.16072237,-0.050880473,-0.17019069,-0.68435067,0.5511992,-0.11134952,-0.46204177,0.3635429,-0.44805327,0.18921675,0.25410968,0.40376312,-0.49209085
14,-0.2815074,0.650506,0.3841705,-0.041189693,-0.52484024,0.5488856,0.49897587,-0.034562044,-0.19941488,-0.20308994,0.38649905,-0.58368516,-0.41992947,-0.38055918,0.68815243,-0.034640893,-1.0612617,-0.26402074,0.82297313,-0.28820685
15,-1.2124882,-0.93994224,-0.8205791,-1.3240451,1.1026193,1.6622913,-1.0913643,0.3890607,0.44527143,0.94909817,1.3781513,-1.7717514,-1.1886522,1.4435086,-0.98501486,0.0018268079,1.038702,0.55097806,-1.1908187,0.65199053
16,-0.12611303,-0.4396509,-0.1544896,0.09032376,0.021303117,-0.77613413,0.11408014,-0.09584464,0.115946606,0.77205354,0.19672345,-0.17202796,0.3985581,-0.14738287,-0.09622965,-0.23757888,0.35759166,0.5506347,-0.11477826,-0.14811864
17,-0.019729957,-0.76700145,-0.22495472,0.21062122,-0.046075486,-0.19591284,0.6317232,-0.27601138,0.020010196,0.2015882,0.3643856,0.6124507,0.3707923,-0.19775158,-0.111307636,-0.13356012,0.19934316,0.34754455,0.12926722,0.018787198
18,-0.60180557,-0.054359555,0.050394516,-0.42698777,0.22171915,0.21057402,2.2095516,-0.008179447,-0.10844951,-0.16704434,0.051659502,-0.96239734,0.1688559,0.05575812,0.15087421,0.06273548,-2.2742927,-0.2791847,0.13923693,0.08632204
19,-0.045196544,0.7297034,0.23843361,-0.15033013,-0.8166553,0.08391102,1.047036,0.028155891,-0.32766035,0.006676033,0.09744153,-1.3392247,-0.019844018,-0.14328837,0.27395532,0.16417105,-1.0440134,0.08335255,0.5958104,0.31774434
20,0.06552645,-0.28466925,0.32697162,0.49477538,-0.18536241,0.693173,0.042215742,-0.2629656,-0.2000646,-0.7957574,-0.16288354,0.022459937,-0.60195374,-0.22936901,0.21014479,-0.3658784,0.054282248,-0.5836371,0.12699097,0.42876795
