/home/amsequeira/enzymeClassification/models/embedding/64_64_32_500_post_pre_bilstm_attentio_cv_only_enz_emb_5_lev4_ec50
self
x_train
y_train
x_test
y_test
number_classes
problem_type
x_dval
y_dval
model
epochs
batch_size
callbacks
reduce_lr
early_stopping
checkpoint
tensorboard
early_stopping_patience
reduce_lr_patience
reduce_lr_factor
reduce_lr_min
path
report_name
verbose
validation_split
shuffle
class_weights
===Callbacks===

generate_callbacks
[<tensorflow.python.keras.callbacks.EarlyStopping object at 0x7f63ac531970>, <tensorflow.python.keras.callbacks.ReduceLROnPlateau object at 0x7f63ac531790>, <tensorflow.python.keras.callbacks.ModelCheckpoint object at 0x7f63ac531a60>]
===SCORING TEST SET ===

model_complete_evaluate
{'self': <deep_ml.DeepML object at 0x7f63ac531700>, 'x_test': array([[13, 17, 12, ...,  0,  0,  0],
       [13,  1,  1, ...,  0,  0,  0],
       [16, 16, 16, ..., 15, 16, 11],
       ...,
       [17, 17,  4, ..., 11,  2, 15],
       [ 7,  8,  4, ..., 17,  1, 15],
       [13,  6, 12, ...,  0,  0,  0]], dtype=int8), 'y_test': array([ 84.,  84., 213., ...,  62.,  62.,  62.], dtype=float32), 'model': None}
report

              precision    recall  f1-score   support

         0.0       0.50      0.80      0.62        10
         1.0       1.00      0.96      0.98        25
         2.0       0.78      0.88      0.82        16
         3.0       0.83      0.42      0.56        12
         4.0       0.75      0.20      0.32        15
         5.0       0.80      0.80      0.80        10
         6.0       0.49      1.00      0.66        21
         7.0       0.79      0.83      0.81        23
         8.0       0.50      0.41      0.45        22
         9.0       0.42      0.71      0.53        35
        10.0       0.30      0.27      0.29        11
        11.0       0.89      0.89      0.89        19
        12.0       0.82      0.50      0.62        18
        13.0       0.82      1.00      0.90        14
        14.0       0.92      0.79      0.85        14
        15.0       1.00      0.80      0.89        10
        16.0       0.79      0.69      0.73        16
        17.0       0.60      0.75      0.67        12
        18.0       0.87      1.00      0.93        26
        19.0       0.93      0.96      0.94        26
        20.0       0.92      0.92      0.92        13
        21.0       0.89      1.00      0.94        16
        22.0       0.93      0.76      0.84        17
        23.0       0.53      0.73      0.62        11
        24.0       0.76      0.72      0.74        18
        25.0       1.00      0.89      0.94        18
        26.0       0.89      0.80      0.84        10
        27.0       0.91      0.77      0.83        13
        28.0       0.76      0.95      0.84        20
        29.0       1.00      0.91      0.95        23
        30.0       0.78      1.00      0.88        29
        31.0       0.82      1.00      0.90        18
        32.0       0.71      0.50      0.59        10
        33.0       0.74      1.00      0.85        31
        34.0       0.97      0.94      0.95        32
        35.0       1.00      0.75      0.86        12
        36.0       0.92      0.89      0.91        27
        37.0       1.00      0.47      0.64        15
        38.0       0.89      0.73      0.80        11
        39.0       0.00      0.00      0.00        13
        40.0       0.92      0.73      0.81        15
        41.0       1.00      0.92      0.96        12
        42.0       0.56      0.50      0.53        10
        43.0       0.89      1.00      0.94        17
        44.0       0.90      0.93      0.91        28
        45.0       1.00      0.95      0.98        21
        46.0       0.58      0.69      0.63        16
        47.0       0.62      0.38      0.48        13
        48.0       0.70      0.64      0.67        11
        49.0       0.64      0.75      0.69        12
        50.0       0.53      0.83      0.65        12
        51.0       0.88      1.00      0.93        14
        52.0       0.85      0.88      0.87        26
        53.0       0.77      0.89      0.83        27
        54.0       0.96      1.00      0.98        22
        55.0       0.62      0.80      0.70        20
        56.0       0.85      0.92      0.88        25
        57.0       0.94      0.81      0.87        21
        58.0       0.91      0.91      0.91        11
        59.0       1.00      0.19      0.32        16
        60.0       0.83      1.00      0.91        24
        61.0       0.67      0.43      0.52        14
        62.0       0.56      0.82      0.66       133
        63.0       0.88      0.88      0.88        16
        64.0       0.78      0.64      0.70        11
        65.0       0.88      0.82      0.85        17
        66.0       1.00      0.86      0.92        14
        67.0       0.67      0.73      0.70        11
        68.0       0.80      0.42      0.55        19
        69.0       0.91      0.97      0.94        30
        70.0       0.85      0.94      0.89        18
        71.0       0.85      0.73      0.79        15
        72.0       0.91      0.91      0.91        22
        73.0       0.92      1.00      0.96        11
        74.0       1.00      0.86      0.93        22
        75.0       0.94      1.00      0.97        17
        76.0       0.94      1.00      0.97        15
        77.0       0.81      1.00      0.89        21
        78.0       0.86      0.90      0.88        21
        79.0       1.00      1.00      1.00        10
        80.0       0.53      0.65      0.58        31
        81.0       0.84      1.00      0.91        21
        82.0       0.87      1.00      0.93        27
        83.0       0.82      0.69      0.75        13
        84.0       0.90      0.82      0.86        22
        85.0       0.85      0.92      0.88        12
        86.0       1.00      0.97      0.99        39
        87.0       0.88      0.88      0.88        17
        88.0       0.90      0.96      0.93        27
        89.0       0.89      0.67      0.76        12
        90.0       0.63      0.90      0.75        21
        91.0       0.88      0.93      0.90        30
        92.0       1.00      1.00      1.00        12
        93.0       0.75      0.43      0.55        14
        94.0       0.96      0.96      0.96        28
        95.0       0.80      0.92      0.86        26
        96.0       0.77      0.91      0.83        11
        97.0       1.00      0.67      0.80        30
        98.0       0.62      0.94      0.75        16
        99.0       1.00      0.82      0.90        17
       100.0       0.81      0.88      0.84        24
       101.0       0.73      0.96      0.83        28
       102.0       0.50      0.37      0.42        19
       103.0       0.67      0.82      0.74       291
       104.0       1.00      0.23      0.38        13
       105.0       0.63      0.75      0.69        16
       106.0       0.47      0.73      0.57        44
       107.0       0.90      0.75      0.82        12
       108.0       0.93      0.81      0.87        16
       109.0       1.00      1.00      1.00        19
       110.0       1.00      0.75      0.86        16
       111.0       1.00      0.79      0.88        14
       112.0       0.83      0.83      0.83        23
       113.0       0.71      0.88      0.79        34
       114.0       0.93      0.78      0.85        18
       115.0       0.88      1.00      0.93        21
       116.0       0.97      0.82      0.89        34
       117.0       0.87      1.00      0.93        13
       118.0       0.90      0.96      0.93        28
       119.0       0.93      0.96      0.94        26
       120.0       1.00      0.57      0.73        14
       121.0       0.50      0.45      0.48        11
       122.0       0.00      0.00      0.00        19
       123.0       0.47      0.79      0.59       136
       124.0       0.82      0.70      0.76        20
       125.0       0.28      0.40      0.33        58
       126.0       0.77      0.77      0.77        13
       127.0       1.00      1.00      1.00        17
       128.0       0.94      0.94      0.94        17
       129.0       1.00      0.71      0.83        17
       130.0       0.89      0.75      0.81        32
       131.0       0.87      1.00      0.93        20
       132.0       1.00      1.00      1.00        17
       133.0       0.83      1.00      0.91        15
       134.0       0.93      0.82      0.87        17
       135.0       0.81      1.00      0.90        13
       136.0       0.71      0.38      0.50        13
       137.0       1.00      0.82      0.90        38
       138.0       0.08      0.07      0.07        15
       139.0       0.67      0.42      0.52        19
       140.0       1.00      0.76      0.86        21
       141.0       0.80      1.00      0.89        45
       142.0       0.00      0.00      0.00        11
       143.0       0.65      0.94      0.77        16
       144.0       0.89      0.80      0.84        10
       145.0       0.50      0.06      0.10        18
       146.0       0.82      0.82      0.82        28
       147.0       0.36      0.36      0.36        11
       148.0       0.69      0.78      0.73        23
       149.0       0.94      0.85      0.89        52
       150.0       0.72      0.70      0.71        54
       151.0       0.75      0.38      0.50        16
       152.0       0.56      0.73      0.64        67
       153.0       0.57      0.36      0.44        11
       154.0       0.81      0.62      0.70        40
       155.0       0.85      0.71      0.77        24
       156.0       0.40      0.33      0.36        12
       157.0       0.50      0.39      0.44        18
       158.0       0.53      0.59      0.56        17
       159.0       0.42      0.53      0.47        19
       160.0       0.22      0.13      0.17        15
       161.0       0.36      0.20      0.26        25
       162.0       0.40      0.18      0.25        11
       163.0       0.67      0.12      0.21        16
       164.0       1.00      0.78      0.88        18
       165.0       0.75      0.50      0.60        12
       166.0       0.18      0.12      0.15        48
       167.0       1.00      0.86      0.92        21
       168.0       0.74      0.93      0.82        15
       169.0       0.93      0.82      0.87        17
       170.0       1.00      0.96      0.98        24
       171.0       0.86      0.83      0.85        36
       172.0       0.75      0.64      0.69        14
       173.0       0.33      0.12      0.17        17
       174.0       0.83      0.58      0.68        26
       175.0       0.67      0.73      0.70        11
       176.0       0.29      0.17      0.21        12
       177.0       0.79      0.71      0.75        21
       178.0       1.00      0.87      0.93        15
       179.0       0.40      0.14      0.21        14
       180.0       0.67      0.27      0.38        15
       181.0       0.65      0.57      0.60        23
       182.0       0.93      0.93      0.93        30
       183.0       0.91      0.83      0.87        12
       184.0       0.94      0.73      0.82        22
       185.0       0.88      0.79      0.83        28
       186.0       0.45      0.59      0.51       128
       187.0       0.61      0.88      0.72       119
       188.0       0.89      0.57      0.70        14
       189.0       0.63      0.74      0.68        23
       190.0       0.78      1.00      0.88        14
       191.0       0.75      0.50      0.60        12
       192.0       0.70      0.93      0.80        15
       193.0       0.88      0.58      0.70        12
       194.0       0.53      0.80      0.64        20
       195.0       1.00      0.45      0.62        11
       196.0       0.92      0.85      0.88        13
       197.0       0.90      0.69      0.78        13
       198.0       1.00      0.93      0.96        14
       199.0       0.60      0.20      0.30        15
       200.0       0.91      0.77      0.83        26
       201.0       0.92      0.65      0.76        17
       202.0       0.92      0.73      0.81        15
       203.0       0.96      0.76      0.85        29
       204.0       1.00      0.91      0.95        22
       205.0       1.00      1.00      1.00        15
       206.0       0.86      0.95      0.90        19
       207.0       0.90      0.95      0.92        19
       208.0       0.71      0.59      0.65        17
       209.0       1.00      0.62      0.77        16
       210.0       1.00      1.00      1.00        20
       211.0       0.93      1.00      0.96        13
       212.0       0.81      0.93      0.87        14
       213.0       0.81      0.76      0.79        17
       214.0       0.82      0.64      0.72        22
       215.0       0.93      1.00      0.97        14
       216.0       0.94      1.00      0.97        17
       217.0       1.00      0.60      0.75        10
       218.0       0.76      0.80      0.78       110
       219.0       1.00      0.79      0.88        29
       220.0       1.00      0.95      0.98        21
       221.0       0.71      0.77      0.74        13
       222.0       0.89      0.96      0.93        26
       223.0       0.93      0.88      0.90        16
       224.0       0.68      0.71      0.70        21
       225.0       1.00      0.65      0.79        17
       226.0       0.91      0.83      0.87        12
       227.0       0.59      0.77      0.67        13
       228.0       1.00      0.83      0.91        12
       229.0       0.82      0.90      0.86        31
       230.0       0.74      0.59      0.66        34
       231.0       1.00      0.08      0.14        13
       232.0       0.45      0.48      0.47        29
       233.0       0.78      0.70      0.74        20
       234.0       0.84      0.80      0.82        20
       235.0       1.00      0.90      0.95        21
       236.0       1.00      0.41      0.58        22
       237.0       1.00      0.90      0.95        20
       238.0       1.00      1.00      1.00        27
       239.0       1.00      0.67      0.80        30
       240.0       0.63      0.52      0.57        23
       241.0       0.45      0.77      0.57        13
       242.0       0.85      0.38      0.52        45
       243.0       1.00      0.96      0.98        26
       244.0       1.00      0.92      0.96        12
       245.0       0.94      0.84      0.89        19
       246.0       0.89      0.38      0.53        21
       247.0       0.59      0.48      0.53        21
       248.0       1.00      0.75      0.86        16
       249.0       1.00      0.46      0.63        26
       250.0       0.68      0.79      0.73        19
       251.0       1.00      0.83      0.91        12
       252.0       0.83      0.45      0.59        11
       253.0       0.91      0.95      0.93        22
       254.0       1.00      0.58      0.74        12
       255.0       0.67      0.53      0.59        15
       256.0       0.91      0.88      0.89        24
       257.0       0.89      0.53      0.67        15
       258.0       0.85      0.94      0.89        18
       259.0       0.81      0.96      0.88        26
       260.0       0.84      0.89      0.86        18
       261.0       0.84      0.84      0.84        31
       262.0       1.00      1.00      1.00        11
       263.0       1.00      0.93      0.97        15
       264.0       1.00      1.00      1.00        18
       265.0       0.90      0.82      0.86        11
       266.0       0.93      0.87      0.90        15
       267.0       0.40      0.15      0.22        13
       268.0       0.89      0.80      0.84        20
       269.0       0.90      1.00      0.95        19
       270.0       0.67      0.14      0.24        14
       271.0       0.93      0.71      0.81        38
       272.0       0.86      0.83      0.85        53
       273.0       0.77      0.74      0.75        31
       274.0       0.96      0.81      0.88        32
       275.0       0.92      1.00      0.96        11
       276.0       0.92      1.00      0.96        11
       277.0       0.89      0.67      0.76        12

    accuracy                           0.76      6280
   macro avg       0.80      0.74      0.75      6280
weighted avg       0.77      0.76      0.75      6280


===confusion_matrix===

[[ 8  0  0 ...  0  0  0]
 [ 0 24  0 ...  0  0  0]
 [ 0  0 14 ...  0  0  0]
 ...
 [ 0  0  0 ... 11  0  0]
 [ 0  0  0 ...  0 11  0]
 [ 0  0  0 ...  0  0  8]]

===multilabel confusion matrix===

[[[6262    8]
  [   2    8]]

 [[6255    0]
  [   1   24]]

 [[6260    4]
  [   2   14]]

 ...

 [[6268    1]
  [   0   11]]

 [[6268    1]
  [   0   11]]

 [[6267    1]
  [   4    8]]]

===scores report===
metrics	scores
Accuracy	0.7557
MCC	0.7539
log_loss	1.0194
f1 score weighted	0.7480
f1 score macro	0.7498
f1 score micro	0.7557
roc_auc ovr	0.9921
roc_auc ovo	0.9928
precision	0.7729
recall	0.7557

===Callbacks===

generate_callbacks
[<tensorflow.python.keras.callbacks.EarlyStopping object at 0x7f63ac531970>, <tensorflow.python.keras.callbacks.ReduceLROnPlateau object at 0x7f63ac531790>, <tensorflow.python.keras.callbacks.ModelCheckpoint object at 0x7f63ac531a60>]
===SCORING TEST SET ===

model_complete_evaluate
{'self': <deep_ml.DeepML object at 0x7f63ac531700>, 'x_test': array([[13,  7,  1, ...,  0,  0,  0],
       [13, 12,  3, ...,  0,  0,  0],
       [13,  7, 17, ...,  0,  0,  0],
       ...,
       [12, 17, 11, ...,  5,  2, 18],
       [15,  6, 15, ..., 16,  1, 15],
       [12, 20, 14, ...,  9, 15, 11]], dtype=int8), 'y_test': array([ 84.,  84.,  84., ..., 186.,  62., 139.], dtype=float32), 'model': None}
report

              precision    recall  f1-score   support

         0.0       0.88      0.64      0.74        11
         1.0       0.92      0.96      0.94        25
         2.0       0.94      0.94      0.94        16
         3.0       0.85      0.85      0.85        13
         4.0       0.91      0.62      0.74        16
         5.0       0.89      0.80      0.84        10
         6.0       0.86      0.90      0.88        21
         7.0       0.64      0.61      0.62        23
         8.0       1.00      0.45      0.62        22
         9.0       0.72      0.82      0.77        34
        10.0       0.20      0.09      0.13        11
        11.0       0.89      0.84      0.86        19
        12.0       0.58      0.41      0.48        17
        13.0       1.00      0.71      0.83        14
        14.0       0.91      0.71      0.80        14
        15.0       1.00      0.70      0.82        10
        16.0       0.88      0.88      0.88        16
        17.0       0.88      0.58      0.70        12
        18.0       0.96      0.88      0.92        26
        19.0       0.81      0.85      0.83        26
        20.0       1.00      1.00      1.00        13
        21.0       0.89      1.00      0.94        16
        22.0       0.89      0.94      0.91        17
        23.0       0.56      0.83      0.67        12
        24.0       0.81      0.89      0.85        19
        25.0       0.83      1.00      0.90        19
        26.0       0.67      0.80      0.73        10
        27.0       0.82      0.69      0.75        13
        28.0       1.00      0.85      0.92        20
        29.0       0.92      1.00      0.96        22
        30.0       0.76      0.90      0.83        29
        31.0       0.93      0.78      0.85        18
        32.0       0.53      0.80      0.64        10
        33.0       0.83      0.97      0.89        30
        34.0       0.83      0.78      0.81        32
        35.0       0.80      0.33      0.47        12
        36.0       0.89      0.89      0.89        27
        37.0       0.73      0.53      0.62        15
        38.0       0.67      0.91      0.77        11
        39.0       0.50      0.08      0.13        13
        40.0       0.86      0.80      0.83        15
        41.0       0.77      0.83      0.80        12
        42.0       1.00      0.55      0.71        11
        43.0       0.94      1.00      0.97        16
        44.0       0.96      0.93      0.95        28
        45.0       0.95      1.00      0.98        21
        46.0       0.82      0.88      0.85        16
        47.0       0.85      0.85      0.85        13
        48.0       1.00      0.27      0.43        11
        49.0       0.75      1.00      0.86        12
        50.0       0.75      0.75      0.75        12
        51.0       0.92      0.86      0.89        14
        52.0       1.00      0.85      0.92        26
        53.0       0.96      0.93      0.94        27
        54.0       0.69      1.00      0.81        22
        55.0       0.81      0.85      0.83        20
        56.0       0.96      0.96      0.96        25
        57.0       0.74      0.95      0.83        21
        58.0       1.00      0.55      0.71        11
        59.0       0.50      0.12      0.20        16
        60.0       0.85      0.92      0.88        25
        61.0       0.40      0.43      0.41        14
        62.0       0.53      0.78      0.63       133
        63.0       0.89      1.00      0.94        16
        64.0       0.73      0.92      0.81        12
        65.0       0.50      0.82      0.62        17
        66.0       0.61      1.00      0.76        14
        67.0       1.00      0.82      0.90        11
        68.0       0.85      0.94      0.89        18
        69.0       0.91      1.00      0.95        30
        70.0       1.00      0.89      0.94        18
        71.0       0.77      0.67      0.71        15
        72.0       0.95      0.95      0.95        21
        73.0       0.64      0.82      0.72        11
        74.0       0.83      0.95      0.89        21
        75.0       0.89      0.89      0.89        18
        76.0       0.74      0.93      0.82        15
        77.0       0.87      0.95      0.91        21
        78.0       0.87      0.95      0.91        21
        79.0       0.77      0.91      0.83        11
        80.0       0.63      0.61      0.62        31
        81.0       0.68      0.71      0.70        21
        82.0       1.00      0.85      0.92        27
        83.0       0.86      0.92      0.89        13
        84.0       1.00      0.64      0.78        22
        85.0       0.82      0.75      0.78        12
        86.0       0.93      0.97      0.95        39
        87.0       0.80      0.71      0.75        17
        88.0       0.90      1.00      0.95        26
        89.0       0.92      0.92      0.92        12
        90.0       1.00      1.00      1.00        21
        91.0       0.85      0.93      0.89        30
        92.0       0.83      0.83      0.83        12
        93.0       0.60      0.64      0.62        14
        94.0       0.81      0.79      0.80        28
        95.0       0.96      0.88      0.92        26
        96.0       0.82      0.82      0.82        11
        97.0       0.74      0.84      0.79        31
        98.0       0.53      0.62      0.57        16
        99.0       1.00      0.71      0.83        17
       100.0       0.82      0.92      0.87        25
       101.0       0.81      0.93      0.87        28
       102.0       1.00      0.42      0.59        19
       103.0       0.69      0.84      0.76       292
       104.0       0.86      0.46      0.60        13
       105.0       0.80      0.94      0.86        17
       106.0       0.87      0.63      0.73        43
       107.0       0.80      0.92      0.86        13
       108.0       0.78      0.88      0.82        16
       109.0       1.00      0.89      0.94        18
       110.0       0.88      0.94      0.91        16
       111.0       0.87      1.00      0.93        13
       112.0       0.91      0.87      0.89        23
       113.0       0.89      0.91      0.90        34
       114.0       0.80      0.44      0.57        18
       115.0       0.91      1.00      0.95        21
       116.0       0.94      1.00      0.97        34
       117.0       0.79      0.92      0.85        12
       118.0       0.85      1.00      0.92        28
       119.0       0.80      0.96      0.87        25
       120.0       0.75      0.86      0.80        14
       121.0       0.60      0.27      0.37        11
       122.0       0.22      0.11      0.14        19
       123.0       0.60      0.79      0.68       136
       124.0       0.85      0.85      0.85        20
       125.0       0.53      0.31      0.39        58
       126.0       0.80      0.86      0.83        14
       127.0       1.00      1.00      1.00        17
       128.0       1.00      0.94      0.97        16
       129.0       0.87      0.72      0.79        18
       130.0       0.93      0.81      0.86        31
       131.0       1.00      1.00      1.00        20
       132.0       0.95      1.00      0.97        18
       133.0       0.93      0.93      0.93        15
       134.0       0.84      1.00      0.91        16
       135.0       1.00      0.85      0.92        13
       136.0       0.36      0.38      0.37        13
       137.0       0.83      0.87      0.85        39
       138.0       0.31      0.29      0.30        14
       139.0       0.34      0.53      0.42        19
       140.0       1.00      0.81      0.89        21
       141.0       0.97      0.85      0.91        46
       142.0       0.00      0.00      0.00        12
       143.0       0.78      0.88      0.82        16
       144.0       0.80      0.80      0.80        10
       145.0       0.60      0.16      0.25        19
       146.0       0.88      0.54      0.67        28
       147.0       0.62      0.42      0.50        12
       148.0       0.91      0.88      0.89        24
       149.0       0.93      0.98      0.95        52
       150.0       0.78      0.68      0.73        53
       151.0       0.92      0.73      0.81        15
       152.0       0.71      0.81      0.76        67
       153.0       0.08      0.09      0.08        11
       154.0       0.51      0.53      0.52        40
       155.0       1.00      0.88      0.93        24
       156.0       0.22      0.17      0.19        12
       157.0       0.30      0.33      0.32        18
       158.0       0.42      0.47      0.44        17
       159.0       0.60      0.50      0.55        18
       160.0       0.25      0.27      0.26        15
       161.0       0.47      0.32      0.38        25
       162.0       0.00      0.00      0.00        10
       163.0       0.86      0.38      0.52        16
       164.0       0.94      0.89      0.91        18
       165.0       0.78      0.54      0.64        13
       166.0       0.25      0.27      0.26        48
       167.0       0.95      1.00      0.98        21
       168.0       0.80      0.80      0.80        15
       169.0       1.00      0.94      0.97        17
       170.0       0.79      0.92      0.85        24
       171.0       0.94      0.81      0.87        36
       172.0       0.75      0.64      0.69        14
       173.0       0.50      0.94      0.65        17
       174.0       0.70      0.73      0.72        26
       175.0       0.71      0.45      0.56        11
       176.0       0.35      0.50      0.41        12
       177.0       0.80      0.57      0.67        21
       178.0       0.88      0.93      0.90        15
       179.0       0.67      0.43      0.52        14
       180.0       0.70      0.47      0.56        15
       181.0       0.64      0.78      0.71        23
       182.0       0.85      0.93      0.89        30
       183.0       1.00      0.83      0.91        12
       184.0       0.84      1.00      0.91        21
       185.0       0.84      0.96      0.90        28
       186.0       0.62      0.66      0.64       128
       187.0       0.77      0.87      0.82       119
       188.0       0.79      0.79      0.79        14
       189.0       0.73      0.70      0.71        23
       190.0       0.92      0.79      0.85        14
       191.0       0.56      0.42      0.48        12
       192.0       1.00      0.80      0.89        15
       193.0       0.86      0.55      0.67        11
       194.0       0.66      0.95      0.78        20
       195.0       1.00      0.09      0.17        11
       196.0       1.00      0.62      0.76        13
       197.0       1.00      0.62      0.76        13
       198.0       0.87      1.00      0.93        13
       199.0       1.00      0.43      0.60        14
       200.0       0.95      0.77      0.85        26
       201.0       0.93      0.81      0.87        16
       202.0       0.64      0.93      0.76        15
       203.0       0.96      0.83      0.89        29
       204.0       0.86      0.90      0.88        21
       205.0       1.00      1.00      1.00        15
       206.0       0.70      0.84      0.76        19
       207.0       1.00      1.00      1.00        20
       208.0       0.85      1.00      0.92        17
       209.0       0.87      0.81      0.84        16
       210.0       0.86      0.95      0.90        20
       211.0       1.00      0.92      0.96        13
       212.0       1.00      0.86      0.92        14
       213.0       0.88      0.88      0.88        17
       214.0       0.82      0.64      0.72        22
       215.0       0.85      0.79      0.81        14
       216.0       0.83      0.88      0.86        17
       217.0       1.00      0.73      0.84        11
       218.0       0.77      0.68      0.72       111
       219.0       0.83      0.97      0.89        30
       220.0       0.91      1.00      0.95        21
       221.0       1.00      0.69      0.82        13
       222.0       0.95      0.73      0.83        26
       223.0       1.00      0.94      0.97        17
       224.0       0.74      0.85      0.79        20
       225.0       0.86      0.71      0.77        17
       226.0       0.75      1.00      0.86        12
       227.0       0.60      0.46      0.52        13
       228.0       0.86      1.00      0.92        12
       229.0       0.80      0.77      0.79        31
       230.0       0.63      0.76      0.69        34
       231.0       0.25      0.08      0.12        12
       232.0       0.74      0.71      0.73        28
       233.0       0.89      0.84      0.86        19
       234.0       0.89      0.85      0.87        20
       235.0       0.78      0.70      0.74        20
       236.0       1.00      0.43      0.61        23
       237.0       0.64      0.70      0.67        20
       238.0       0.82      1.00      0.90        27
       239.0       0.96      0.87      0.92        31
       240.0       0.83      0.87      0.85        23
       241.0       0.67      0.57      0.62        14
       242.0       0.82      0.52      0.64        44
       243.0       0.74      0.88      0.81        26
       244.0       0.73      0.73      0.73        11
       245.0       0.69      0.90      0.78        20
       246.0       0.88      0.68      0.77        22
       247.0       0.93      0.65      0.76        20
       248.0       0.85      0.69      0.76        16
       249.0       0.77      0.88      0.82        26
       250.0       0.71      0.89      0.79        19
       251.0       0.85      1.00      0.92        11
       252.0       1.00      0.27      0.43        11
       253.0       0.95      0.91      0.93        23
       254.0       0.71      1.00      0.83        12
       255.0       0.73      0.50      0.59        16
       256.0       0.95      0.79      0.86        24
       257.0       0.56      0.64      0.60        14
       258.0       0.82      1.00      0.90        18
       259.0       0.96      1.00      0.98        26
       260.0       1.00      0.83      0.91        18
       261.0       0.90      0.84      0.87        31
       262.0       0.92      1.00      0.96        11
       263.0       1.00      1.00      1.00        15
       264.0       0.81      0.89      0.85        19
       265.0       1.00      0.73      0.84        11
       266.0       0.92      0.86      0.89        14
       267.0       0.89      0.62      0.73        13
       268.0       0.62      0.90      0.73        20
       269.0       0.83      1.00      0.90        19
       270.0       1.00      0.29      0.44        14
       271.0       0.85      0.92      0.89        38
       272.0       0.96      0.85      0.90        53
       273.0       0.64      0.90      0.75        31
       274.0       0.96      0.84      0.90        32
       275.0       1.00      0.90      0.95        10
       276.0       0.91      0.91      0.91        11
       277.0       0.92      1.00      0.96        12

    accuracy                           0.78      6279
   macro avg       0.80      0.76      0.77      6279
weighted avg       0.79      0.78      0.77      6279


===confusion_matrix===

[[ 7  0  0 ...  0  0  0]
 [ 0 24  0 ...  0  0  0]
 [ 1  0 15 ...  0  0  0]
 ...
 [ 0  0  0 ...  9  0  1]
 [ 0  0  0 ...  0 10  0]
 [ 0  0  0 ...  0  0 12]]

===multilabel confusion matrix===

[[[6267    1]
  [   4    7]]

 [[6252    2]
  [   1   24]]

 [[6262    1]
  [   1   15]]

 ...

 [[6269    0]
  [   1    9]]

 [[6267    1]
  [   1   10]]

 [[6266    1]
  [   0   12]]]

===scores report===
metrics	scores
Accuracy	0.7793
MCC	0.7776
log_loss	0.9843
f1 score weighted	0.7722
f1 score macro	0.7667
f1 score micro	0.7793
roc_auc ovr	0.9926
roc_auc ovo	0.9933
precision	0.7895
recall	0.7793

===Callbacks===

generate_callbacks
[<tensorflow.python.keras.callbacks.EarlyStopping object at 0x7f63ac531970>, <tensorflow.python.keras.callbacks.ReduceLROnPlateau object at 0x7f63ac531790>, <tensorflow.python.keras.callbacks.ModelCheckpoint object at 0x7f63ac531a60>]
===SCORING TEST SET ===

model_complete_evaluate
{'self': <deep_ml.DeepML object at 0x7f63ac531700>, 'x_test': array([[13, 13,  2, ...,  0,  0,  0],
       [13, 12, 12, ...,  0,  0,  0],
       [13,  6, 11, ...,  0,  0,  0],
       ...,
       [12, 11,  3, ..., 19, 15, 17],
       [13,  6, 20, ...,  0,  0,  0],
       [ 1,  5, 11, ...,  2,  4, 15]], dtype=int8), 'y_test': array([84., 84., 84., ..., 62., 62., 62.], dtype=float32), 'model': None}
report

              precision    recall  f1-score   support

         0.0       0.90      0.82      0.86        11
         1.0       0.85      0.92      0.88        25
         2.0       0.81      0.76      0.79        17
         3.0       0.65      0.85      0.73        13
         4.0       1.00      0.47      0.64        15
         5.0       0.64      0.90      0.75        10
         6.0       1.00      0.81      0.89        21
         7.0       0.46      0.26      0.33        23
         8.0       0.35      0.50      0.42        22
         9.0       0.67      0.91      0.78        34
        10.0       0.67      0.20      0.31        10
        11.0       0.83      0.79      0.81        19
        12.0       0.33      0.18      0.23        17
        13.0       0.56      0.71      0.63        14
        14.0       0.73      0.62      0.67        13
        15.0       1.00      0.73      0.84        11
        16.0       0.75      0.75      0.75        16
        17.0       0.73      0.92      0.81        12
        18.0       0.81      1.00      0.89        25
        19.0       0.92      0.42      0.58        26
        20.0       1.00      0.85      0.92        13
        21.0       1.00      0.94      0.97        16
        22.0       0.80      0.94      0.86        17
        23.0       0.83      0.45      0.59        11
        24.0       0.88      0.79      0.83        19
        25.0       0.83      0.83      0.83        18
        26.0       0.83      0.91      0.87        11
        27.0       0.64      0.54      0.58        13
        28.0       0.66      1.00      0.79        21
        29.0       0.91      0.95      0.93        22
        30.0       0.77      0.83      0.80        29
        31.0       0.94      0.94      0.94        18
        32.0       1.00      0.50      0.67        10
        33.0       0.81      0.97      0.88        30
        34.0       0.81      0.91      0.85        32
        35.0       0.70      0.54      0.61        13
        36.0       0.96      0.93      0.94        27
        37.0       0.50      0.40      0.44        15
        38.0       0.85      0.92      0.88        12
        39.0       0.00      0.00      0.00        13
        40.0       0.89      0.53      0.67        15
        41.0       0.58      0.92      0.71        12
        42.0       0.78      0.64      0.70        11
        43.0       0.94      0.94      0.94        16
        44.0       0.71      0.86      0.78        29
        45.0       0.95      0.95      0.95        22
        46.0       0.78      0.88      0.82        16
        47.0       0.55      0.46      0.50        13
        48.0       1.00      0.45      0.62        11
        49.0       0.80      0.67      0.73        12
        50.0       0.73      0.67      0.70        12
        51.0       0.76      1.00      0.87        13
        52.0       1.00      0.85      0.92        26
        53.0       0.66      0.93      0.77        27
        54.0       0.85      0.96      0.90        23
        55.0       0.67      0.95      0.78        19
        56.0       0.80      0.96      0.87        25
        57.0       0.86      0.82      0.84        22
        58.0       0.80      0.36      0.50        11
        59.0       0.00      0.00      0.00        16
        60.0       0.78      0.72      0.75        25
        61.0       0.80      0.53      0.64        15
        62.0       0.73      0.70      0.72       133
        63.0       0.93      0.81      0.87        16
        64.0       0.88      0.58      0.70        12
        65.0       0.94      0.83      0.88        18
        66.0       0.71      0.71      0.71        14
        67.0       0.91      0.91      0.91        11
        68.0       0.94      0.89      0.91        18
        69.0       0.91      1.00      0.95        30
        70.0       1.00      0.50      0.67        18
        71.0       0.75      0.80      0.77        15
        72.0       0.95      0.95      0.95        22
        73.0       1.00      0.82      0.90        11
        74.0       0.91      1.00      0.95        21
        75.0       0.71      0.94      0.81        18
        76.0       0.93      0.87      0.90        15
        77.0       0.82      0.86      0.84        21
        78.0       0.89      0.81      0.85        21
        79.0       0.64      0.64      0.64        11
        80.0       0.33      0.50      0.40        32
        81.0       1.00      0.81      0.89        21
        82.0       0.92      0.92      0.92        26
        83.0       1.00      0.92      0.96        13
        84.0       0.94      0.76      0.84        21
        85.0       0.83      0.42      0.56        12
        86.0       0.90      0.95      0.92        39
        87.0       0.91      0.59      0.71        17
        88.0       0.79      0.96      0.87        27
        89.0       1.00      0.08      0.15        12
        90.0       0.90      0.90      0.90        20
        91.0       0.81      0.97      0.88        30
        92.0       0.92      0.85      0.88        13
        93.0       0.57      0.31      0.40        13
        94.0       0.84      1.00      0.92        27
        95.0       0.89      0.92      0.91        26
        96.0       0.79      1.00      0.88        11
        97.0       0.90      0.87      0.89        31
        98.0       0.69      0.53      0.60        17
        99.0       0.85      0.94      0.89        18
       100.0       0.82      0.92      0.87        25
       101.0       0.93      0.89      0.91        28
       102.0       0.73      0.55      0.63        20
       103.0       0.64      0.89      0.74       292
       104.0       1.00      0.23      0.38        13
       105.0       0.74      0.88      0.80        16
       106.0       0.88      0.70      0.78        43
       107.0       0.61      0.85      0.71        13
       108.0       1.00      0.73      0.85        15
       109.0       0.94      0.89      0.91        18
       110.0       0.93      0.82      0.87        17
       111.0       0.93      1.00      0.97        14
       112.0       0.95      0.91      0.93        23
       113.0       0.75      0.97      0.85        34
       114.0       0.54      0.78      0.64        18
       115.0       0.90      0.86      0.88        21
       116.0       0.79      0.91      0.85        34
       117.0       1.00      0.67      0.80        12
       118.0       0.93      0.93      0.93        28
       119.0       0.96      0.96      0.96        26
       120.0       0.78      0.54      0.64        13
       121.0       0.25      0.09      0.13        11
       122.0       0.25      0.05      0.08        20
       123.0       0.65      0.59      0.62       135
       124.0       0.61      0.74      0.67        19
       125.0       0.40      0.29      0.34        58
       126.0       0.50      0.21      0.30        14
       127.0       1.00      1.00      1.00        18
       128.0       0.94      1.00      0.97        16
       129.0       0.88      0.78      0.82        18
       130.0       0.91      0.66      0.76        32
       131.0       0.86      0.95      0.90        20
       132.0       0.95      1.00      0.97        18
       133.0       0.93      0.93      0.93        14
       134.0       0.75      0.94      0.83        16
       135.0       0.89      0.62      0.73        13
       136.0       0.75      0.23      0.35        13
       137.0       0.89      0.85      0.87        39
       138.0       0.27      0.21      0.24        14
       139.0       0.39      0.58      0.47        19
       140.0       0.57      0.60      0.59        20
       141.0       0.61      0.93      0.74        45
       142.0       0.14      0.08      0.11        12
       143.0       0.67      0.82      0.74        17
       144.0       1.00      0.50      0.67        10
       145.0       0.00      0.00      0.00        19
       146.0       0.87      0.71      0.78        28
       147.0       0.33      0.33      0.33        12
       148.0       0.72      0.88      0.79        24
       149.0       0.94      0.86      0.90        51
       150.0       0.75      0.72      0.73        53
       151.0       0.89      0.50      0.64        16
       152.0       0.57      0.60      0.58        67
       153.0       0.00      0.00      0.00        10
       154.0       0.62      0.57      0.60        40
       155.0       0.75      0.84      0.79        25
       156.0       0.00      0.00      0.00        11
       157.0       0.38      0.17      0.23        18
       158.0       0.62      0.31      0.42        16
       159.0       0.56      0.56      0.56        18
       160.0       0.41      0.47      0.44        15
       161.0       0.37      0.68      0.48        25
       162.0       0.00      0.00      0.00        10
       163.0       1.00      0.07      0.12        15
       164.0       0.74      0.82      0.78        17
       165.0       0.47      0.54      0.50        13
       166.0       0.28      0.35      0.31        48
       167.0       0.68      0.95      0.79        22
       168.0       0.75      0.80      0.77        15
       169.0       0.82      0.88      0.85        16
       170.0       0.96      0.96      0.96        24
       171.0       0.66      0.86      0.75        36
       172.0       0.80      0.29      0.42        14
       173.0       0.67      0.24      0.35        17
       174.0       0.45      0.76      0.57        25
       175.0       0.60      0.50      0.55        12
       176.0       0.57      0.33      0.42        12
       177.0       0.79      0.71      0.75        21
       178.0       0.88      1.00      0.94        15
       179.0       0.67      0.27      0.38        15
       180.0       0.50      0.27      0.35        15
       181.0       0.71      0.68      0.70        22
       182.0       0.91      0.97      0.94        31
       183.0       1.00      0.08      0.15        12
       184.0       0.69      0.86      0.77        21
       185.0       0.51      0.93      0.66        29
       186.0       0.58      0.58      0.58       127
       187.0       0.86      0.84      0.85       119
       188.0       1.00      0.71      0.83        14
       189.0       0.73      0.73      0.73        22
       190.0       0.78      1.00      0.88        14
       191.0       0.67      0.17      0.27        12
       192.0       0.85      0.73      0.79        15
       193.0       0.80      0.33      0.47        12
       194.0       0.90      0.45      0.60        20
       195.0       1.00      0.09      0.17        11
       196.0       1.00      0.86      0.92        14
       197.0       0.25      0.15      0.19        13
       198.0       0.83      0.77      0.80        13
       199.0       0.50      0.53      0.52        15
       200.0       0.68      0.63      0.65        27
       201.0       0.92      0.69      0.79        16
       202.0       0.78      0.50      0.61        14
       203.0       0.96      0.90      0.93        29
       204.0       0.68      0.62      0.65        21
       205.0       0.94      1.00      0.97        16
       206.0       0.90      0.95      0.92        19
       207.0       0.86      0.95      0.90        20
       208.0       0.83      0.88      0.86        17
       209.0       0.92      0.75      0.83        16
       210.0       0.95      0.90      0.92        20
       211.0       0.56      0.64      0.60        14
       212.0       0.92      0.86      0.89        14
       213.0       0.93      0.72      0.81        18
       214.0       1.00      0.64      0.78        22
       215.0       1.00      0.93      0.96        14
       216.0       0.70      0.94      0.80        17
       217.0       1.00      0.64      0.78        11
       218.0       0.69      0.85      0.76       111
       219.0       0.90      0.97      0.93        29
       220.0       0.80      0.95      0.87        21
       221.0       0.71      0.77      0.74        13
       222.0       0.96      0.88      0.92        26
       223.0       0.88      0.82      0.85        17
       224.0       0.89      0.85      0.87        20
       225.0       1.00      0.56      0.72        16
       226.0       0.57      0.73      0.64        11
       227.0       0.86      0.46      0.60        13
       228.0       0.79      1.00      0.88        11
       229.0       0.70      0.70      0.70        30
       230.0       0.59      0.76      0.67        34
       231.0       0.32      0.58      0.41        12
       232.0       0.53      0.31      0.39        29
       233.0       0.94      0.79      0.86        19
       234.0       0.56      0.79      0.65        19
       235.0       0.65      0.75      0.70        20
       236.0       0.69      0.41      0.51        22
       237.0       0.88      0.70      0.78        20
       238.0       1.00      0.96      0.98        27
       239.0       0.60      0.94      0.73        31
       240.0       0.57      0.71      0.63        24
       241.0       0.50      0.50      0.50        14
       242.0       0.66      0.61      0.64        44
       243.0       0.90      1.00      0.95        27
       244.0       0.80      0.73      0.76        11
       245.0       0.53      0.85      0.65        20
       246.0       0.78      0.95      0.86        22
       247.0       0.46      0.80      0.58        20
       248.0       0.83      0.62      0.71        16
       249.0       0.64      0.88      0.74        26
       250.0       0.92      0.58      0.71        19
       251.0       0.91      0.91      0.91        11
       252.0       0.78      0.64      0.70        11
       253.0       0.91      0.91      0.91        22
       254.0       0.92      0.92      0.92        12
       255.0       0.57      0.75      0.65        16
       256.0       0.70      0.67      0.68        24
       257.0       0.44      0.57      0.50        14
       258.0       0.78      0.78      0.78        18
       259.0       0.80      0.92      0.86        26
       260.0       1.00      0.78      0.88        18
       261.0       0.70      0.90      0.79        31
       262.0       0.91      1.00      0.95        10
       263.0       0.94      1.00      0.97        15
       264.0       0.93      0.68      0.79        19
       265.0       1.00      1.00      1.00        10
       266.0       0.91      0.67      0.77        15
       267.0       0.58      0.54      0.56        13
       268.0       0.63      0.95      0.76        20
       269.0       0.89      0.94      0.92        18
       270.0       0.60      0.20      0.30        15
       271.0       0.97      0.92      0.95        38
       272.0       0.73      0.89      0.80        53
       273.0       0.90      0.84      0.87        31
       274.0       1.00      0.78      0.88        32
       275.0       1.00      0.90      0.95        10
       276.0       0.85      1.00      0.92        11
       277.0       0.89      0.73      0.80        11

    accuracy                           0.74      6279
   macro avg       0.76      0.71      0.71      6279
weighted avg       0.75      0.74      0.73      6279


===confusion_matrix===

[[ 9  0  0 ...  0  0  0]
 [ 0 23  0 ...  0  0  0]
 [ 0  0 13 ...  0  1  0]
 ...
 [ 0  0  0 ...  9  0  1]
 [ 0  0  0 ...  0 11  0]
 [ 0  0  0 ...  0  0  8]]

===multilabel confusion matrix===

[[[6267    1]
  [   2    9]]

 [[6250    4]
  [   2   23]]

 [[6259    3]
  [   4   13]]

 ...

 [[6269    0]
  [   1    9]]

 [[6266    2]
  [   0   11]]

 [[6267    1]
  [   3    8]]]

===scores report===
metrics	scores
Accuracy	0.7390
MCC	0.7370
log_loss	1.1504
f1 score weighted	0.7268
f1 score macro	0.7111
f1 score micro	0.7390
roc_auc ovr	0.9903
roc_auc ovo	0.9907
precision	0.7477
recall	0.7390

===Callbacks===

generate_callbacks
[<tensorflow.python.keras.callbacks.EarlyStopping object at 0x7f63ac531970>, <tensorflow.python.keras.callbacks.ReduceLROnPlateau object at 0x7f63ac531790>, <tensorflow.python.keras.callbacks.ModelCheckpoint object at 0x7f63ac531a60>]
===SCORING TEST SET ===

model_complete_evaluate
{'self': <deep_ml.DeepML object at 0x7f63ac531700>, 'x_test': array([[13,  4, 12, ...,  0,  0,  0],
       [13, 16, 16, ...,  0,  0,  0],
       [13,  3, 10, ...,  0,  0,  0],
       ...,
       [11,  9,  7, ..., 16, 10, 11],
       [17,  8,  1, ..., 10, 18, 15],
       [20, 19, 11, ...,  1, 19,  5]], dtype=int8), 'y_test': array([ 84.,  84.,  84., ...,  53.,  62., 134.], dtype=float32), 'model': None}
report

              precision    recall  f1-score   support

         0.0       0.80      0.73      0.76        11
         1.0       0.96      0.92      0.94        25
         2.0       0.80      0.94      0.86        17
         3.0       0.82      0.75      0.78        12
         4.0       0.81      0.87      0.84        15
         5.0       0.89      0.73      0.80        11
         6.0       0.95      0.86      0.90        21
         7.0       0.52      0.62      0.57        24
         8.0       0.72      0.62      0.67        21
         9.0       0.74      0.71      0.72        35
        10.0       0.64      0.64      0.64        11
        11.0       1.00      0.89      0.94        19
        12.0       0.50      0.41      0.45        17
        13.0       0.80      0.57      0.67        14
        14.0       0.90      0.64      0.75        14
        15.0       1.00      0.73      0.84        11
        16.0       0.93      0.88      0.90        16
        17.0       1.00      0.92      0.96        12
        18.0       0.92      0.92      0.92        26
        19.0       0.86      0.76      0.81        25
        20.0       0.76      1.00      0.87        13
        21.0       1.00      0.80      0.89        15
        22.0       0.89      0.89      0.89        18
        23.0       0.78      0.64      0.70        11
        24.0       0.75      0.63      0.69        19
        25.0       0.76      0.89      0.82        18
        26.0       0.59      1.00      0.74        10
        27.0       0.69      0.69      0.69        13
        28.0       1.00      0.90      0.95        21
        29.0       0.95      0.95      0.95        22
        30.0       0.93      0.97      0.95        29
        31.0       0.88      0.78      0.82        18
        32.0       0.80      0.73      0.76        11
        33.0       1.00      0.90      0.95        30
        34.0       0.88      0.91      0.89        32
        35.0       0.73      0.92      0.81        12
        36.0       1.00      0.89      0.94        27
        37.0       1.00      0.93      0.97        15
        38.0       0.69      0.92      0.79        12
        39.0       0.21      0.21      0.21        14
        40.0       0.88      0.88      0.88        16
        41.0       0.91      0.83      0.87        12
        42.0       0.90      0.82      0.86        11
        43.0       1.00      0.88      0.93        16
        44.0       0.92      0.83      0.87        29
        45.0       0.88      1.00      0.94        22
        46.0       0.65      0.94      0.77        16
        47.0       0.57      0.57      0.57        14
        48.0       1.00      0.36      0.53        11
        49.0       0.89      0.73      0.80        11
        50.0       0.55      0.92      0.69        12
        51.0       0.92      0.92      0.92        13
        52.0       0.79      0.88      0.84        26
        53.0       0.81      0.93      0.87        28
        54.0       0.87      0.87      0.87        23
        55.0       0.82      0.95      0.88        19
        56.0       1.00      0.72      0.84        25
        57.0       0.90      0.90      0.90        21
        58.0       0.91      1.00      0.95        10
        59.0       0.00      0.00      0.00        16
        60.0       0.88      0.88      0.88        25
        61.0       0.31      0.33      0.32        15
        62.0       0.65      0.79      0.71       133
        63.0       0.93      0.88      0.90        16
        64.0       0.83      0.42      0.56        12
        65.0       0.89      0.89      0.89        18
        66.0       0.67      0.80      0.73        15
        67.0       0.88      0.70      0.78        10
        68.0       0.76      0.84      0.80        19
        69.0       0.78      1.00      0.88        29
        70.0       0.91      0.56      0.69        18
        71.0       0.71      0.80      0.75        15
        72.0       1.00      1.00      1.00        22
        73.0       0.79      1.00      0.88        11
        74.0       0.91      1.00      0.95        21
        75.0       0.86      0.67      0.75        18
        76.0       0.62      1.00      0.77        15
        77.0       0.95      0.90      0.92        20
        78.0       0.95      0.95      0.95        20
        79.0       0.73      0.80      0.76        10
        80.0       0.54      0.66      0.59        32
        81.0       0.95      0.90      0.93        21
        82.0       0.89      0.96      0.93        26
        83.0       1.00      0.92      0.96        13
        84.0       0.83      0.95      0.89        21
        85.0       0.92      0.92      0.92        12
        86.0       0.93      1.00      0.96        39
        87.0       0.92      0.71      0.80        17
        88.0       0.71      1.00      0.83        27
        89.0       0.67      0.50      0.57        12
        90.0       0.86      0.90      0.88        21
        91.0       0.91      0.97      0.94        30
        92.0       1.00      0.92      0.96        12
        93.0       0.64      0.64      0.64        14
        94.0       0.90      0.96      0.93        27
        95.0       0.72      0.92      0.81        25
        96.0       0.85      0.92      0.88        12
        97.0       0.89      0.80      0.84        30
        98.0       0.83      0.62      0.71        16
        99.0       0.83      0.88      0.86        17
       100.0       0.85      0.88      0.86        25
       101.0       0.87      0.93      0.90        28
       102.0       1.00      0.68      0.81        19
       103.0       0.70      0.85      0.77       292
       104.0       1.00      0.23      0.38        13
       105.0       0.78      0.44      0.56        16
       106.0       0.74      0.67      0.71        43
       107.0       1.00      0.92      0.96        13
       108.0       0.85      0.73      0.79        15
       109.0       1.00      0.67      0.80        18
       110.0       1.00      0.82      0.90        17
       111.0       1.00      0.86      0.92        14
       112.0       0.88      0.91      0.89        23
       113.0       0.97      0.86      0.91        35
       114.0       0.76      0.72      0.74        18
       115.0       0.91      1.00      0.95        21
       116.0       0.87      0.97      0.92        34
       117.0       0.79      0.92      0.85        12
       118.0       0.88      1.00      0.93        28
       119.0       0.88      0.88      0.88        26
       120.0       0.71      0.77      0.74        13
       121.0       0.70      0.70      0.70        10
       122.0       0.11      0.10      0.11        20
       123.0       0.63      0.62      0.63       136
       124.0       1.00      0.74      0.85        19
       125.0       0.48      0.36      0.41        59
       126.0       0.58      0.79      0.67        14
       127.0       1.00      1.00      1.00        18
       128.0       0.89      0.94      0.91        17
       129.0       0.86      0.67      0.75        18
       130.0       0.84      0.84      0.84        32
       131.0       0.91      0.95      0.93        21
       132.0       0.86      1.00      0.92        18
       133.0       0.93      0.93      0.93        15
       134.0       0.67      1.00      0.80        16
       135.0       1.00      0.77      0.87        13
       136.0       0.50      0.23      0.32        13
       137.0       0.89      0.87      0.88        38
       138.0       0.30      0.20      0.24        15
       139.0       0.43      0.89      0.58        18
       140.0       0.93      0.65      0.76        20
       141.0       0.75      0.98      0.85        45
       142.0       0.00      0.00      0.00        12
       143.0       0.58      0.94      0.71        16
       144.0       0.80      0.73      0.76        11
       145.0       0.08      0.05      0.06        19
       146.0       0.85      0.82      0.84        28
       147.0       0.25      0.17      0.20        12
       148.0       0.86      0.79      0.83        24
       149.0       0.98      0.82      0.89        51
       150.0       0.76      0.74      0.75        53
       151.0       0.75      0.56      0.64        16
       152.0       0.58      0.78      0.66        68
       153.0       0.33      0.40      0.36        10
       154.0       0.55      0.59      0.57        39
       155.0       0.89      0.67      0.76        24
       156.0       0.57      0.33      0.42        12
       157.0       0.33      0.29      0.31        17
       158.0       0.40      0.38      0.39        16
       159.0       0.59      0.56      0.57        18
       160.0       0.45      0.33      0.38        15
       161.0       0.36      0.64      0.46        25
       162.0       0.36      0.50      0.42        10
       163.0       0.62      0.67      0.65        15
       164.0       0.80      0.94      0.86        17
       165.0       0.86      0.46      0.60        13
       166.0       0.24      0.32      0.28        47
       167.0       0.92      1.00      0.96        22
       168.0       0.75      0.60      0.67        15
       169.0       1.00      0.94      0.97        16
       170.0       1.00      0.92      0.96        24
       171.0       0.90      0.80      0.85        35
       172.0       0.85      0.73      0.79        15
       173.0       0.83      0.59      0.69        17
       174.0       0.73      0.76      0.75        25
       175.0       0.50      0.58      0.54        12
       176.0       0.69      0.75      0.72        12
       177.0       0.64      0.70      0.67        20
       178.0       0.88      0.94      0.91        16
       179.0       0.75      0.60      0.67        15
       180.0       0.83      0.31      0.45        16
       181.0       0.95      0.83      0.88        23
       182.0       0.89      1.00      0.94        31
       183.0       1.00      0.91      0.95        11
       184.0       0.80      0.95      0.87        21
       185.0       0.72      0.97      0.82        29
       186.0       0.67      0.57      0.61       127
       187.0       0.74      0.84      0.78       119
       188.0       0.89      0.62      0.73        13
       189.0       0.67      0.73      0.70        22
       190.0       0.87      0.87      0.87        15
       191.0       0.75      0.75      0.75        12
       192.0       0.94      0.94      0.94        16
       193.0       0.38      0.25      0.30        12
       194.0       0.83      0.71      0.77        21
       195.0       0.70      0.64      0.67        11
       196.0       0.92      0.85      0.88        13
       197.0       0.79      0.85      0.81        13
       198.0       0.88      1.00      0.93        14
       199.0       0.56      0.67      0.61        15
       200.0       0.76      0.73      0.75        26
       201.0       1.00      0.69      0.81        16
       202.0       0.88      1.00      0.93        14
       203.0       0.96      0.96      0.96        28
       204.0       0.93      0.67      0.78        21
       205.0       0.94      1.00      0.97        16
       206.0       1.00      0.78      0.88        18
       207.0       0.95      0.95      0.95        19
       208.0       0.82      0.82      0.82        17
       209.0       0.92      0.75      0.83        16
       210.0       0.95      1.00      0.98        21
       211.0       0.89      0.57      0.70        14
       212.0       1.00      0.71      0.83        14
       213.0       0.74      0.94      0.83        18
       214.0       0.86      0.55      0.67        22
       215.0       0.94      1.00      0.97        15
       216.0       0.94      0.94      0.94        16
       217.0       0.90      0.82      0.86        11
       218.0       0.78      0.80      0.79       110
       219.0       0.87      0.90      0.88        29
       220.0       0.95      1.00      0.98        21
       221.0       0.80      0.92      0.86        13
       222.0       0.96      0.96      0.96        26
       223.0       0.79      0.88      0.83        17
       224.0       0.88      0.75      0.81        20
       225.0       0.94      0.94      0.94        16
       226.0       0.89      0.73      0.80        11
       227.0       0.86      0.86      0.86        14
       228.0       0.91      0.91      0.91        11
       229.0       0.70      0.77      0.73        30
       230.0       0.86      0.56      0.68        34
       231.0       1.00      0.08      0.15        12
       232.0       0.71      0.52      0.60        29
       233.0       0.87      0.68      0.76        19
       234.0       0.78      0.74      0.76        19
       235.0       0.81      0.85      0.83        20
       236.0       0.57      0.36      0.44        22
       237.0       0.86      0.95      0.90        20
       238.0       1.00      1.00      1.00        28
       239.0       0.82      0.87      0.84        31
       240.0       0.73      0.79      0.76        24
       241.0       0.77      0.71      0.74        14
       242.0       0.70      0.75      0.73        44
       243.0       0.92      0.89      0.91        27
       244.0       1.00      1.00      1.00        11
       245.0       0.91      1.00      0.95        20
       246.0       0.62      0.73      0.67        22
       247.0       0.57      0.65      0.60        20
       248.0       1.00      0.88      0.93        16
       249.0       1.00      0.68      0.81        25
       250.0       0.88      0.83      0.86        18
       251.0       1.00      0.75      0.86        12
       252.0       0.75      0.30      0.43        10
       253.0       0.92      1.00      0.96        22
       254.0       0.59      1.00      0.74        13
       255.0       0.53      0.50      0.52        16
       256.0       0.78      0.75      0.77        24
       257.0       0.92      0.80      0.86        15
       258.0       0.94      0.83      0.88        18
       259.0       0.92      0.88      0.90        26
       260.0       0.74      0.94      0.83        18
       261.0       0.91      0.94      0.92        32
       262.0       0.89      0.80      0.84        10
       263.0       0.88      1.00      0.93        14
       264.0       1.00      0.95      0.97        19
       265.0       1.00      1.00      1.00        11
       266.0       1.00      0.80      0.89        15
       267.0       0.70      0.54      0.61        13
       268.0       0.86      0.90      0.88        20
       269.0       0.95      1.00      0.97        18
       270.0       0.67      0.14      0.24        14
       271.0       0.97      0.82      0.89        38
       272.0       0.84      0.89      0.86        53
       273.0       0.71      0.83      0.77        30
       274.0       0.71      0.69      0.70        32
       275.0       0.91      1.00      0.95        10
       276.0       1.00      1.00      1.00        12
       277.0       0.91      0.91      0.91        11

    accuracy                           0.78      6279
   macro avg       0.80      0.77      0.77      6279
weighted avg       0.79      0.78      0.77      6279


===confusion_matrix===

[[ 8  0  0 ...  0  0  0]
 [ 0 23  0 ...  0  0  0]
 [ 0  0 16 ...  0  0  0]
 ...
 [ 0  0  0 ... 10  0  0]
 [ 0  0  0 ...  0 12  0]
 [ 0  0  0 ...  1  0 10]]

===multilabel confusion matrix===

[[[6266    2]
  [   3    8]]

 [[6253    1]
  [   2   23]]

 [[6258    4]
  [   1   16]]

 ...

 [[6268    1]
  [   0   10]]

 [[6267    0]
  [   0   12]]

 [[6267    1]
  [   1   10]]]

===scores report===
metrics	scores
Accuracy	0.7793
MCC	0.7776
log_loss	0.9603
f1 score weighted	0.7745
f1 score macro	0.7740
f1 score micro	0.7793
roc_auc ovr	0.9926
roc_auc ovo	0.9934
precision	0.7875
recall	0.7793

===Callbacks===

generate_callbacks
[<tensorflow.python.keras.callbacks.EarlyStopping object at 0x7f63ac531970>, <tensorflow.python.keras.callbacks.ReduceLROnPlateau object at 0x7f63ac531790>, <tensorflow.python.keras.callbacks.ModelCheckpoint object at 0x7f63ac531a60>]
===SCORING TEST SET ===

model_complete_evaluate
{'self': <deep_ml.DeepML object at 0x7f63ac531700>, 'x_test': array([[13, 16,  8, ...,  0,  0,  0],
       [13, 16,  7, ...,  0,  0,  0],
       [13,  3, 15, ...,  0,  0,  0],
       ...,
       [ 1, 15,  1, ..., 15, 12, 13],
       [13,  1,  7, ...,  0,  0,  0],
       [13,  1, 20, ...,  0,  0,  0]], dtype=int8), 'y_test': array([ 84.,  84.,  84., ..., 103.,  80.,  62.], dtype=float32), 'model': None}
report

              precision    recall  f1-score   support

         0.0       0.47      0.90      0.62        10
         1.0       1.00      0.96      0.98        25
         2.0       0.84      0.94      0.89        17
         3.0       0.69      0.92      0.79        12
         4.0       0.88      0.47      0.61        15
         5.0       0.88      0.70      0.78        10
         6.0       0.88      1.00      0.94        22
         7.0       0.45      0.39      0.42        23
         8.0       0.57      0.57      0.57        21
         9.0       0.64      0.71      0.68        35
        10.0       0.67      0.18      0.29        11
        11.0       0.86      1.00      0.93        19
        12.0       0.60      0.50      0.55        18
        13.0       0.90      0.60      0.72        15
        14.0       1.00      0.79      0.88        14
        15.0       0.91      1.00      0.95        10
        16.0       1.00      0.94      0.97        16
        17.0       0.71      0.91      0.80        11
        18.0       0.53      0.88      0.67        26
        19.0       0.89      0.68      0.77        25
        20.0       0.85      0.92      0.88        12
        21.0       1.00      0.80      0.89        15
        22.0       0.71      1.00      0.83        17
        23.0       0.50      0.09      0.15        11
        24.0       0.76      0.68      0.72        19
        25.0       1.00      0.78      0.88        18
        26.0       0.73      0.80      0.76        10
        27.0       0.83      0.71      0.77        14
        28.0       0.83      0.95      0.89        21
        29.0       0.88      0.96      0.92        23
        30.0       0.72      0.97      0.82        29
        31.0       0.88      0.82      0.85        17
        32.0       0.45      0.82      0.58        11
        33.0       0.70      0.87      0.78        30
        34.0       0.89      0.78      0.83        32
        35.0       0.83      0.83      0.83        12
        36.0       1.00      0.93      0.96        27
        37.0       0.73      0.53      0.62        15
        38.0       1.00      1.00      1.00        11
        39.0       0.50      0.23      0.32        13
        40.0       0.92      0.75      0.83        16
        41.0       0.75      1.00      0.86        12
        42.0       0.71      0.45      0.56        11
        43.0       0.79      0.94      0.86        16
        44.0       0.96      0.93      0.95        28
        45.0       0.92      1.00      0.96        22
        46.0       0.54      0.88      0.67        16
        47.0       0.50      0.38      0.43        13
        48.0       0.50      0.33      0.40        12
        49.0       1.00      1.00      1.00        11
        50.0       0.60      0.50      0.55        12
        51.0       0.93      1.00      0.96        13
        52.0       0.77      0.92      0.84        26
        53.0       0.92      0.81      0.86        27
        54.0       0.65      0.96      0.77        23
        55.0       0.54      0.79      0.64        19
        56.0       0.89      1.00      0.94        25
        57.0       1.00      0.86      0.92        21
        58.0       0.43      0.30      0.35        10
        59.0       1.00      0.06      0.12        16
        60.0       0.80      0.67      0.73        24
        61.0       1.00      0.33      0.50        15
        62.0       0.64      0.77      0.70       133
        63.0       1.00      1.00      1.00        15
        64.0       0.59      0.83      0.69        12
        65.0       1.00      0.65      0.79        17
        66.0       1.00      0.71      0.83        14
        67.0       0.79      1.00      0.88        11
        68.0       1.00      0.74      0.85        19
        69.0       0.97      1.00      0.98        29
        70.0       0.74      0.89      0.81        19
        71.0       0.63      0.80      0.71        15
        72.0       0.96      1.00      0.98        22
        73.0       0.57      0.73      0.64        11
        74.0       1.00      0.82      0.90        22
        75.0       0.89      1.00      0.94        17
        76.0       0.67      0.93      0.78        15
        77.0       1.00      0.85      0.92        20
        78.0       0.95      0.90      0.93        21
        79.0       0.71      0.50      0.59        10
        80.0       0.50      0.52      0.51        31
        81.0       0.66      0.90      0.76        21
        82.0       0.77      0.88      0.82        26
        83.0       1.00      0.92      0.96        13
        84.0       0.76      0.90      0.83        21
        85.0       0.60      0.75      0.67        12
        86.0       0.95      0.95      0.95        39
        87.0       0.59      0.76      0.67        17
        88.0       0.96      0.96      0.96        27
        89.0       0.91      0.83      0.87        12
        90.0       0.88      1.00      0.93        21
        91.0       0.93      0.93      0.93        30
        92.0       1.00      0.67      0.80        12
        93.0       0.73      0.57      0.64        14
        94.0       0.89      0.93      0.91        27
        95.0       0.96      0.96      0.96        25
        96.0       0.75      0.82      0.78        11
        97.0       0.72      0.77      0.74        30
        98.0       0.75      0.75      0.75        16
        99.0       0.62      0.94      0.74        17
       100.0       0.84      0.84      0.84        25
       101.0       0.92      0.82      0.87        28
       102.0       1.00      0.11      0.19        19
       103.0       0.76      0.87      0.81       291
       104.0       0.82      0.69      0.75        13
       105.0       1.00      1.00      1.00        16
       106.0       0.70      0.59      0.64        44
       107.0       0.81      1.00      0.90        13
       108.0       0.88      0.94      0.91        16
       109.0       1.00      1.00      1.00        19
       110.0       0.60      0.94      0.73        16
       111.0       0.93      0.93      0.93        14
       112.0       0.85      0.96      0.90        23
       113.0       0.89      0.97      0.93        34
       114.0       0.52      0.79      0.62        19
       115.0       1.00      1.00      1.00        21
       116.0       0.82      0.94      0.88        34
       117.0       0.50      0.58      0.54        12
       118.0       0.97      1.00      0.98        29
       119.0       0.86      0.96      0.91        26
       120.0       0.62      0.62      0.62        13
       121.0       0.50      0.20      0.29        10
       122.0       0.00      0.00      0.00        19
       123.0       0.52      0.68      0.59       136
       124.0       0.67      0.95      0.78        19
       125.0       0.25      0.16      0.19        58
       126.0       0.81      0.93      0.87        14
       127.0       1.00      0.94      0.97        18
       128.0       0.74      1.00      0.85        17
       129.0       1.00      0.89      0.94        18
       130.0       1.00      0.81      0.90        32
       131.0       1.00      1.00      1.00        20
       132.0       0.77      1.00      0.87        17
       133.0       1.00      0.93      0.97        15
       134.0       0.79      0.88      0.83        17
       135.0       0.90      0.69      0.78        13
       136.0       0.27      0.46      0.34        13
       137.0       0.86      0.79      0.82        38
       138.0       0.25      0.07      0.11        15
       139.0       0.37      0.79      0.50        19
       140.0       1.00      0.86      0.92        21
       141.0       0.77      0.98      0.86        45
       142.0       0.00      0.00      0.00        12
       143.0       0.75      0.56      0.64        16
       144.0       0.57      0.73      0.64        11
       145.0       0.27      0.17      0.21        18
       146.0       0.80      0.86      0.83        28
       147.0       0.75      0.55      0.63        11
       148.0       1.00      0.83      0.90        23
       149.0       0.83      0.92      0.87        52
       150.0       0.84      0.69      0.76        54
       151.0       0.82      0.56      0.67        16
       152.0       0.68      0.78      0.73        68
       153.0       0.50      0.09      0.15        11
       154.0       0.93      0.65      0.76        40
       155.0       0.77      0.83      0.80        24
       156.0       0.00      0.00      0.00        12
       157.0       0.50      0.28      0.36        18
       158.0       0.42      0.31      0.36        16
       159.0       0.26      0.50      0.34        18
       160.0       0.00      0.00      0.00        15
       161.0       0.25      0.12      0.16        25
       162.0       0.33      0.10      0.15        10
       163.0       0.23      0.19      0.21        16
       164.0       1.00      0.89      0.94        18
       165.0       0.75      0.75      0.75        12
       166.0       0.38      0.13      0.19        47
       167.0       0.91      1.00      0.95        21
       168.0       0.37      0.87      0.52        15
       169.0       0.67      0.94      0.78        17
       170.0       0.92      1.00      0.96        24
       171.0       0.78      0.89      0.83        36
       172.0       0.64      0.64      0.64        14
       173.0       0.43      0.56      0.49        16
       174.0       0.70      0.64      0.67        25
       175.0       0.29      0.50      0.36        12
       176.0       0.31      0.33      0.32        12
       177.0       0.73      0.55      0.63        20
       178.0       0.74      0.93      0.82        15
       179.0       0.33      0.50      0.40        14
       180.0       0.83      0.31      0.45        16
       181.0       0.50      0.48      0.49        23
       182.0       0.97      0.97      0.97        31
       183.0       0.89      0.67      0.76        12
       184.0       0.91      0.95      0.93        22
       185.0       0.96      0.90      0.93        29
       186.0       0.66      0.51      0.58       127
       187.0       0.70      0.82      0.75       119
       188.0       0.77      0.71      0.74        14
       189.0       0.77      0.91      0.83        22
       190.0       0.88      0.47      0.61        15
       191.0       0.33      0.08      0.13        12
       192.0       0.88      0.93      0.90        15
       193.0       0.75      0.25      0.38        12
       194.0       0.77      0.48      0.59        21
       195.0       0.33      0.10      0.15        10
       196.0       0.67      0.92      0.77        13
       197.0       0.56      0.36      0.43        14
       198.0       0.83      0.71      0.77        14
       199.0       0.40      0.13      0.20        15
       200.0       0.69      0.69      0.69        26
       201.0       0.64      0.88      0.74        16
       202.0       0.88      0.47      0.61        15
       203.0       1.00      0.86      0.93        29
       204.0       0.84      0.73      0.78        22
       205.0       0.74      0.93      0.82        15
       206.0       0.89      0.89      0.89        19
       207.0       1.00      1.00      1.00        19
       208.0       0.79      0.88      0.83        17
       209.0       0.33      0.94      0.49        16
       210.0       1.00      0.95      0.97        20
       211.0       0.75      0.86      0.80        14
       212.0       0.92      0.79      0.85        14
       213.0       0.76      0.89      0.82        18
       214.0       0.61      0.77      0.68        22
       215.0       0.76      0.93      0.84        14
       216.0       0.75      0.71      0.73        17
       217.0       1.00      0.70      0.82        10
       218.0       0.70      0.85      0.77       110
       219.0       0.90      0.90      0.90        29
       220.0       0.90      0.90      0.90        21
       221.0       0.60      0.86      0.71        14
       222.0       1.00      0.88      0.94        26
       223.0       0.76      1.00      0.86        16
       224.0       0.82      0.67      0.74        21
       225.0       1.00      0.41      0.58        17
       226.0       0.71      0.83      0.77        12
       227.0       0.60      0.92      0.73        13
       228.0       0.69      1.00      0.81        11
       229.0       0.92      0.80      0.86        30
       230.0       0.54      0.79      0.64        34
       231.0       0.17      0.08      0.11        13
       232.0       0.92      0.38      0.54        29
       233.0       0.72      0.68      0.70        19
       234.0       0.76      0.84      0.80        19
       235.0       0.81      1.00      0.89        21
       236.0       1.00      0.18      0.31        22
       237.0       0.93      0.70      0.80        20
       238.0       0.92      0.85      0.88        27
       239.0       0.95      0.70      0.81        30
       240.0       0.71      0.87      0.78        23
       241.0       0.44      0.29      0.35        14
       242.0       0.44      0.62      0.52        45
       243.0       0.92      0.89      0.91        27
       244.0       0.92      0.92      0.92        12
       245.0       1.00      0.75      0.86        20
       246.0       1.00      0.77      0.87        22
       247.0       0.69      0.55      0.61        20
       248.0       1.00      0.94      0.97        16
       249.0       0.73      0.96      0.83        25
       250.0       1.00      0.50      0.67        18
       251.0       1.00      1.00      1.00        12
       252.0       1.00      0.20      0.33        10
       253.0       0.95      0.95      0.95        22
       254.0       1.00      0.85      0.92        13
       255.0       0.40      0.12      0.19        16
       256.0       0.92      0.92      0.92        24
       257.0       0.67      0.67      0.67        15
       258.0       0.86      1.00      0.92        18
       259.0       0.89      0.92      0.91        26
       260.0       0.95      1.00      0.97        19
       261.0       0.92      0.77      0.84        31
       262.0       0.77      0.91      0.83        11
       263.0       1.00      0.93      0.97        15
       264.0       0.81      0.94      0.87        18
       265.0       1.00      0.82      0.90        11
       266.0       1.00      0.60      0.75        15
       267.0       0.40      0.15      0.22        13
       268.0       0.84      0.76      0.80        21
       269.0       0.86      1.00      0.93        19
       270.0       1.00      0.07      0.13        14
       271.0       0.92      0.87      0.89        38
       272.0       0.83      0.98      0.90        53
       273.0       0.95      0.60      0.73        30
       274.0       0.88      0.88      0.88        32
       275.0       0.90      0.90      0.90        10
       276.0       0.80      1.00      0.89        12
       277.0       0.83      0.91      0.87        11

    accuracy                           0.75      6279
   macro avg       0.76      0.73      0.72      6279
weighted avg       0.76      0.75      0.74      6279


===confusion_matrix===

[[ 9  0  0 ...  0  0  0]
 [ 0 24  0 ...  0  0  0]
 [ 0  0 16 ...  0  0  0]
 ...
 [ 0  0  0 ...  9  1  0]
 [ 0  0  0 ...  0 12  0]
 [ 0  0  0 ...  0  0 10]]

===multilabel confusion matrix===

[[[6259   10]
  [   1    9]]

 [[6254    0]
  [   1   24]]

 [[6259    3]
  [   1   16]]

 ...

 [[6268    1]
  [   1    9]]

 [[6264    3]
  [   0   12]]

 [[6266    2]
  [   1   10]]]

===scores report===
metrics	scores
Accuracy	0.7523
MCC	0.7506
log_loss	1.0711
f1 score weighted	0.7382
f1 score macro	0.7218
f1 score micro	0.7523
roc_auc ovr	0.9923
roc_auc ovo	0.9927
precision	0.7591
recall	0.7523

===TRAIN MODELS with CV===

train_model_cv	Accuracy	MCC	log_loss	f1 score weighted	f1 score macro	f1 score micro	roc_auc ovr	roc_auc ovo	precision	recall
0	0.7557324840764331	0.7539127413577743	1.0194293525693223	0.7480148504661153	0.7497989560287148	0.7557324840764331	0.9920808067240359	0.992757613679877	0.7729129773662364	0.7557324840764331
1	0.7792642140468228	0.7776127233252594	0.9842693797340585	0.7721596081656588	0.7666586621792413	0.7792642140468229	0.9926236321221884	0.993277382964835	0.7894607191021124	0.7792642140468228
2	0.7389711737537824	0.7370262799557398	1.1503595300512837	0.7267989692529128	0.7110527708090985	0.7389711737537823	0.9903192091899256	0.9906603255110253	0.7477194330015309	0.7389711737537824
3	0.7792642140468228	0.7776118092345836	0.9603232969504925	0.7745056015618323	0.7739854988185473	0.7792642140468229	0.9925756123221596	0.9933887783047144	0.7874614464272214	0.7792642140468228
4	0.7523491001751871	0.7505569350491245	1.071087708146191	0.7381561609431302	0.7218426270418505	0.7523491001751871	0.9922870924161187	0.9927392328046301	0.7590711336109522	0.7523491001751871
mean	0.7611162372198097	0.7593440977844963	1.0370938534902696	0.7519270380779298	0.7446677029754905	0.7611162372198097	0.9919772705548857	0.9925646666530163	0.7713251419016106	0.7611162372198097
std	0.0158426604559335	0.01595149406784104	0.06779509364699787	0.018737718821660535	0.024578091681902326	0.015842660455933584	0.0008522526573903022	0.0009880629167355805	0.016119496998753754	0.0158426604559335

Accuracy
MCC
log_loss
f1 score weighted
f1 score macro
f1 score micro
roc_auc ovr
roc_auc ovo
precision
recallFinished train_model_cv in 13960.7281 secs

