/home/amsequeira/enzymeClassification/models/embedding/64_64_32_500_pre_pre_bilstm_attentio_cv_only_enz_emb_8_lev4_ec50
self
x_train
y_train
x_test
y_test
number_classes
problem_type
x_dval
y_dval
model
epochs
batch_size
callbacks
reduce_lr
early_stopping
checkpoint
tensorboard
early_stopping_patience
reduce_lr_patience
reduce_lr_factor
reduce_lr_min
path
report_name
verbose
validation_split
shuffle
class_weights
===Callbacks===

generate_callbacks
[<tensorflow.python.keras.callbacks.EarlyStopping object at 0x7f82445b00a0>, <tensorflow.python.keras.callbacks.ReduceLROnPlateau object at 0x7f82445b0220>, <tensorflow.python.keras.callbacks.ModelCheckpoint object at 0x7f82445b01c0>]
===SCORING TEST SET ===

model_complete_evaluate
{'self': <deep_ml.DeepML object at 0x7f826433aee0>, 'x_test': array([[ 0,  0,  0, ...,  1, 19, 16],
       [ 0,  0,  0, ..., 14,  0, 14],
       [15, 15, 15, ..., 14, 15, 10],
       ...,
       [16, 16,  3, ..., 10,  1, 14],
       [ 6,  7,  3, ..., 16,  0, 14],
       [ 0,  0,  0, ...,  7,  1, 17]], dtype=int8), 'y_test': array([ 84.,  84., 213., ...,  62.,  62.,  62.], dtype=float32), 'model': None}
report

              precision    recall  f1-score   support

         0.0       0.69      0.90      0.78        10
         1.0       0.92      0.96      0.94        25
         2.0       0.94      1.00      0.97        16
         3.0       0.82      0.75      0.78        12
         4.0       0.73      0.53      0.62        15
         5.0       0.75      0.90      0.82        10
         6.0       0.90      0.90      0.90        21
         7.0       0.80      0.70      0.74        23
         8.0       0.63      0.55      0.59        22
         9.0       0.53      0.74      0.62        35
        10.0       0.56      0.45      0.50        11
        11.0       0.88      0.79      0.83        19
        12.0       0.50      0.67      0.57        18
        13.0       0.93      1.00      0.97        14
        14.0       0.80      0.86      0.83        14
        15.0       1.00      0.90      0.95        10
        16.0       1.00      0.75      0.86        16
        17.0       0.85      0.92      0.88        12
        18.0       0.85      0.85      0.85        26
        19.0       0.77      0.92      0.84        26
        20.0       1.00      1.00      1.00        13
        21.0       1.00      0.88      0.93        16
        22.0       1.00      0.94      0.97        17
        23.0       0.60      0.82      0.69        11
        24.0       0.86      1.00      0.92        18
        25.0       0.94      0.89      0.91        18
        26.0       0.83      1.00      0.91        10
        27.0       0.75      0.92      0.83        13
        28.0       0.83      0.95      0.88        20
        29.0       1.00      0.91      0.95        23
        30.0       0.88      1.00      0.94        29
        31.0       0.75      1.00      0.86        18
        32.0       0.89      0.80      0.84        10
        33.0       1.00      0.97      0.98        31
        34.0       0.97      0.94      0.95        32
        35.0       0.82      0.75      0.78        12
        36.0       0.96      0.96      0.96        27
        37.0       1.00      0.80      0.89        15
        38.0       0.91      0.91      0.91        11
        39.0       0.50      0.23      0.32        13
        40.0       1.00      1.00      1.00        15
        41.0       0.92      1.00      0.96        12
        42.0       0.80      0.40      0.53        10
        43.0       0.89      1.00      0.94        17
        44.0       0.96      0.96      0.96        28
        45.0       1.00      0.95      0.98        21
        46.0       0.75      0.75      0.75        16
        47.0       0.62      0.77      0.69        13
        48.0       0.92      1.00      0.96        11
        49.0       0.79      0.92      0.85        12
        50.0       0.69      0.75      0.72        12
        51.0       0.93      1.00      0.97        14
        52.0       0.96      0.96      0.96        26
        53.0       0.96      0.93      0.94        27
        54.0       0.96      1.00      0.98        22
        55.0       0.89      0.85      0.87        20
        56.0       0.96      1.00      0.98        25
        57.0       0.95      0.90      0.93        21
        58.0       0.90      0.82      0.86        11
        59.0       0.50      0.31      0.38        16
        60.0       0.88      0.96      0.92        24
        61.0       0.90      0.64      0.75        14
        62.0       0.72      0.86      0.78       133
        63.0       1.00      0.94      0.97        16
        64.0       0.80      0.73      0.76        11
        65.0       0.75      0.71      0.73        17
        66.0       0.81      0.93      0.87        14
        67.0       0.82      0.82      0.82        11
        68.0       0.79      0.79      0.79        19
        69.0       0.94      1.00      0.97        30
        70.0       0.94      0.94      0.94        18
        71.0       0.83      0.67      0.74        15
        72.0       0.81      0.95      0.88        22
        73.0       0.85      1.00      0.92        11
        74.0       0.92      1.00      0.96        22
        75.0       1.00      0.94      0.97        17
        76.0       0.82      0.93      0.87        15
        77.0       0.86      0.90      0.88        21
        78.0       0.88      1.00      0.93        21
        79.0       1.00      0.80      0.89        10
        80.0       0.55      0.87      0.67        31
        81.0       0.84      1.00      0.91        21
        82.0       0.90      1.00      0.95        27
        83.0       1.00      0.77      0.87        13
        84.0       1.00      0.86      0.93        22
        85.0       0.71      0.83      0.77        12
        86.0       0.97      1.00      0.99        39
        87.0       0.94      0.94      0.94        17
        88.0       0.96      0.89      0.92        27
        89.0       0.83      0.83      0.83        12
        90.0       0.95      0.95      0.95        21
        91.0       1.00      0.97      0.98        30
        92.0       0.92      1.00      0.96        12
        93.0       0.82      0.64      0.72        14
        94.0       0.88      1.00      0.93        28
        95.0       0.83      0.92      0.87        26
        96.0       1.00      0.91      0.95        11
        97.0       0.82      0.93      0.87        30
        98.0       0.89      1.00      0.94        16
        99.0       0.73      0.94      0.82        17
       100.0       0.95      0.88      0.91        24
       101.0       0.82      0.96      0.89        28
       102.0       0.73      0.42      0.53        19
       103.0       0.83      0.85      0.84       291
       104.0       0.70      0.54      0.61        13
       105.0       0.70      0.88      0.78        16
       106.0       0.83      0.77      0.80        44
       107.0       0.86      1.00      0.92        12
       108.0       0.88      0.94      0.91        16
       109.0       0.95      1.00      0.97        19
       110.0       0.94      1.00      0.97        16
       111.0       0.93      0.93      0.93        14
       112.0       0.91      0.91      0.91        23
       113.0       0.97      0.85      0.91        34
       114.0       0.94      0.89      0.91        18
       115.0       1.00      0.90      0.95        21
       116.0       0.97      0.97      0.97        34
       117.0       0.86      0.92      0.89        13
       118.0       0.95      0.75      0.84        28
       119.0       0.78      0.96      0.86        26
       120.0       0.93      0.93      0.93        14
       121.0       1.00      0.82      0.90        11
       122.0       0.21      0.32      0.26        19
       123.0       0.78      0.82      0.80       136
       124.0       0.85      0.85      0.85        20
       125.0       0.48      0.60      0.53        58
       126.0       0.77      0.77      0.77        13
       127.0       0.89      1.00      0.94        17
       128.0       0.94      1.00      0.97        17
       129.0       0.94      0.88      0.91        17
       130.0       0.80      0.88      0.84        32
       131.0       1.00      1.00      1.00        20
       132.0       0.89      0.94      0.91        17
       133.0       0.88      1.00      0.94        15
       134.0       0.93      0.82      0.87        17
       135.0       0.86      0.92      0.89        13
       136.0       0.93      1.00      0.96        13
       137.0       0.94      0.87      0.90        38
       138.0       0.62      0.33      0.43        15
       139.0       0.82      0.47      0.60        19
       140.0       0.74      0.67      0.70        21
       141.0       0.96      0.98      0.97        45
       142.0       0.20      0.09      0.13        11
       143.0       0.80      1.00      0.89        16
       144.0       0.80      0.40      0.53        10
       145.0       0.28      0.28      0.28        18
       146.0       0.86      0.89      0.88        28
       147.0       0.90      0.82      0.86        11
       148.0       0.71      0.74      0.72        23
       149.0       0.87      0.88      0.88        52
       150.0       0.77      0.63      0.69        54
       151.0       0.62      0.81      0.70        16
       152.0       0.90      0.78      0.83        67
       153.0       0.71      0.45      0.56        11
       154.0       0.93      0.65      0.76        40
       155.0       0.90      0.79      0.84        24
       156.0       0.60      0.25      0.35        12
       157.0       0.70      0.39      0.50        18
       158.0       0.53      0.59      0.56        17
       159.0       0.68      0.68      0.68        19
       160.0       0.40      0.27      0.32        15
       161.0       0.35      0.44      0.39        25
       162.0       0.57      0.36      0.44        11
       163.0       0.57      0.75      0.65        16
       164.0       0.94      0.89      0.91        18
       165.0       0.70      0.58      0.64        12
       166.0       0.56      0.50      0.53        48
       167.0       1.00      0.90      0.95        21
       168.0       0.86      0.80      0.83        15
       169.0       0.88      0.88      0.88        17
       170.0       0.96      0.96      0.96        24
       171.0       0.87      0.94      0.91        36
       172.0       1.00      0.79      0.88        14
       173.0       0.83      0.88      0.86        17
       174.0       0.95      0.81      0.88        26
       175.0       0.56      0.91      0.69        11
       176.0       0.55      0.50      0.52        12
       177.0       0.69      0.86      0.77        21
       178.0       1.00      0.93      0.97        15
       179.0       0.55      0.43      0.48        14
       180.0       1.00      0.53      0.70        15
       181.0       0.77      0.74      0.76        23
       182.0       0.94      0.97      0.95        30
       183.0       0.92      0.92      0.92        12
       184.0       1.00      0.64      0.78        22
       185.0       1.00      1.00      1.00        28
       186.0       0.83      0.66      0.73       128
       187.0       0.87      0.90      0.88       119
       188.0       0.80      0.86      0.83        14
       189.0       0.67      0.87      0.75        23
       190.0       0.93      1.00      0.97        14
       191.0       0.62      0.83      0.71        12
       192.0       0.83      1.00      0.91        15
       193.0       0.50      0.67      0.57        12
       194.0       0.56      0.70      0.62        20
       195.0       0.89      0.73      0.80        11
       196.0       0.92      0.92      0.92        13
       197.0       0.89      0.62      0.73        13
       198.0       0.92      0.86      0.89        14
       199.0       0.53      0.53      0.53        15
       200.0       0.86      0.69      0.77        26
       201.0       0.70      0.82      0.76        17
       202.0       0.90      0.60      0.72        15
       203.0       0.96      0.93      0.95        29
       204.0       0.91      0.95      0.93        22
       205.0       1.00      1.00      1.00        15
       206.0       0.79      0.79      0.79        19
       207.0       1.00      0.95      0.97        19
       208.0       1.00      0.88      0.94        17
       209.0       0.58      0.94      0.71        16
       210.0       0.77      1.00      0.87        20
       211.0       0.87      1.00      0.93        13
       212.0       0.81      0.93      0.87        14
       213.0       0.93      0.82      0.87        17
       214.0       0.81      0.95      0.88        22
       215.0       1.00      1.00      1.00        14
       216.0       1.00      1.00      1.00        17
       217.0       0.82      0.90      0.86        10
       218.0       0.85      0.78      0.82       110
       219.0       0.92      0.79      0.85        29
       220.0       0.95      1.00      0.98        21
       221.0       0.65      1.00      0.79        13
       222.0       1.00      1.00      1.00        26
       223.0       0.92      0.75      0.83        16
       224.0       1.00      0.95      0.98        21
       225.0       1.00      0.94      0.97        17
       226.0       0.90      0.75      0.82        12
       227.0       0.91      0.77      0.83        13
       228.0       0.91      0.83      0.87        12
       229.0       0.97      0.94      0.95        31
       230.0       0.74      0.82      0.78        34
       231.0       0.44      0.31      0.36        13
       232.0       0.71      0.52      0.60        29
       233.0       0.70      0.95      0.81        20
       234.0       0.73      0.95      0.83        20
       235.0       1.00      0.95      0.98        21
       236.0       0.77      0.77      0.77        22
       237.0       1.00      0.90      0.95        20
       238.0       0.90      1.00      0.95        27
       239.0       0.97      0.93      0.95        30
       240.0       0.77      0.87      0.82        23
       241.0       0.67      0.92      0.77        13
       242.0       0.93      0.62      0.75        45
       243.0       0.96      0.88      0.92        26
       244.0       1.00      0.83      0.91        12
       245.0       1.00      0.89      0.94        19
       246.0       0.85      0.81      0.83        21
       247.0       0.77      0.81      0.79        21
       248.0       0.93      0.81      0.87        16
       249.0       0.95      0.81      0.88        26
       250.0       0.86      0.95      0.90        19
       251.0       1.00      0.83      0.91        12
       252.0       1.00      0.36      0.53        11
       253.0       0.92      1.00      0.96        22
       254.0       0.75      1.00      0.86        12
       255.0       0.62      0.67      0.65        15
       256.0       0.95      0.79      0.86        24
       257.0       0.79      0.73      0.76        15
       258.0       1.00      0.83      0.91        18
       259.0       1.00      0.96      0.98        26
       260.0       0.78      1.00      0.88        18
       261.0       0.93      0.87      0.90        31
       262.0       0.85      1.00      0.92        11
       263.0       1.00      0.93      0.97        15
       264.0       1.00      1.00      1.00        18
       265.0       0.92      1.00      0.96        11
       266.0       0.82      0.93      0.87        15
       267.0       0.80      0.31      0.44        13
       268.0       0.91      1.00      0.95        20
       269.0       0.86      1.00      0.93        19
       270.0       0.78      0.50      0.61        14
       271.0       0.91      0.84      0.88        38
       272.0       0.85      0.89      0.87        53
       273.0       0.79      0.71      0.75        31
       274.0       0.91      0.94      0.92        32
       275.0       0.85      1.00      0.92        11
       276.0       0.85      1.00      0.92        11
       277.0       0.86      1.00      0.92        12

    accuracy                           0.83      6280
   macro avg       0.84      0.83      0.83      6280
weighted avg       0.84      0.83      0.83      6280


===confusion_matrix===

[[ 9  0  0 ...  0  0  0]
 [ 0 24  0 ...  0  0  0]
 [ 0  0 16 ...  0  0  0]
 ...
 [ 0  0  0 ... 11  0  0]
 [ 0  0  0 ...  0 11  0]
 [ 0  0  0 ...  0  0 12]]

===multilabel confusion matrix===

[[[6266    4]
  [   1    9]]

 [[6253    2]
  [   1   24]]

 [[6263    1]
  [   0   16]]

 ...

 [[6267    2]
  [   0   11]]

 [[6267    2]
  [   0   11]]

 [[6266    2]
  [   0   12]]]

===scores report===
metrics	scores
Accuracy	0.8339
MCC	0.8327
log_loss	0.8181
f1 score weighted	0.8314
f1 score macro	0.8262
f1 score micro	0.8339
roc_auc ovr	0.9952
roc_auc ovo	0.9958
precision	0.8413
recall	0.8339

===Callbacks===

generate_callbacks
[<tensorflow.python.keras.callbacks.EarlyStopping object at 0x7f82445b00a0>, <tensorflow.python.keras.callbacks.ReduceLROnPlateau object at 0x7f82445b0220>, <tensorflow.python.keras.callbacks.ModelCheckpoint object at 0x7f82445b01c0>]
===SCORING TEST SET ===

model_complete_evaluate
{'self': <deep_ml.DeepML object at 0x7f826433aee0>, 'x_test': array([[ 0,  0,  0, ..., 15,  9, 11],
       [ 0,  0,  0, ..., 13, 11,  1],
       [ 0,  0,  0, ...,  7, 17,  5],
       ...,
       [11, 16, 10, ...,  4,  1, 17],
       [14,  5, 14, ..., 15,  0, 14],
       [11, 19, 13, ...,  8, 14, 10]], dtype=int8), 'y_test': array([ 84.,  84.,  84., ..., 186.,  62., 139.], dtype=float32), 'model': None}
report

              precision    recall  f1-score   support

         0.0       0.60      0.82      0.69        11
         1.0       0.89      1.00      0.94        25
         2.0       1.00      0.94      0.97        16
         3.0       0.79      0.85      0.81        13
         4.0       0.79      0.69      0.73        16
         5.0       1.00      0.90      0.95        10
         6.0       0.91      1.00      0.95        21
         7.0       0.79      0.65      0.71        23
         8.0       0.41      0.41      0.41        22
         9.0       0.59      0.79      0.68        34
        10.0       0.50      0.27      0.35        11
        11.0       0.94      0.79      0.86        19
        12.0       0.50      0.47      0.48        17
        13.0       0.90      0.64      0.75        14
        14.0       0.73      0.79      0.76        14
        15.0       1.00      0.70      0.82        10
        16.0       1.00      0.94      0.97        16
        17.0       0.71      0.83      0.77        12
        18.0       0.94      0.58      0.71        26
        19.0       0.63      0.92      0.75        26
        20.0       0.87      1.00      0.93        13
        21.0       0.88      0.88      0.88        16
        22.0       0.77      1.00      0.87        17
        23.0       0.75      0.75      0.75        12
        24.0       0.77      0.89      0.83        19
        25.0       0.90      1.00      0.95        19
        26.0       1.00      0.90      0.95        10
        27.0       0.69      0.85      0.76        13
        28.0       0.72      0.90      0.80        20
        29.0       0.77      0.91      0.83        22
        30.0       1.00      0.97      0.98        29
        31.0       1.00      0.89      0.94        18
        32.0       0.37      0.70      0.48        10
        33.0       0.94      1.00      0.97        30
        34.0       0.86      0.75      0.80        32
        35.0       0.62      0.67      0.64        12
        36.0       0.91      0.78      0.84        27
        37.0       0.75      0.60      0.67        15
        38.0       1.00      0.91      0.95        11
        39.0       0.22      0.15      0.18        13
        40.0       1.00      1.00      1.00        15
        41.0       0.80      1.00      0.89        12
        42.0       1.00      0.82      0.90        11
        43.0       1.00      0.94      0.97        16
        44.0       1.00      0.96      0.98        28
        45.0       0.91      1.00      0.95        21
        46.0       0.92      0.75      0.83        16
        47.0       0.60      0.69      0.64        13
        48.0       1.00      0.64      0.78        11
        49.0       0.75      1.00      0.86        12
        50.0       0.78      0.58      0.67        12
        51.0       0.67      0.86      0.75        14
        52.0       0.95      0.73      0.83        26
        53.0       1.00      0.93      0.96        27
        54.0       0.84      0.95      0.89        22
        55.0       0.79      0.95      0.86        20
        56.0       0.96      0.92      0.94        25
        57.0       0.95      0.95      0.95        21
        58.0       0.91      0.91      0.91        11
        59.0       0.50      0.19      0.27        16
        60.0       0.96      0.92      0.94        25
        61.0       1.00      0.50      0.67        14
        62.0       0.87      0.74      0.80       133
        63.0       0.94      1.00      0.97        16
        64.0       0.92      0.92      0.92        12
        65.0       0.85      0.65      0.73        17
        66.0       0.93      0.93      0.93        14
        67.0       1.00      0.55      0.71        11
        68.0       1.00      0.83      0.91        18
        69.0       1.00      1.00      1.00        30
        70.0       0.71      0.83      0.77        18
        71.0       0.53      0.67      0.59        15
        72.0       1.00      1.00      1.00        21
        73.0       0.89      0.73      0.80        11
        74.0       0.95      0.86      0.90        21
        75.0       0.95      1.00      0.97        18
        76.0       1.00      0.87      0.93        15
        77.0       0.78      1.00      0.88        21
        78.0       1.00      0.86      0.92        21
        79.0       0.92      1.00      0.96        11
        80.0       0.65      0.48      0.56        31
        81.0       0.76      0.90      0.83        21
        82.0       0.88      0.85      0.87        27
        83.0       0.86      0.92      0.89        13
        84.0       0.94      0.73      0.82        22
        85.0       1.00      0.50      0.67        12
        86.0       0.93      0.95      0.94        39
        87.0       0.93      0.82      0.87        17
        88.0       0.90      1.00      0.95        26
        89.0       0.75      0.75      0.75        12
        90.0       0.88      1.00      0.93        21
        91.0       1.00      0.90      0.95        30
        92.0       0.89      0.67      0.76        12
        93.0       0.83      0.71      0.77        14
        94.0       1.00      0.93      0.96        28
        95.0       0.95      0.81      0.88        26
        96.0       0.42      1.00      0.59        11
        97.0       0.87      0.84      0.85        31
        98.0       1.00      0.81      0.90        16
        99.0       0.79      0.88      0.83        17
       100.0       0.88      0.92      0.90        25
       101.0       0.83      0.86      0.84        28
       102.0       0.88      0.37      0.52        19
       103.0       0.71      0.91      0.80       292
       104.0       0.78      0.54      0.64        13
       105.0       0.93      0.82      0.87        17
       106.0       0.71      0.67      0.69        43
       107.0       1.00      0.85      0.92        13
       108.0       1.00      0.75      0.86        16
       109.0       0.89      0.94      0.92        18
       110.0       0.82      0.88      0.85        16
       111.0       0.79      0.85      0.81        13
       112.0       0.95      0.91      0.93        23
       113.0       0.86      0.94      0.90        34
       114.0       0.72      0.72      0.72        18
       115.0       1.00      0.95      0.98        21
       116.0       1.00      1.00      1.00        34
       117.0       0.89      0.67      0.76        12
       118.0       0.96      0.96      0.96        28
       119.0       1.00      0.96      0.98        25
       120.0       0.83      0.71      0.77        14
       121.0       1.00      0.55      0.71        11
       122.0       0.00      0.00      0.00        19
       123.0       0.72      0.85      0.78       136
       124.0       0.85      0.85      0.85        20
       125.0       0.34      0.62      0.44        58
       126.0       1.00      0.79      0.88        14
       127.0       0.94      1.00      0.97        17
       128.0       0.94      0.94      0.94        16
       129.0       1.00      0.78      0.88        18
       130.0       0.86      1.00      0.93        31
       131.0       0.87      1.00      0.93        20
       132.0       0.86      1.00      0.92        18
       133.0       0.93      0.93      0.93        15
       134.0       0.70      1.00      0.82        16
       135.0       1.00      0.46      0.63        13
       136.0       0.56      0.69      0.62        13
       137.0       0.89      0.87      0.88        39
       138.0       0.36      0.29      0.32        14
       139.0       0.50      0.53      0.51        19
       140.0       0.83      0.95      0.89        21
       141.0       1.00      0.96      0.98        46
       142.0       0.43      0.25      0.32        12
       143.0       0.60      0.94      0.73        16
       144.0       1.00      0.60      0.75        10
       145.0       0.32      0.32      0.32        19
       146.0       0.71      0.71      0.71        28
       147.0       0.67      0.50      0.57        12
       148.0       0.74      0.96      0.84        24
       149.0       0.90      1.00      0.95        52
       150.0       0.85      0.75      0.80        53
       151.0       0.71      0.67      0.69        15
       152.0       0.67      0.84      0.74        67
       153.0       0.67      0.18      0.29        11
       154.0       0.89      0.60      0.72        40
       155.0       0.91      0.83      0.87        24
       156.0       0.50      0.17      0.25        12
       157.0       0.36      0.22      0.28        18
       158.0       0.21      0.47      0.29        17
       159.0       0.54      0.39      0.45        18
       160.0       0.70      0.47      0.56        15
       161.0       0.43      0.40      0.42        25
       162.0       0.25      0.10      0.14        10
       163.0       0.57      0.25      0.35        16
       164.0       0.90      1.00      0.95        18
       165.0       0.62      0.62      0.62        13
       166.0       0.49      0.40      0.44        48
       167.0       0.91      1.00      0.95        21
       168.0       0.86      0.80      0.83        15
       169.0       0.94      1.00      0.97        17
       170.0       1.00      0.88      0.93        24
       171.0       0.73      0.97      0.83        36
       172.0       0.80      0.57      0.67        14
       173.0       0.87      0.76      0.81        17
       174.0       0.78      0.69      0.73        26
       175.0       1.00      0.55      0.71        11
       176.0       0.71      0.42      0.53        12
       177.0       0.76      0.76      0.76        21
       178.0       1.00      0.93      0.97        15
       179.0       0.61      0.79      0.69        14
       180.0       0.79      0.73      0.76        15
       181.0       0.65      0.74      0.69        23
       182.0       0.97      0.93      0.95        30
       183.0       0.92      1.00      0.96        12
       184.0       0.91      1.00      0.95        21
       185.0       0.80      1.00      0.89        28
       186.0       0.70      0.75      0.72       128
       187.0       0.84      0.86      0.85       119
       188.0       0.92      0.79      0.85        14
       189.0       0.71      0.74      0.72        23
       190.0       0.93      0.93      0.93        14
       191.0       0.75      0.50      0.60        12
       192.0       0.87      0.87      0.87        15
       193.0       0.47      0.73      0.57        11
       194.0       0.71      0.75      0.73        20
       195.0       0.67      0.36      0.47        11
       196.0       0.82      0.69      0.75        13
       197.0       0.50      0.69      0.58        13
       198.0       1.00      0.92      0.96        13
       199.0       0.62      0.57      0.59        14
       200.0       0.82      0.69      0.75        26
       201.0       0.82      0.88      0.85        16
       202.0       1.00      0.67      0.80        15
       203.0       0.93      0.90      0.91        29
       204.0       0.54      0.90      0.68        21
       205.0       0.94      1.00      0.97        15
       206.0       0.73      0.84      0.78        19
       207.0       1.00      1.00      1.00        20
       208.0       1.00      0.76      0.87        17
       209.0       0.86      0.75      0.80        16
       210.0       0.91      1.00      0.95        20
       211.0       0.81      1.00      0.90        13
       212.0       0.77      0.71      0.74        14
       213.0       0.93      0.82      0.87        17
       214.0       0.72      0.82      0.77        22
       215.0       0.93      1.00      0.97        14
       216.0       0.94      0.94      0.94        17
       217.0       1.00      0.82      0.90        11
       218.0       0.85      0.77      0.81       111
       219.0       0.94      0.97      0.95        30
       220.0       0.91      0.95      0.93        21
       221.0       0.85      0.85      0.85        13
       222.0       0.96      0.92      0.94        26
       223.0       0.94      0.94      0.94        17
       224.0       0.86      0.95      0.90        20
       225.0       0.72      0.76      0.74        17
       226.0       1.00      0.92      0.96        12
       227.0       0.83      0.38      0.53        13
       228.0       0.86      1.00      0.92        12
       229.0       0.78      0.94      0.85        31
       230.0       0.70      0.91      0.79        34
       231.0       0.57      0.33      0.42        12
       232.0       0.62      0.64      0.63        28
       233.0       0.88      0.79      0.83        19
       234.0       0.89      0.85      0.87        20
       235.0       0.88      0.75      0.81        20
       236.0       0.71      0.65      0.68        23
       237.0       0.93      0.65      0.76        20
       238.0       1.00      1.00      1.00        27
       239.0       1.00      0.84      0.91        31
       240.0       0.79      0.48      0.59        23
       241.0       1.00      0.86      0.92        14
       242.0       0.67      0.73      0.70        44
       243.0       0.96      0.85      0.90        26
       244.0       1.00      0.55      0.71        11
       245.0       0.93      0.65      0.76        20
       246.0       0.95      0.82      0.88        22
       247.0       0.88      0.70      0.78        20
       248.0       0.93      0.81      0.87        16
       249.0       0.95      0.73      0.83        26
       250.0       0.89      0.84      0.86        19
       251.0       0.71      0.91      0.80        11
       252.0       0.83      0.45      0.59        11
       253.0       1.00      0.91      0.95        23
       254.0       1.00      1.00      1.00        12
       255.0       0.82      0.56      0.67        16
       256.0       0.96      0.92      0.94        24
       257.0       0.67      0.86      0.75        14
       258.0       0.95      1.00      0.97        18
       259.0       1.00      0.96      0.98        26
       260.0       1.00      0.94      0.97        18
       261.0       0.93      0.87      0.90        31
       262.0       1.00      1.00      1.00        11
       263.0       1.00      1.00      1.00        15
       264.0       1.00      0.89      0.94        19
       265.0       1.00      0.73      0.84        11
       266.0       0.92      0.86      0.89        14
       267.0       0.75      0.69      0.72        13
       268.0       0.83      0.95      0.88        20
       269.0       0.90      0.95      0.92        19
       270.0       0.14      0.07      0.10        14
       271.0       1.00      0.74      0.85        38
       272.0       0.75      0.96      0.84        53
       273.0       0.79      0.71      0.75        31
       274.0       0.90      0.84      0.87        32
       275.0       0.90      0.90      0.90        10
       276.0       0.67      0.91      0.77        11
       277.0       1.00      0.92      0.96        12

    accuracy                           0.80      6279
   macro avg       0.82      0.78      0.79      6279
weighted avg       0.82      0.80      0.80      6279


===confusion_matrix===

[[ 9  0  0 ...  0  0  0]
 [ 0 25  0 ...  0  0  0]
 [ 1  0 15 ...  0  0  0]
 ...
 [ 0  0  0 ...  9  1  0]
 [ 0  0  0 ...  0 10  0]
 [ 0  0  0 ...  0  0 11]]

===multilabel confusion matrix===

[[[6262    6]
  [   2    9]]

 [[6251    3]
  [   0   25]]

 [[6263    0]
  [   1   15]]

 ...

 [[6268    1]
  [   1    9]]

 [[6263    5]
  [   1   10]]

 [[6267    0]
  [   1   11]]]

===scores report===
metrics	scores
Accuracy	0.8044
MCC	0.8030
log_loss	0.9469
f1 score weighted	0.8014
f1 score macro	0.7914
f1 score micro	0.8044
roc_auc ovr	0.9943
roc_auc ovo	0.9944
precision	0.8167
recall	0.8044

===Callbacks===

generate_callbacks
[<tensorflow.python.keras.callbacks.EarlyStopping object at 0x7f82445b00a0>, <tensorflow.python.keras.callbacks.ReduceLROnPlateau object at 0x7f82445b0220>, <tensorflow.python.keras.callbacks.ModelCheckpoint object at 0x7f82445b01c0>]
===SCORING TEST SET ===

model_complete_evaluate
{'self': <deep_ml.DeepML object at 0x7f826433aee0>, 'x_test': array([[ 0,  0,  0, ...,  3,  7, 11],
       [ 0,  0,  0, ..., 11, 16,  4],
       [ 0,  0,  0, ...,  5,  5, 19],
       ...,
       [11, 10,  2, ..., 18, 14, 16],
       [ 0,  0,  0, ..., 18, 19,  9],
       [ 0,  4, 10, ...,  1,  3, 14]], dtype=int8), 'y_test': array([84., 84., 84., ..., 62., 62., 62.], dtype=float32), 'model': None}
report

              precision    recall  f1-score   support

         0.0       1.00      0.64      0.78        11
         1.0       0.92      0.92      0.92        25
         2.0       0.88      0.88      0.88        17
         3.0       0.65      0.85      0.73        13
         4.0       0.79      0.73      0.76        15
         5.0       1.00      0.90      0.95        10
         6.0       0.90      0.86      0.88        21
         7.0       0.67      0.61      0.64        23
         8.0       0.73      0.50      0.59        22
         9.0       0.74      0.91      0.82        34
        10.0       0.58      0.70      0.64        10
        11.0       0.89      0.84      0.86        19
        12.0       0.33      0.18      0.23        17
        13.0       0.80      0.57      0.67        14
        14.0       0.92      0.92      0.92        13
        15.0       1.00      0.82      0.90        11
        16.0       0.88      0.88      0.88        16
        17.0       0.80      1.00      0.89        12
        18.0       0.65      0.96      0.77        25
        19.0       1.00      0.88      0.94        26
        20.0       0.86      0.92      0.89        13
        21.0       0.94      1.00      0.97        16
        22.0       1.00      0.94      0.97        17
        23.0       0.78      0.64      0.70        11
        24.0       0.80      0.84      0.82        19
        25.0       1.00      0.94      0.97        18
        26.0       1.00      0.91      0.95        11
        27.0       0.85      0.85      0.85        13
        28.0       0.88      1.00      0.93        21
        29.0       0.95      0.91      0.93        22
        30.0       0.93      0.93      0.93        29
        31.0       0.90      1.00      0.95        18
        32.0       0.78      0.70      0.74        10
        33.0       0.96      0.87      0.91        30
        34.0       0.90      0.84      0.87        32
        35.0       1.00      0.54      0.70        13
        36.0       0.93      0.96      0.95        27
        37.0       1.00      0.67      0.80        15
        38.0       0.71      1.00      0.83        12
        39.0       0.40      0.15      0.22        13
        40.0       0.65      0.87      0.74        15
        41.0       0.85      0.92      0.88        12
        42.0       1.00      1.00      1.00        11
        43.0       0.94      0.94      0.94        16
        44.0       0.89      0.86      0.88        29
        45.0       0.86      0.86      0.86        22
        46.0       0.83      0.94      0.88        16
        47.0       0.89      0.62      0.73        13
        48.0       0.89      0.73      0.80        11
        49.0       0.67      0.67      0.67        12
        50.0       0.73      0.67      0.70        12
        51.0       0.75      0.92      0.83        13
        52.0       0.85      0.88      0.87        26
        53.0       0.93      0.96      0.95        27
        54.0       0.91      0.91      0.91        23
        55.0       1.00      0.95      0.97        19
        56.0       0.80      0.96      0.87        25
        57.0       0.95      0.91      0.93        22
        58.0       0.69      0.82      0.75        11
        59.0       0.56      0.31      0.40        16
        60.0       0.88      0.84      0.86        25
        61.0       0.42      0.73      0.54        15
        62.0       0.68      0.82      0.74       133
        63.0       1.00      0.81      0.90        16
        64.0       0.83      0.83      0.83        12
        65.0       0.88      0.83      0.86        18
        66.0       0.78      1.00      0.88        14
        67.0       0.85      1.00      0.92        11
        68.0       0.64      0.78      0.70        18
        69.0       0.94      1.00      0.97        30
        70.0       0.80      0.89      0.84        18
        71.0       0.75      0.80      0.77        15
        72.0       0.88      1.00      0.94        22
        73.0       0.92      1.00      0.96        11
        74.0       0.91      1.00      0.95        21
        75.0       0.94      0.94      0.94        18
        76.0       0.76      0.87      0.81        15
        77.0       0.91      1.00      0.95        21
        78.0       0.62      1.00      0.76        21
        79.0       0.86      0.55      0.67        11
        80.0       0.52      0.81      0.63        32
        81.0       0.86      0.86      0.86        21
        82.0       0.89      0.92      0.91        26
        83.0       0.92      0.92      0.92        13
        84.0       0.95      0.86      0.90        21
        85.0       0.77      0.83      0.80        12
        86.0       1.00      1.00      1.00        39
        87.0       1.00      0.94      0.97        17
        88.0       0.78      0.93      0.85        27
        89.0       1.00      0.58      0.74        12
        90.0       0.95      0.95      0.95        20
        91.0       0.94      1.00      0.97        30
        92.0       0.93      1.00      0.96        13
        93.0       1.00      0.31      0.47        13
        94.0       0.87      1.00      0.93        27
        95.0       0.93      0.96      0.94        26
        96.0       1.00      1.00      1.00        11
        97.0       0.84      0.87      0.86        31
        98.0       0.85      0.65      0.73        17
        99.0       0.71      0.83      0.77        18
       100.0       0.88      0.92      0.90        25
       101.0       0.83      0.89      0.86        28
       102.0       1.00      0.35      0.52        20
       103.0       0.79      0.87      0.83       292
       104.0       0.88      0.54      0.67        13
       105.0       0.68      0.94      0.79        16
       106.0       0.68      0.93      0.78        43
       107.0       0.86      0.92      0.89        13
       108.0       0.94      1.00      0.97        15
       109.0       0.94      0.89      0.91        18
       110.0       0.75      0.88      0.81        17
       111.0       0.93      1.00      0.97        14
       112.0       1.00      0.96      0.98        23
       113.0       0.92      0.97      0.94        34
       114.0       0.61      0.94      0.74        18
       115.0       0.90      0.86      0.88        21
       116.0       0.94      1.00      0.97        34
       117.0       1.00      0.83      0.91        12
       118.0       0.84      0.93      0.88        28
       119.0       0.90      1.00      0.95        26
       120.0       0.91      0.77      0.83        13
       121.0       1.00      0.55      0.71        11
       122.0       0.25      0.05      0.08        20
       123.0       0.67      0.77      0.72       135
       124.0       0.95      1.00      0.97        19
       125.0       0.43      0.31      0.36        58
       126.0       1.00      0.86      0.92        14
       127.0       1.00      0.94      0.97        18
       128.0       1.00      0.88      0.93        16
       129.0       0.94      0.94      0.94        18
       130.0       0.71      0.84      0.77        32
       131.0       0.94      0.85      0.89        20
       132.0       1.00      0.89      0.94        18
       133.0       0.86      0.86      0.86        14
       134.0       0.84      1.00      0.91        16
       135.0       0.92      0.92      0.92        13
       136.0       0.80      0.31      0.44        13
       137.0       0.95      0.90      0.92        39
       138.0       0.54      0.50      0.52        14
       139.0       0.41      0.63      0.50        19
       140.0       0.79      0.55      0.65        20
       141.0       0.94      0.98      0.96        45
       142.0       0.12      0.08      0.10        12
       143.0       0.94      0.94      0.94        17
       144.0       0.75      0.30      0.43        10
       145.0       1.00      0.16      0.27        19
       146.0       0.85      0.79      0.81        28
       147.0       1.00      0.50      0.67        12
       148.0       0.75      0.88      0.81        24
       149.0       0.90      0.92      0.91        51
       150.0       0.86      0.68      0.76        53
       151.0       0.71      0.94      0.81        16
       152.0       0.92      0.69      0.79        67
       153.0       0.35      0.60      0.44        10
       154.0       0.92      0.60      0.73        40
       155.0       0.92      0.88      0.90        25
       156.0       0.50      0.18      0.27        11
       157.0       0.60      0.33      0.43        18
       158.0       0.64      0.56      0.60        16
       159.0       0.57      0.44      0.50        18
       160.0       0.40      0.27      0.32        15
       161.0       0.64      0.28      0.39        25
       162.0       0.22      0.20      0.21        10
       163.0       0.47      0.47      0.47        15
       164.0       0.93      0.76      0.84        17
       165.0       0.92      0.85      0.88        13
       166.0       0.35      0.35      0.35        48
       167.0       0.88      1.00      0.94        22
       168.0       0.83      0.67      0.74        15
       169.0       0.93      0.88      0.90        16
       170.0       0.96      0.96      0.96        24
       171.0       0.80      0.89      0.84        36
       172.0       1.00      0.64      0.78        14
       173.0       0.71      0.71      0.71        17
       174.0       0.83      0.76      0.79        25
       175.0       1.00      0.42      0.59        12
       176.0       0.42      0.42      0.42        12
       177.0       0.76      0.76      0.76        21
       178.0       0.93      0.87      0.90        15
       179.0       0.58      0.47      0.52        15
       180.0       0.70      0.47      0.56        15
       181.0       0.88      0.64      0.74        22
       182.0       1.00      0.94      0.97        31
       183.0       0.90      0.75      0.82        12
       184.0       1.00      1.00      1.00        21
       185.0       0.87      0.93      0.90        29
       186.0       0.71      0.65      0.67       127
       187.0       0.89      0.85      0.87       119
       188.0       1.00      0.86      0.92        14
       189.0       0.89      0.73      0.80        22
       190.0       1.00      1.00      1.00        14
       191.0       0.62      0.42      0.50        12
       192.0       0.85      0.73      0.79        15
       193.0       0.58      0.58      0.58        12
       194.0       0.82      0.45      0.58        20
       195.0       0.88      0.64      0.74        11
       196.0       0.80      0.86      0.83        14
       197.0       0.55      0.46      0.50        13
       198.0       1.00      1.00      1.00        13
       199.0       0.88      0.47      0.61        15
       200.0       0.73      0.59      0.65        27
       201.0       0.71      0.94      0.81        16
       202.0       0.69      0.79      0.73        14
       203.0       0.83      1.00      0.91        29
       204.0       0.81      0.81      0.81        21
       205.0       0.75      0.94      0.83        16
       206.0       0.71      0.89      0.79        19
       207.0       1.00      0.90      0.95        20
       208.0       0.93      0.82      0.87        17
       209.0       0.75      0.75      0.75        16
       210.0       0.86      0.90      0.88        20
       211.0       1.00      0.79      0.88        14
       212.0       0.93      0.93      0.93        14
       213.0       0.81      0.94      0.87        18
       214.0       0.77      0.91      0.83        22
       215.0       1.00      0.93      0.96        14
       216.0       0.94      0.94      0.94        17
       217.0       0.75      0.82      0.78        11
       218.0       0.77      0.86      0.81       111
       219.0       0.77      0.93      0.84        29
       220.0       0.90      0.90      0.90        21
       221.0       0.93      1.00      0.96        13
       222.0       0.93      0.96      0.94        26
       223.0       0.94      0.94      0.94        17
       224.0       0.83      0.95      0.88        20
       225.0       0.72      0.81      0.76        16
       226.0       0.91      0.91      0.91        11
       227.0       1.00      0.77      0.87        13
       228.0       0.85      1.00      0.92        11
       229.0       1.00      0.97      0.98        30
       230.0       0.83      0.71      0.76        34
       231.0       0.67      0.17      0.27        12
       232.0       0.88      0.48      0.62        29
       233.0       0.93      0.74      0.82        19
       234.0       0.80      0.84      0.82        19
       235.0       0.78      0.90      0.84        20
       236.0       0.68      0.86      0.76        22
       237.0       0.43      0.90      0.58        20
       238.0       1.00      0.96      0.98        27
       239.0       0.93      0.87      0.90        31
       240.0       0.82      0.58      0.68        24
       241.0       0.62      0.57      0.59        14
       242.0       0.70      0.73      0.71        44
       243.0       0.66      1.00      0.79        27
       244.0       0.77      0.91      0.83        11
       245.0       0.74      1.00      0.85        20
       246.0       0.83      0.91      0.87        22
       247.0       0.74      0.85      0.79        20
       248.0       0.79      0.69      0.73        16
       249.0       0.83      0.92      0.87        26
       250.0       0.86      0.95      0.90        19
       251.0       0.92      1.00      0.96        11
       252.0       0.67      0.73      0.70        11
       253.0       0.84      0.95      0.89        22
       254.0       0.92      1.00      0.96        12
       255.0       0.42      0.81      0.55        16
       256.0       0.87      0.83      0.85        24
       257.0       0.77      0.71      0.74        14
       258.0       1.00      0.83      0.91        18
       259.0       0.84      1.00      0.91        26
       260.0       1.00      1.00      1.00        18
       261.0       0.78      0.90      0.84        31
       262.0       0.91      1.00      0.95        10
       263.0       0.79      1.00      0.88        15
       264.0       0.89      0.84      0.86        19
       265.0       0.91      1.00      0.95        10
       266.0       0.77      0.67      0.71        15
       267.0       1.00      0.54      0.70        13
       268.0       0.57      0.85      0.68        20
       269.0       1.00      0.94      0.97        18
       270.0       1.00      0.53      0.70        15
       271.0       0.97      0.92      0.95        38
       272.0       0.94      0.83      0.88        53
       273.0       0.81      0.84      0.83        31
       274.0       0.84      0.84      0.84        32
       275.0       1.00      0.90      0.95        10
       276.0       1.00      1.00      1.00        11
       277.0       0.82      0.82      0.82        11

    accuracy                           0.81      6279
   macro avg       0.82      0.80      0.80      6279
weighted avg       0.82      0.81      0.80      6279


===confusion_matrix===

[[ 7  0  0 ...  0  0  0]
 [ 0 23  0 ...  0  0  0]
 [ 0  0 15 ...  0  0  0]
 ...
 [ 0  0  0 ...  9  0  1]
 [ 0  0  0 ...  0 11  0]
 [ 0  0  0 ...  0  0  9]]

===multilabel confusion matrix===

[[[6268    0]
  [   4    7]]

 [[6252    2]
  [   2   23]]

 [[6260    2]
  [   2   15]]

 ...

 [[6269    0]
  [   1    9]]

 [[6268    0]
  [   0   11]]

 [[6266    2]
  [   2    9]]]

===scores report===
metrics	scores
Accuracy	0.8090
MCC	0.8077
log_loss	0.9107
f1 score weighted	0.8027
f1 score macro	0.7972
f1 score micro	0.8090
roc_auc ovr	0.9940
roc_auc ovo	0.9946
precision	0.8175
recall	0.8090

===Callbacks===

generate_callbacks
[<tensorflow.python.keras.callbacks.EarlyStopping object at 0x7f82445b00a0>, <tensorflow.python.keras.callbacks.ReduceLROnPlateau object at 0x7f82445b0220>, <tensorflow.python.keras.callbacks.ModelCheckpoint object at 0x7f82445b01c0>]
===SCORING TEST SET ===

model_complete_evaluate
{'self': <deep_ml.DeepML object at 0x7f826433aee0>, 'x_test': array([[ 0,  0,  0, ...,  5, 14,  1],
       [ 0,  0,  0, ...,  0, 10,  0],
       [ 0,  0,  0, ...,  5, 12, 19],
       ...,
       [10,  8,  6, ..., 15,  9, 10],
       [16,  7,  0, ...,  9, 17, 14],
       [19, 18, 10, ...,  0, 18,  4]], dtype=int8), 'y_test': array([ 84.,  84.,  84., ...,  53.,  62., 134.], dtype=float32), 'model': None}
report

              precision    recall  f1-score   support

         0.0       0.91      0.91      0.91        11
         1.0       0.77      0.92      0.84        25
         2.0       1.00      0.94      0.97        17
         3.0       1.00      0.83      0.91        12
         4.0       0.78      0.93      0.85        15
         5.0       0.91      0.91      0.91        11
         6.0       0.91      0.95      0.93        21
         7.0       0.65      0.71      0.68        24
         8.0       0.41      0.62      0.49        21
         9.0       0.69      0.71      0.70        35
        10.0       0.27      0.64      0.38        11
        11.0       0.90      0.95      0.92        19
        12.0       0.30      0.18      0.22        17
        13.0       0.92      0.79      0.85        14
        14.0       0.69      0.79      0.73        14
        15.0       1.00      0.45      0.62        11
        16.0       0.93      0.88      0.90        16
        17.0       0.62      0.83      0.71        12
        18.0       0.93      0.96      0.94        26
        19.0       0.81      0.84      0.82        25
        20.0       0.87      1.00      0.93        13
        21.0       0.75      1.00      0.86        15
        22.0       1.00      0.72      0.84        18
        23.0       0.59      0.91      0.71        11
        24.0       0.73      0.84      0.78        19
        25.0       0.82      1.00      0.90        18
        26.0       1.00      0.90      0.95        10
        27.0       0.92      0.85      0.88        13
        28.0       1.00      0.95      0.98        21
        29.0       0.95      0.91      0.93        22
        30.0       0.96      0.93      0.95        29
        31.0       0.82      1.00      0.90        18
        32.0       0.90      0.82      0.86        11
        33.0       0.97      0.97      0.97        30
        34.0       0.90      0.81      0.85        32
        35.0       0.89      0.67      0.76        12
        36.0       0.96      0.96      0.96        27
        37.0       0.67      0.80      0.73        15
        38.0       0.92      0.92      0.92        12
        39.0       0.22      0.14      0.17        14
        40.0       1.00      0.88      0.93        16
        41.0       0.61      0.92      0.73        12
        42.0       0.80      0.36      0.50        11
        43.0       1.00      0.75      0.86        16
        44.0       0.96      0.86      0.91        29
        45.0       0.96      1.00      0.98        22
        46.0       0.93      0.81      0.87        16
        47.0       1.00      0.36      0.53        14
        48.0       0.39      0.64      0.48        11
        49.0       0.92      1.00      0.96        11
        50.0       0.89      0.67      0.76        12
        51.0       0.56      0.77      0.65        13
        52.0       0.96      0.88      0.92        26
        53.0       0.97      1.00      0.98        28
        54.0       0.71      0.96      0.81        23
        55.0       0.85      0.89      0.87        19
        56.0       0.96      0.96      0.96        25
        57.0       0.91      0.95      0.93        21
        58.0       0.86      0.60      0.71        10
        59.0       0.56      0.31      0.40        16
        60.0       0.67      0.88      0.76        25
        61.0       0.56      0.60      0.58        15
        62.0       0.75      0.81      0.78       133
        63.0       1.00      1.00      1.00        16
        64.0       0.85      0.92      0.88        12
        65.0       0.62      0.83      0.71        18
        66.0       0.63      0.80      0.71        15
        67.0       1.00      0.70      0.82        10
        68.0       0.80      0.84      0.82        19
        69.0       0.97      0.97      0.97        29
        70.0       0.81      0.72      0.76        18
        71.0       0.82      0.60      0.69        15
        72.0       0.96      1.00      0.98        22
        73.0       1.00      1.00      1.00        11
        74.0       0.86      0.90      0.88        21
        75.0       0.79      0.83      0.81        18
        76.0       0.93      0.87      0.90        15
        77.0       0.78      0.90      0.84        20
        78.0       0.91      1.00      0.95        20
        79.0       1.00      0.90      0.95        10
        80.0       0.66      0.72      0.69        32
        81.0       1.00      0.71      0.83        21
        82.0       0.89      0.96      0.93        26
        83.0       0.75      0.92      0.83        13
        84.0       1.00      0.95      0.98        21
        85.0       0.86      1.00      0.92        12
        86.0       0.93      0.97      0.95        39
        87.0       0.86      0.71      0.77        17
        88.0       0.87      1.00      0.93        27
        89.0       0.62      0.83      0.71        12
        90.0       0.95      0.95      0.95        21
        91.0       0.91      0.97      0.94        30
        92.0       0.92      0.92      0.92        12
        93.0       0.69      0.79      0.73        14
        94.0       0.96      1.00      0.98        27
        95.0       0.91      0.84      0.87        25
        96.0       1.00      0.67      0.80        12
        97.0       0.79      0.63      0.70        30
        98.0       0.92      0.75      0.83        16
        99.0       0.82      0.82      0.82        17
       100.0       1.00      0.96      0.98        25
       101.0       0.92      0.86      0.89        28
       102.0       0.92      0.63      0.75        19
       103.0       0.82      0.83      0.83       292
       104.0       0.71      0.38      0.50        13
       105.0       0.70      1.00      0.82        16
       106.0       0.96      0.53      0.69        43
       107.0       0.73      0.85      0.79        13
       108.0       1.00      0.93      0.97        15
       109.0       0.94      0.83      0.88        18
       110.0       1.00      0.94      0.97        17
       111.0       0.93      1.00      0.97        14
       112.0       1.00      0.78      0.88        23
       113.0       0.92      0.97      0.94        35
       114.0       0.83      0.83      0.83        18
       115.0       0.88      1.00      0.93        21
       116.0       0.97      0.94      0.96        34
       117.0       0.92      1.00      0.96        12
       118.0       0.79      0.96      0.87        28
       119.0       0.85      0.85      0.85        26
       120.0       0.75      0.92      0.83        13
       121.0       0.89      0.80      0.84        10
       122.0       0.17      0.05      0.08        20
       123.0       0.79      0.71      0.75       136
       124.0       0.92      0.58      0.71        19
       125.0       0.45      0.58      0.50        59
       126.0       0.73      0.79      0.76        14
       127.0       1.00      1.00      1.00        18
       128.0       1.00      0.71      0.83        17
       129.0       0.88      0.83      0.86        18
       130.0       0.85      0.91      0.88        32
       131.0       0.91      0.95      0.93        21
       132.0       1.00      0.89      0.94        18
       133.0       0.88      1.00      0.94        15
       134.0       0.94      0.94      0.94        16
       135.0       1.00      1.00      1.00        13
       136.0       0.78      0.54      0.64        13
       137.0       0.84      0.82      0.83        38
       138.0       0.40      0.40      0.40        15
       139.0       0.33      0.78      0.47        18
       140.0       0.89      0.80      0.84        20
       141.0       0.90      1.00      0.95        45
       142.0       0.40      0.17      0.24        12
       143.0       0.92      0.75      0.83        16
       144.0       0.89      0.73      0.80        11
       145.0       0.24      0.21      0.22        19
       146.0       0.83      0.89      0.86        28
       147.0       1.00      0.50      0.67        12
       148.0       0.95      0.83      0.89        24
       149.0       0.95      0.82      0.88        51
       150.0       0.89      0.74      0.80        53
       151.0       1.00      0.88      0.93        16
       152.0       0.84      0.78      0.81        68
       153.0       0.36      0.40      0.38        10
       154.0       0.66      0.74      0.70        39
       155.0       0.76      0.54      0.63        24
       156.0       0.25      0.25      0.25        12
       157.0       0.47      0.53      0.50        17
       158.0       0.40      0.38      0.39        16
       159.0       0.67      0.22      0.33        18
       160.0       0.67      0.13      0.22        15
       161.0       0.48      0.44      0.46        25
       162.0       0.11      0.10      0.11        10
       163.0       0.55      0.73      0.63        15
       164.0       0.94      0.94      0.94        17
       165.0       0.80      0.62      0.70        13
       166.0       0.45      0.62      0.52        47
       167.0       1.00      1.00      1.00        22
       168.0       0.93      0.87      0.90        15
       169.0       0.93      0.88      0.90        16
       170.0       0.88      0.96      0.92        24
       171.0       0.73      0.77      0.75        35
       172.0       0.92      0.80      0.86        15
       173.0       0.83      0.59      0.69        17
       174.0       0.73      0.88      0.80        25
       175.0       0.88      0.58      0.70        12
       176.0       0.67      0.83      0.74        12
       177.0       0.77      0.85      0.81        20
       178.0       1.00      0.94      0.97        16
       179.0       0.92      0.80      0.86        15
       180.0       0.37      0.44      0.40        16
       181.0       0.68      0.91      0.78        23
       182.0       0.97      1.00      0.98        31
       183.0       0.78      0.64      0.70        11
       184.0       0.90      0.86      0.88        21
       185.0       1.00      0.90      0.95        29
       186.0       0.64      0.69      0.67       127
       187.0       0.93      0.75      0.83       119
       188.0       1.00      0.46      0.63        13
       189.0       0.73      0.50      0.59        22
       190.0       0.88      1.00      0.94        15
       191.0       0.89      0.67      0.76        12
       192.0       0.76      0.81      0.79        16
       193.0       0.73      0.67      0.70        12
       194.0       1.00      0.62      0.76        21
       195.0       0.62      0.45      0.53        11
       196.0       1.00      0.77      0.87        13
       197.0       1.00      0.62      0.76        13
       198.0       0.67      0.86      0.75        14
       199.0       0.35      0.40      0.38        15
       200.0       0.61      0.88      0.72        26
       201.0       0.92      0.69      0.79        16
       202.0       0.81      0.93      0.87        14
       203.0       0.87      0.93      0.90        28
       204.0       0.94      0.76      0.84        21
       205.0       0.89      1.00      0.94        16
       206.0       0.76      0.72      0.74        18
       207.0       0.95      1.00      0.97        19
       208.0       0.94      0.88      0.91        17
       209.0       0.91      0.62      0.74        16
       210.0       0.91      0.95      0.93        21
       211.0       0.91      0.71      0.80        14
       212.0       0.75      0.86      0.80        14
       213.0       0.86      1.00      0.92        18
       214.0       0.75      0.82      0.78        22
       215.0       0.93      0.87      0.90        15
       216.0       1.00      0.62      0.77        16
       217.0       1.00      0.91      0.95        11
       218.0       0.74      0.84      0.79       110
       219.0       0.89      0.86      0.88        29
       220.0       0.95      1.00      0.98        21
       221.0       0.85      0.85      0.85        13
       222.0       0.82      0.88      0.85        26
       223.0       0.94      1.00      0.97        17
       224.0       0.94      0.75      0.83        20
       225.0       0.93      0.81      0.87        16
       226.0       0.71      0.45      0.56        11
       227.0       0.56      0.64      0.60        14
       228.0       0.73      0.73      0.73        11
       229.0       0.75      0.80      0.77        30
       230.0       0.90      0.76      0.83        34
       231.0       0.40      0.33      0.36        12
       232.0       0.72      0.45      0.55        29
       233.0       0.65      0.89      0.76        19
       234.0       1.00      0.79      0.88        19
       235.0       0.58      0.70      0.64        20
       236.0       0.92      0.55      0.69        22
       237.0       0.88      0.75      0.81        20
       238.0       0.93      0.96      0.95        28
       239.0       0.91      0.94      0.92        31
       240.0       0.91      0.83      0.87        24
       241.0       0.82      0.64      0.72        14
       242.0       0.61      0.84      0.70        44
       243.0       1.00      0.96      0.98        27
       244.0       0.58      1.00      0.73        11
       245.0       0.86      0.95      0.90        20
       246.0       0.85      0.77      0.81        22
       247.0       0.72      0.65      0.68        20
       248.0       0.59      0.81      0.68        16
       249.0       0.86      0.76      0.81        25
       250.0       0.89      0.89      0.89        18
       251.0       0.92      0.92      0.92        12
       252.0       0.38      0.60      0.46        10
       253.0       0.88      1.00      0.94        22
       254.0       1.00      1.00      1.00        13
       255.0       0.37      0.88      0.52        16
       256.0       0.70      0.96      0.81        24
       257.0       0.92      0.73      0.81        15
       258.0       1.00      0.72      0.84        18
       259.0       0.96      0.92      0.94        26
       260.0       0.95      1.00      0.97        18
       261.0       0.70      0.94      0.80        32
       262.0       0.90      0.90      0.90        10
       263.0       0.81      0.93      0.87        14
       264.0       0.81      0.89      0.85        19
       265.0       0.92      1.00      0.96        11
       266.0       0.69      0.73      0.71        15
       267.0       1.00      0.62      0.76        13
       268.0       0.85      0.85      0.85        20
       269.0       1.00      1.00      1.00        18
       270.0       1.00      0.36      0.53        14
       271.0       1.00      0.92      0.96        38
       272.0       0.80      0.96      0.87        53
       273.0       0.82      0.90      0.86        30
       274.0       0.88      0.69      0.77        32
       275.0       0.89      0.80      0.84        10
       276.0       0.92      1.00      0.96        12
       277.0       1.00      0.91      0.95        11

    accuracy                           0.80      6279
   macro avg       0.82      0.79      0.79      6279
weighted avg       0.82      0.80      0.80      6279


===confusion_matrix===

[[10  0  0 ...  0  0  0]
 [ 0 23  0 ...  0  0  0]
 [ 0  0 16 ...  0  0  0]
 ...
 [ 0  0  0 ...  8  1  0]
 [ 0  0  0 ...  0 12  0]
 [ 0  0  0 ...  0  0 10]]

===multilabel confusion matrix===

[[[6267    1]
  [   1   10]]

 [[6247    7]
  [   2   23]]

 [[6262    0]
  [   1   16]]

 ...

 [[6268    1]
  [   2    8]]

 [[6266    1]
  [   0   12]]

 [[6268    0]
  [   1   10]]]

===scores report===
metrics	scores
Accuracy	0.8011
MCC	0.7997
log_loss	0.9667
f1 score weighted	0.7998
f1 score macro	0.7908
f1 score micro	0.8011
roc_auc ovr	0.9938
roc_auc ovo	0.9942
precision	0.8169
recall	0.8011

===Callbacks===

generate_callbacks
[<tensorflow.python.keras.callbacks.EarlyStopping object at 0x7f82445b00a0>, <tensorflow.python.keras.callbacks.ReduceLROnPlateau object at 0x7f82445b0220>, <tensorflow.python.keras.callbacks.ModelCheckpoint object at 0x7f82445b01c0>]
===SCORING TEST SET ===

model_complete_evaluate
{'self': <deep_ml.DeepML object at 0x7f826433aee0>, 'x_test': array([[ 0,  0,  0, ...,  3,  0,  8],
       [ 0,  0,  0, ...,  0,  5,  0],
       [ 0,  0,  0, ..., 16,  5,  2],
       ...,
       [ 0, 14,  0, ..., 14, 11, 12],
       [ 0,  0,  0, ..., 13,  5, 10],
       [ 0,  0,  0, ..., 18,  9, 12]], dtype=int8), 'y_test': array([ 84.,  84.,  84., ..., 103.,  80.,  62.], dtype=float32), 'model': None}
report

              precision    recall  f1-score   support

         0.0       1.00      0.80      0.89        10
         1.0       0.89      1.00      0.94        25
         2.0       0.88      0.88      0.88        17
         3.0       1.00      0.83      0.91        12
         4.0       0.83      0.67      0.74        15
         5.0       1.00      0.90      0.95        10
         6.0       0.85      1.00      0.92        22
         7.0       0.71      0.52      0.60        23
         8.0       0.73      0.38      0.50        21
         9.0       0.67      0.74      0.70        35
        10.0       0.80      0.36      0.50        11
        11.0       0.89      0.89      0.89        19
        12.0       0.67      0.56      0.61        18
        13.0       0.75      0.80      0.77        15
        14.0       0.86      0.86      0.86        14
        15.0       1.00      1.00      1.00        10
        16.0       0.88      0.88      0.88        16
        17.0       0.83      0.91      0.87        11
        18.0       0.82      0.88      0.85        26
        19.0       0.67      0.72      0.69        25
        20.0       0.85      0.92      0.88        12
        21.0       0.93      0.87      0.90        15
        22.0       0.89      0.94      0.91        17
        23.0       0.73      0.73      0.73        11
        24.0       0.85      0.89      0.87        19
        25.0       0.83      0.83      0.83        18
        26.0       1.00      0.90      0.95        10
        27.0       1.00      0.93      0.96        14
        28.0       0.91      1.00      0.95        21
        29.0       0.92      1.00      0.96        23
        30.0       0.85      1.00      0.92        29
        31.0       0.94      0.94      0.94        17
        32.0       0.85      1.00      0.92        11
        33.0       0.93      0.93      0.93        30
        34.0       0.93      0.88      0.90        32
        35.0       0.75      0.75      0.75        12
        36.0       0.96      0.96      0.96        27
        37.0       0.83      0.67      0.74        15
        38.0       0.85      1.00      0.92        11
        39.0       0.60      0.23      0.33        13
        40.0       0.82      0.88      0.85        16
        41.0       1.00      1.00      1.00        12
        42.0       0.69      0.82      0.75        11
        43.0       1.00      1.00      1.00        16
        44.0       1.00      0.96      0.98        28
        45.0       0.79      1.00      0.88        22
        46.0       0.64      0.88      0.74        16
        47.0       0.44      0.31      0.36        13
        48.0       0.83      0.83      0.83        12
        49.0       1.00      1.00      1.00        11
        50.0       1.00      0.75      0.86        12
        51.0       0.93      1.00      0.96        13
        52.0       0.92      0.92      0.92        26
        53.0       0.76      0.96      0.85        27
        54.0       0.95      0.87      0.91        23
        55.0       0.89      0.89      0.89        19
        56.0       0.93      1.00      0.96        25
        57.0       0.86      0.86      0.86        21
        58.0       1.00      0.80      0.89        10
        59.0       0.50      0.19      0.27        16
        60.0       1.00      0.54      0.70        24
        61.0       0.86      0.40      0.55        15
        62.0       0.74      0.80      0.77       133
        63.0       1.00      0.80      0.89        15
        64.0       1.00      0.83      0.91        12
        65.0       0.81      0.76      0.79        17
        66.0       0.86      0.86      0.86        14
        67.0       0.91      0.91      0.91        11
        68.0       0.94      0.84      0.89        19
        69.0       0.91      1.00      0.95        29
        70.0       1.00      0.95      0.97        19
        71.0       0.73      0.73      0.73        15
        72.0       0.92      1.00      0.96        22
        73.0       0.90      0.82      0.86        11
        74.0       0.88      0.95      0.91        22
        75.0       0.89      0.94      0.91        17
        76.0       0.88      1.00      0.94        15
        77.0       0.78      0.90      0.84        20
        78.0       1.00      0.81      0.89        21
        79.0       1.00      0.60      0.75        10
        80.0       0.73      0.61      0.67        31
        81.0       0.86      0.90      0.88        21
        82.0       0.93      0.96      0.94        26
        83.0       1.00      0.92      0.96        13
        84.0       1.00      0.81      0.89        21
        85.0       0.92      0.92      0.92        12
        86.0       0.97      0.95      0.96        39
        87.0       0.62      0.88      0.73        17
        88.0       1.00      0.96      0.98        27
        89.0       0.77      0.83      0.80        12
        90.0       0.91      1.00      0.95        21
        91.0       1.00      1.00      1.00        30
        92.0       0.79      0.92      0.85        12
        93.0       0.73      0.79      0.76        14
        94.0       1.00      0.96      0.98        27
        95.0       0.92      0.96      0.94        25
        96.0       0.73      1.00      0.85        11
        97.0       0.76      0.83      0.79        30
        98.0       0.82      0.88      0.85        16
        99.0       0.94      0.94      0.94        17
       100.0       0.96      0.88      0.92        25
       101.0       0.84      0.96      0.90        28
       102.0       0.73      0.42      0.53        19
       103.0       0.72      0.88      0.79       291
       104.0       0.60      0.69      0.64        13
       105.0       0.88      0.94      0.91        16
       106.0       0.86      0.68      0.76        44
       107.0       0.93      1.00      0.96        13
       108.0       1.00      0.88      0.93        16
       109.0       1.00      1.00      1.00        19
       110.0       0.94      1.00      0.97        16
       111.0       0.93      1.00      0.97        14
       112.0       0.91      0.91      0.91        23
       113.0       0.90      0.79      0.84        34
       114.0       0.94      0.79      0.86        19
       115.0       0.91      1.00      0.95        21
       116.0       0.91      0.94      0.93        34
       117.0       0.92      0.92      0.92        12
       118.0       0.97      1.00      0.98        29
       119.0       0.92      0.85      0.88        26
       120.0       0.79      0.85      0.81        13
       121.0       0.88      0.70      0.78        10
       122.0       0.21      0.21      0.21        19
       123.0       0.63      0.82      0.71       136
       124.0       0.74      0.89      0.81        19
       125.0       0.42      0.66      0.51        58
       126.0       0.67      0.86      0.75        14
       127.0       1.00      0.94      0.97        18
       128.0       0.94      1.00      0.97        17
       129.0       1.00      0.72      0.84        18
       130.0       0.82      0.84      0.83        32
       131.0       0.95      1.00      0.98        20
       132.0       0.94      1.00      0.97        17
       133.0       0.93      0.93      0.93        15
       134.0       0.85      1.00      0.92        17
       135.0       0.83      0.77      0.80        13
       136.0       0.64      0.69      0.67        13
       137.0       0.94      0.87      0.90        38
       138.0       0.45      0.33      0.38        15
       139.0       0.49      0.95      0.64        19
       140.0       0.84      0.76      0.80        21
       141.0       0.96      1.00      0.98        45
       142.0       0.00      0.00      0.00        12
       143.0       1.00      0.62      0.77        16
       144.0       0.88      0.64      0.74        11
       145.0       0.27      0.17      0.21        18
       146.0       0.65      0.93      0.76        28
       147.0       0.78      0.64      0.70        11
       148.0       0.70      0.83      0.76        23
       149.0       0.87      0.92      0.90        52
       150.0       0.84      0.69      0.76        54
       151.0       0.60      0.56      0.58        16
       152.0       0.71      0.76      0.74        68
       153.0       0.75      0.27      0.40        11
       154.0       0.80      0.80      0.80        40
       155.0       0.92      0.92      0.92        24
       156.0       0.17      0.08      0.11        12
       157.0       0.33      0.17      0.22        18
       158.0       0.27      0.19      0.22        16
       159.0       0.56      0.28      0.37        18
       160.0       0.33      0.27      0.30        15
       161.0       0.37      0.52      0.43        25
       162.0       0.50      0.20      0.29        10
       163.0       1.00      0.44      0.61        16
       164.0       0.84      0.89      0.86        18
       165.0       0.73      0.67      0.70        12
       166.0       0.50      0.36      0.42        47
       167.0       0.95      1.00      0.98        21
       168.0       0.57      0.87      0.68        15
       169.0       1.00      0.94      0.97        17
       170.0       0.96      0.96      0.96        24
       171.0       0.88      0.78      0.82        36
       172.0       0.76      0.93      0.84        14
       173.0       0.68      0.81      0.74        16
       174.0       0.74      0.92      0.82        25
       175.0       1.00      0.33      0.50        12
       176.0       0.73      0.67      0.70        12
       177.0       0.72      0.65      0.68        20
       178.0       0.87      0.87      0.87        15
       179.0       0.76      0.93      0.84        14
       180.0       0.44      0.25      0.32        16
       181.0       0.78      0.78      0.78        23
       182.0       0.97      0.97      0.97        31
       183.0       0.89      0.67      0.76        12
       184.0       1.00      0.82      0.90        22
       185.0       1.00      0.86      0.93        29
       186.0       0.56      0.75      0.64       127
       187.0       0.68      0.86      0.76       119
       188.0       0.88      1.00      0.93        14
       189.0       0.69      0.82      0.75        22
       190.0       1.00      0.93      0.97        15
       191.0       1.00      0.50      0.67        12
       192.0       0.79      1.00      0.88        15
       193.0       0.86      0.50      0.63        12
       194.0       0.93      0.62      0.74        21
       195.0       0.38      0.30      0.33        10
       196.0       0.92      0.92      0.92        13
       197.0       1.00      0.36      0.53        14
       198.0       1.00      0.71      0.83        14
       199.0       0.38      0.20      0.26        15
       200.0       0.91      0.81      0.86        26
       201.0       0.93      0.81      0.87        16
       202.0       0.61      0.73      0.67        15
       203.0       0.79      0.90      0.84        29
       204.0       0.72      0.82      0.77        22
       205.0       0.94      1.00      0.97        15
       206.0       0.95      0.95      0.95        19
       207.0       0.95      1.00      0.97        19
       208.0       0.89      0.94      0.91        17
       209.0       0.79      0.94      0.86        16
       210.0       0.89      0.85      0.87        20
       211.0       0.73      0.79      0.76        14
       212.0       0.81      0.93      0.87        14
       213.0       1.00      0.61      0.76        18
       214.0       0.82      0.82      0.82        22
       215.0       1.00      1.00      1.00        14
       216.0       0.94      0.88      0.91        17
       217.0       1.00      0.80      0.89        10
       218.0       0.87      0.85      0.86       110
       219.0       0.82      0.97      0.89        29
       220.0       0.90      0.90      0.90        21
       221.0       0.92      0.86      0.89        14
       222.0       0.79      1.00      0.88        26
       223.0       0.84      1.00      0.91        16
       224.0       1.00      0.76      0.86        21
       225.0       0.92      0.65      0.76        17
       226.0       0.92      1.00      0.96        12
       227.0       0.89      0.62      0.73        13
       228.0       0.79      1.00      0.88        11
       229.0       1.00      0.67      0.80        30
       230.0       0.93      0.74      0.82        34
       231.0       1.00      0.23      0.38        13
       232.0       0.61      0.48      0.54        29
       233.0       0.82      0.95      0.88        19
       234.0       0.87      0.68      0.76        19
       235.0       1.00      0.76      0.86        21
       236.0       0.71      0.55      0.62        22
       237.0       0.91      0.50      0.65        20
       238.0       1.00      0.78      0.88        27
       239.0       1.00      0.83      0.91        30
       240.0       0.70      0.70      0.70        23
       241.0       0.90      0.64      0.75        14
       242.0       0.80      0.78      0.79        45
       243.0       0.76      0.96      0.85        27
       244.0       1.00      1.00      1.00        12
       245.0       0.94      0.85      0.89        20
       246.0       1.00      0.86      0.93        22
       247.0       0.52      0.70      0.60        20
       248.0       0.89      1.00      0.94        16
       249.0       0.96      0.92      0.94        25
       250.0       0.93      0.72      0.81        18
       251.0       1.00      1.00      1.00        12
       252.0       1.00      0.30      0.46        10
       253.0       1.00      0.95      0.98        22
       254.0       1.00      0.92      0.96        13
       255.0       1.00      0.19      0.32        16
       256.0       1.00      0.92      0.96        24
       257.0       0.71      0.67      0.69        15
       258.0       0.82      1.00      0.90        18
       259.0       0.96      1.00      0.98        26
       260.0       0.95      1.00      0.97        19
       261.0       1.00      0.77      0.87        31
       262.0       0.79      1.00      0.88        11
       263.0       1.00      1.00      1.00        15
       264.0       1.00      0.94      0.97        18
       265.0       1.00      0.82      0.90        11
       266.0       0.90      0.60      0.72        15
       267.0       0.82      0.69      0.75        13
       268.0       1.00      0.81      0.89        21
       269.0       1.00      1.00      1.00        19
       270.0       0.50      0.36      0.42        14
       271.0       0.70      0.82      0.76        38
       272.0       0.85      0.98      0.91        53
       273.0       0.83      0.67      0.74        30
       274.0       0.93      0.88      0.90        32
       275.0       0.71      1.00      0.83        10
       276.0       1.00      1.00      1.00        12
       277.0       0.71      0.91      0.80        11

    accuracy                           0.81      6279
   macro avg       0.83      0.79      0.80      6279
weighted avg       0.82      0.81      0.80      6279


===confusion_matrix===

[[ 8  0  0 ...  0  0  0]
 [ 0 25  0 ...  0  0  0]
 [ 0  0 15 ...  0  0  0]
 ...
 [ 0  0  0 ... 10  0  0]
 [ 0  0  0 ...  0 12  0]
 [ 0  0  0 ...  1  0 10]]

===multilabel confusion matrix===

[[[6269    0]
  [   2    8]]

 [[6251    3]
  [   0   25]]

 [[6260    2]
  [   2   15]]

 ...

 [[6265    4]
  [   0   10]]

 [[6267    0]
  [   0   12]]

 [[6264    4]
  [   1   10]]]

===scores report===
metrics	scores
Accuracy	0.8089
MCC	0.8075
log_loss	0.9007
f1 score weighted	0.8031
f1 score macro	0.8011
f1 score micro	0.8089
roc_auc ovr	0.9942
roc_auc ovo	0.9945
precision	0.8183
recall	0.8089

===TRAIN MODELS with CV===

train_model_cv	Accuracy	MCC	log_loss	f1 score weighted	f1 score macro	f1 score micro	roc_auc ovr	roc_auc ovo	precision	recall
0	0.8339171974522293	0.8327340624587745	0.8181460402159554	0.8314180453528355	0.8261868262617665	0.8339171974522293	0.9952003507206921	0.9957643806677102	0.8413116815760514	0.8339171974522293
1	0.8044274566013696	0.8029991953776945	0.9468704312695911	0.8013838550053317	0.7914405623150885	0.8044274566013696	0.9942713266503156	0.9944239601582039	0.8167155861916743	0.8044274566013696
2	0.8090460264373308	0.8076589939238763	0.9107177099392803	0.8027117949599878	0.7972109139965019	0.8090460264373308	0.9940110450445389	0.9946124389084752	0.8174537557237228	0.8090460264373308
3	0.8010829749960184	0.7996724388822375	0.9666561080997584	0.799763667375018	0.7908109926947584	0.8010829749960184	0.9937948621241143	0.9942464096535607	0.8169133373786464	0.8010829749960184
4	0.8088867654085046	0.8074585928139535	0.9006830426204925	0.8031118559912587	0.8011260948846574	0.8088867654085046	0.9942478639076278	0.9945480752964021	0.818306479593519	0.8088867654085046
mean	0.8114720841790906	0.8101046566913073	0.9086146664290154	0.8076778437368863	0.8013550780305545	0.8114720841790906	0.9943050896894576	0.9947190529368705	0.8221401680927227	0.8114720841790906
std	0.011609591779924938	0.011699501482531917	0.05115509411951084	0.011927745293670246	0.012987052063353825	0.011609591779924938	0.00048014611705330285	0.0005373604731895332	0.009601587428727505	0.011609591779924938

Accuracy
MCC
log_loss
f1 score weighted
f1 score macro
f1 score micro
roc_auc ovr
roc_auc ovo
precision
recallFinished train_model_cv in 13618.2529 secs

