/home/amsequeira/enzymeClassification/models/embedding/64_64_32_500_pre_pre_bilstm_attentio_cv_only_enz_emb_8_lev3
self
x_train
y_train
x_test
y_test
number_classes
problem_type
x_dval
y_dval
model
epochs
batch_size
callbacks
reduce_lr
early_stopping
checkpoint
tensorboard
early_stopping_patience
reduce_lr_patience
reduce_lr_factor
reduce_lr_min
path
report_name
verbose
validation_split
shuffle
class_weights
===Callbacks===

generate_callbacks
[<tensorflow.python.keras.callbacks.EarlyStopping object at 0x7fc1743a9d60>, <tensorflow.python.keras.callbacks.ReduceLROnPlateau object at 0x7fc1743a9f70>, <tensorflow.python.keras.callbacks.ModelCheckpoint object at 0x7fc1743a9be0>]
===SCORING TEST SET ===

model_complete_evaluate
{'self': <deep_ml.DeepML object at 0x7fc1743a9df0>, 'x_test': array([[ 0,  0,  0, ...,  3,  7, 11],
       [ 0,  0,  0, ..., 13, 11,  1],
       [ 0,  0,  0, ...,  3,  0,  8],
       ...,
       [ 0,  0,  0, ..., 16,  6,  3],
       [11, 11, 10, ..., 15,  8, 19],
       [10, 10,  1, ...,  0, 15,  0]], dtype=int8), 'y_test': array([ 56.,  56.,  56., ...,  50.,  46., 153.], dtype=float32), 'model': None}
report

              precision    recall  f1-score   support

         0.0       0.91      0.91      0.91       825
         1.0       1.00      0.21      0.35        14
         2.0       0.74      0.65      0.69        31
         3.0       1.00      0.09      0.17        11
         4.0       0.82      0.81      0.82        52
         5.0       0.59      0.82      0.69       176
         6.0       0.56      0.60      0.58       102
         7.0       0.62      0.48      0.54        97
         8.0       0.67      0.29      0.40        14
         9.0       0.56      0.53      0.54        70
        10.0       0.72      0.78      0.75       104
        11.0       0.00      0.00      0.00        18
        12.0       0.62      0.36      0.45        14
        13.0       0.69      0.63      0.66        43
        14.0       0.68      0.56      0.61        34
        15.0       0.92      0.77      0.84        64
        16.0       0.67      0.15      0.25        13
        17.0       0.64      0.37      0.47        19
        18.0       0.90      0.85      0.87        72
        19.0       0.55      0.53      0.54        30
        20.0       0.97      0.97      0.97        94
        21.0       0.83      0.85      0.84        46
        22.0       1.00      0.60      0.75        25
        23.0       0.96      0.95      0.96       345
        24.0       0.91      0.70      0.79        30
        25.0       0.00      0.00      0.00        20
        26.0       0.77      0.81      0.79       167
        27.0       0.76      0.81      0.78        36
        28.0       1.00      0.80      0.89        61
        29.0       0.84      0.81      0.82        63
        30.0       0.70      0.64      0.67        11
        31.0       0.00      0.00      0.00        11
        32.0       0.70      0.47      0.57        40
        33.0       0.84      0.70      0.76        73
        34.0       1.00      0.98      0.99        57
        35.0       1.00      0.87      0.93        15
        36.0       0.53      0.38      0.44        50
        37.0       0.95      0.95      0.95        19
        38.0       0.88      0.79      0.84        29
        39.0       0.89      0.92      0.91       101
        40.0       1.00      0.17      0.29        12
        41.0       1.00      1.00      1.00        14
        42.0       0.77      0.85      0.81        67
        43.0       0.90      0.83      0.86        76
        44.0       0.79      1.00      0.88        11
        45.0       1.00      0.86      0.93        37
        46.0       0.89      0.89      0.89      1613
        47.0       0.98      0.97      0.97       299
        48.0       0.99      0.95      0.97       244
        49.0       0.92      0.93      0.93       168
        50.0       0.78      0.86      0.81      1024
        51.0       0.67      0.73      0.70       353
        52.0       0.87      0.85      0.86        86
        53.0       0.79      0.82      0.80       607
        54.0       0.84      0.92      0.88       543
        55.0       0.88      0.88      0.88        78
        56.0       0.87      0.92      0.89       954
        57.0       0.90      0.92      0.91       247
        58.0       0.97      0.94      0.96        34
        59.0       0.85      0.87      0.86       877
        60.0       0.99      0.86      0.92        77
        61.0       0.77      0.89      0.82       566
        62.0       0.87      0.54      0.67        24
        63.0       0.63      0.67      0.65        55
        64.0       0.97      0.98      0.97       254
        65.0       1.00      0.29      0.44        14
        66.0       0.96      0.96      0.96       456
        67.0       0.80      0.63      0.71        38
        68.0       0.87      0.88      0.87      1189
        69.0       0.83      0.89      0.86       224
        70.0       0.93      0.68      0.79        19
        71.0       0.97      0.94      0.96       358
        72.0       0.81      0.66      0.72        32
        73.0       0.00      0.00      0.00        13
        74.0       0.98      0.98      0.98       127
        75.0       1.00      0.75      0.86        12
        76.0       0.81      0.81      0.81       460
        77.0       0.86      0.87      0.87       103
        78.0       0.47      0.37      0.41        52
        79.0       0.88      0.70      0.78        83
        80.0       0.68      0.42      0.52        80
        81.0       0.88      0.86      0.87        84
        82.0       0.97      0.88      0.92       335
        83.0       0.33      0.13      0.19        23
        84.0       0.73      0.79      0.76       518
        85.0       0.37      0.20      0.26        87
        86.0       0.83      0.38      0.53        13
        87.0       0.63      0.74      0.68       480
        88.0       0.61      0.67      0.64       126
        89.0       1.00      0.92      0.96        25
        90.0       0.83      0.78      0.80       152
        91.0       0.54      0.35      0.42        20
        92.0       0.73      0.57      0.64        28
        93.0       0.77      0.57      0.66        42
        94.0       0.50      0.26      0.35        34
        95.0       0.64      0.44      0.52        99
        96.0       0.84      0.85      0.84       415
        97.0       0.70      0.66      0.68       118
        98.0       0.85      0.67      0.75        99
        99.0       0.68      0.70      0.69       253
       100.0       0.88      0.92      0.90       116
       101.0       0.80      0.80      0.80       423
       102.0       0.89      0.76      0.82        99
       103.0       0.84      0.77      0.80        60
       104.0       0.88      0.79      0.83       266
       105.0       0.84      0.84      0.84        37
       106.0       0.91      0.86      0.88       494
       107.0       0.76      0.93      0.84        14
       108.0       0.79      0.89      0.84       610
       109.0       0.97      0.84      0.90       206
       110.0       0.69      0.50      0.58        22
       111.0       0.89      0.88      0.89       534
       112.0       0.66      0.64      0.65        98
       113.0       0.65      0.67      0.66        86
       114.0       0.97      0.88      0.92       109
       115.0       0.89      0.89      0.89       858
       116.0       0.67      0.56      0.61        61
       117.0       0.94      0.92      0.93       209
       118.0       1.00      0.08      0.14        13
       119.0       0.77      0.82      0.79        65
       120.0       0.89      0.96      0.92       156
       121.0       0.95      0.94      0.95        84
       122.0       0.85      0.51      0.64        55
       123.0       0.67      0.82      0.74       154
       124.0       1.00      0.77      0.87        52
       125.0       0.95      0.90      0.92       147
       126.0       0.87      0.44      0.59        77
       127.0       0.93      0.74      0.82        19
       128.0       0.79      0.83      0.81       198
       129.0       0.90      0.94      0.92       450
       130.0       0.89      0.73      0.80        11
       131.0       0.71      0.67      0.69        43
       132.0       1.00      0.69      0.81        16
       133.0       0.98      0.94      0.96       204
       134.0       0.96      0.93      0.95        76
       135.0       0.82      0.89      0.86       255
       136.0       0.62      0.50      0.56        20
       137.0       0.64      0.69      0.67        13
       138.0       0.74      0.55      0.63        67
       139.0       0.95      0.97      0.96      1464
       140.0       0.84      0.88      0.86       146
       141.0       0.89      0.95      0.92        99
       142.0       0.94      0.90      0.92       455
       143.0       0.96      0.91      0.94        82
       144.0       0.97      0.97      0.97       411
       145.0       0.95      0.92      0.93       406
       146.0       0.50      0.25      0.33        12
       147.0       0.88      0.91      0.90       149
       148.0       0.95      0.96      0.95       703
       149.0       0.96      0.95      0.95       195
       150.0       0.86      0.76      0.81        33
       151.0       0.93      0.79      0.86        68
       152.0       0.94      0.90      0.92        93
       153.0       0.88      0.91      0.90        33
       154.0       0.87      0.92      0.89        49
       155.0       0.90      0.95      0.92       154

    accuracy                           0.85     28656
   macro avg       0.80      0.72      0.74     28656
weighted avg       0.85      0.85      0.85     28656


===confusion_matrix===

[[752   0   0 ...   0   0   0]
 [  0   3   0 ...   0   0   0]
 [  0   0  20 ...   0   0   0]
 ...
 [  0   0   0 ...  30   1   0]
 [  0   0   0 ...   0  45   3]
 [  0   0   0 ...   1   4 146]]

===multilabel confusion matrix===

[[[27761    70]
  [   73   752]]

 [[28642     0]
  [   11     3]]

 [[28618     7]
  [   11    20]]

 [[28645     0]
  [   10     1]]

 [[28595     9]
  [   10    42]]

 [[28380   100]
  [   31   145]]

 [[28507    47]
  [   41    61]]

 [[28530    29]
  [   50    47]]

 [[28640     2]
  [   10     4]]

 [[28557    29]
  [   33    37]]

 [[28521    31]
  [   23    81]]

 [[28637     1]
  [   18     0]]

 [[28639     3]
  [    9     5]]

 [[28601    12]
  [   16    27]]

 [[28613     9]
  [   15    19]]

 [[28588     4]
  [   15    49]]

 [[28642     1]
  [   11     2]]

 [[28633     4]
  [   12     7]]

 [[28577     7]
  [   11    61]]

 [[28613    13]
  [   14    16]]

 [[28559     3]
  [    3    91]]

 [[28602     8]
  [    7    39]]

 [[28631     0]
  [   10    15]]

 [[28297    14]
  [   16   329]]

 [[28624     2]
  [    9    21]]

 [[28634     2]
  [   20     0]]

 [[28448    41]
  [   32   135]]

 [[28611     9]
  [    7    29]]

 [[28595     0]
  [   12    49]]

 [[28583    10]
  [   12    51]]

 [[28642     3]
  [    4     7]]

 [[28645     0]
  [   11     0]]

 [[28608     8]
  [   21    19]]

 [[28573    10]
  [   22    51]]

 [[28599     0]
  [    1    56]]

 [[28641     0]
  [    2    13]]

 [[28589    17]
  [   31    19]]

 [[28636     1]
  [    1    18]]

 [[28624     3]
  [    6    23]]

 [[28544    11]
  [    8    93]]

 [[28644     0]
  [   10     2]]

 [[28642     0]
  [    0    14]]

 [[28572    17]
  [   10    57]]

 [[28573     7]
  [   13    63]]

 [[28642     3]
  [    0    11]]

 [[28619     0]
  [    5    32]]

 [[26873   170]
  [  171  1442]]

 [[28350     7]
  [    9   290]]

 [[28410     2]
  [   12   232]]

 [[28474    14]
  [   11   157]]

 [[27378   254]
  [  147   877]]

 [[28174   129]
  [   96   257]]

 [[28559    11]
  [   13    73]]

 [[27914   135]
  [  112   495]]

 [[28015    98]
  [   41   502]]

 [[28569     9]
  [    9    69]]

 [[27567   135]
  [   81   873]]

 [[28384    25]
  [   19   228]]

 [[28621     1]
  [    2    32]]

 [[27649   130]
  [  114   763]]

 [[28578     1]
  [   11    66]]

 [[27938   152]
  [   62   504]]

 [[28630     2]
  [   11    13]]

 [[28579    22]
  [   18    37]]

 [[28393     9]
  [    4   250]]

 [[28642     0]
  [   10     4]]

 [[28183    17]
  [   17   439]]

 [[28612     6]
  [   14    24]]

 [[27309   158]
  [  143  1046]]

 [[28391    41]
  [   25   199]]

 [[28636     1]
  [    6    13]]

 [[28287    11]
  [   20   338]]

 [[28619     5]
  [   11    21]]

 [[28643     0]
  [   13     0]]

 [[28526     3]
  [    3   124]]

 [[28644     0]
  [    3     9]]

 [[28111    85]
  [   88   372]]

 [[28538    15]
  [   13    90]]

 [[28583    21]
  [   33    19]]

 [[28565     8]
  [   25    58]]

 [[28560    16]
  [   46    34]]

 [[28562    10]
  [   12    72]]

 [[28311    10]
  [   39   296]]

 [[28627     6]
  [   20     3]]

 [[27984   154]
  [  108   410]]

 [[28540    29]
  [   70    17]]

 [[28642     1]
  [    8     5]]

 [[27966   210]
  [  123   357]]

 [[28475    55]
  [   41    85]]

 [[28631     0]
  [    2    23]]

 [[28479    25]
  [   34   118]]

 [[28630     6]
  [   13     7]]

 [[28622     6]
  [   12    16]]

 [[28607     7]
  [   18    24]]

 [[28613     9]
  [   25     9]]

 [[28532    25]
  [   55    44]]

 [[28176    65]
  [   64   351]]

 [[28504    34]
  [   40    78]]

 [[28545    12]
  [   33    66]]

 [[28321    82]
  [   76   177]]

 [[28526    14]
  [    9   107]]

 [[28150    83]
  [   84   339]]

 [[28548     9]
  [   24    75]]

 [[28587     9]
  [   14    46]]

 [[28362    28]
  [   57   209]]

 [[28613     6]
  [    6    31]]

 [[28121    41]
  [   71   423]]

 [[28638     4]
  [    1    13]]

 [[27902   144]
  [   67   543]]

 [[28444     6]
  [   32   174]]

 [[28629     5]
  [   11    11]]

 [[28067    55]
  [   66   468]]

 [[28526    32]
  [   35    63]]

 [[28539    31]
  [   28    58]]

 [[28544     3]
  [   13    96]]

 [[27704    94]
  [   98   760]]

 [[28578    17]
  [   27    34]]

 [[28435    12]
  [   17   192]]

 [[28643     0]
  [   12     1]]

 [[28575    16]
  [   12    53]]

 [[28481    19]
  [    7   149]]

 [[28568     4]
  [    5    79]]

 [[28596     5]
  [   27    28]]

 [[28440    62]
  [   27   127]]

 [[28604     0]
  [   12    40]]

 [[28502     7]
  [   15   132]]

 [[28574     5]
  [   43    34]]

 [[28636     1]
  [    5    14]]

 [[28415    43]
  [   34   164]]

 [[28157    49]
  [   26   424]]

 [[28644     1]
  [    3     8]]

 [[28601    12]
  [   14    29]]

 [[28640     0]
  [    5    11]]

 [[28449     3]
  [   13   191]]

 [[28577     3]
  [    5    71]]

 [[28352    49]
  [   27   228]]

 [[28630     6]
  [   10    10]]

 [[28638     5]
  [    4     9]]

 [[28576    13]
  [   30    37]]

 [[27118    74]
  [   38  1426]]

 [[28485    25]
  [   18   128]]

 [[28545    12]
  [    5    94]]

 [[28174    27]
  [   44   411]]

 [[28571     3]
  [    7    75]]

 [[28232    13]
  [   12   399]]

 [[28230    20]
  [   33   373]]

 [[28641     3]
  [    9     3]]

 [[28489    18]
  [   13   136]]

 [[27915    38]
  [   30   673]]

 [[28453     8]
  [   10   185]]

 [[28619     4]
  [    8    25]]

 [[28584     4]
  [   14    54]]

 [[28558     5]
  [    9    84]]

 [[28619     4]
  [    3    30]]

 [[28600     7]
  [    4    45]]

 [[28485    17]
  [    8   146]]]

===scores report===
metrics	scores
Accuracy	0.8547
MCC	0.8517
log_loss	0.7021
f1 score weighted	0.8517
f1 score macro	0.7443
f1 score micro	0.8547
roc_auc ovr	0.9942
roc_auc ovo	0.9914
precision	0.8543
recall	0.8547

===Callbacks===

generate_callbacks
[<tensorflow.python.keras.callbacks.EarlyStopping object at 0x7fc1743a9d60>, <tensorflow.python.keras.callbacks.ReduceLROnPlateau object at 0x7fc1743a9f70>, <tensorflow.python.keras.callbacks.ModelCheckpoint object at 0x7fc1743a9be0>]
===SCORING TEST SET ===

model_complete_evaluate
{'self': <deep_ml.DeepML object at 0x7fc1743a9df0>, 'x_test': array([[ 0,  0,  0, ..., 15,  9, 11],
       [ 0,  0,  0, ...,  7, 17,  6],
       [ 0,  0,  0, ...,  7,  7,  0],
       ...,
       [ 0,  0,  0, ..., 10, 13,  6],
       [19,  1,  0, ...,  6,  5,  5],
       [19,  5, 14, ...,  3,  1,  2]], dtype=int8), 'y_test': array([56., 56., 56., ..., 98., 51., 88.], dtype=float32), 'model': None}
report

              precision    recall  f1-score   support

         0.0       0.84      0.91      0.87       825
         1.0       0.38      0.21      0.27        14
         2.0       0.84      0.68      0.75        31
         3.0       0.00      0.00      0.00        12
         4.0       0.93      0.71      0.80        52
         5.0       0.77      0.75      0.76       176
         6.0       0.55      0.55      0.55       102
         7.0       0.44      0.32      0.37        97
         8.0       0.64      0.50      0.56        14
         9.0       0.50      0.47      0.49        70
        10.0       0.72      0.82      0.77       104
        11.0       0.67      0.11      0.19        18
        12.0       0.50      0.43      0.46        14
        13.0       0.65      0.62      0.63        42
        14.0       0.95      0.53      0.68        34
        15.0       0.89      0.64      0.75        64
        16.0       0.00      0.00      0.00        14
        17.0       0.61      0.58      0.59        19
        18.0       0.91      0.88      0.89        72
        19.0       0.29      0.23      0.25        31
        20.0       0.98      0.97      0.97        94
        21.0       0.76      0.78      0.77        45
        22.0       0.91      0.80      0.85        25
        23.0       0.94      0.95      0.95       346
        24.0       0.88      0.73      0.80        30
        25.0       0.33      0.05      0.09        19
        26.0       0.55      0.73      0.63       167
        27.0       0.77      0.67      0.72        36
        28.0       0.98      0.98      0.98        60
        29.0       0.93      0.66      0.77        62
        30.0       0.60      0.27      0.37        11
        31.0       0.12      0.09      0.11        11
        32.0       0.60      0.45      0.51        40
        33.0       0.76      0.61      0.68        74
        34.0       1.00      0.98      0.99        56
        35.0       1.00      0.88      0.93        16
        36.0       0.53      0.33      0.41        51
        37.0       0.64      0.84      0.73        19
        38.0       0.81      0.86      0.83        29
        39.0       0.88      0.90      0.89       101
        40.0       1.00      0.33      0.50        12
        41.0       1.00      1.00      1.00        13
        42.0       0.89      0.81      0.84        67
        43.0       0.97      0.88      0.92        76
        44.0       0.92      0.92      0.92        12
        45.0       0.97      0.83      0.90        36
        46.0       0.88      0.91      0.90      1613
        47.0       0.98      0.96      0.97       299
        48.0       0.98      0.98      0.98       243
        49.0       0.93      0.91      0.92       169
        50.0       0.80      0.82      0.81      1024
        51.0       0.86      0.65      0.74       352
        52.0       0.87      0.86      0.87        86
        53.0       0.73      0.84      0.78       607
        54.0       0.89      0.90      0.89       543
        55.0       0.99      0.90      0.94        78
        56.0       0.83      0.87      0.85       954
        57.0       0.90      0.89      0.89       247
        58.0       1.00      1.00      1.00        34
        59.0       0.79      0.88      0.83       877
        60.0       0.94      0.81      0.87        77
        61.0       0.82      0.86      0.84       565
        62.0       1.00      0.46      0.63        24
        63.0       0.89      0.58      0.70        55
        64.0       0.99      0.95      0.97       255
        65.0       1.00      0.50      0.67        14
        66.0       0.97      0.92      0.94       457
        67.0       0.82      0.84      0.83        37
        68.0       0.83      0.85      0.84      1189
        69.0       0.87      0.85      0.86       224
        70.0       0.84      0.80      0.82        20
        71.0       0.96      0.91      0.94       358
        72.0       0.71      0.38      0.49        32
        73.0       0.00      0.00      0.00        13
        74.0       0.97      0.95      0.96       128
        75.0       0.92      0.92      0.92        13
        76.0       0.77      0.77      0.77       460
        77.0       0.94      0.85      0.89       104
        78.0       0.41      0.27      0.33        52
        79.0       0.82      0.58      0.68        84
        80.0       0.63      0.45      0.53        80
        81.0       0.92      0.80      0.85        83
        82.0       0.90      0.89      0.89       335
        83.0       0.88      0.58      0.70        24
        84.0       0.74      0.78      0.76       518
        85.0       0.34      0.18      0.24        88
        86.0       1.00      0.23      0.38        13
        87.0       0.55      0.73      0.63       480
        88.0       0.80      0.62      0.70       126
        89.0       1.00      1.00      1.00        25
        90.0       0.78      0.81      0.79       153
        91.0       0.60      0.15      0.24        20
        92.0       0.75      0.44      0.56        27
        93.0       0.92      0.57      0.71        42
        94.0       1.00      0.24      0.38        34
        95.0       0.50      0.52      0.51        99
        96.0       0.83      0.81      0.82       416
        97.0       0.58      0.57      0.58       118
        98.0       0.82      0.81      0.81        99
        99.0       0.75      0.64      0.70       253
       100.0       0.94      0.89      0.91       115
       101.0       0.80      0.80      0.80       423
       102.0       0.81      0.74      0.77        99
       103.0       0.76      0.62      0.68        61
       104.0       0.79      0.79      0.79       266
       105.0       0.85      0.81      0.83        36
       106.0       0.73      0.84      0.78       494
       107.0       0.80      0.86      0.83        14
       108.0       0.87      0.84      0.86       610
       109.0       0.93      0.88      0.91       206
       110.0       0.67      0.64      0.65        22
       111.0       0.78      0.89      0.83       535
       112.0       0.63      0.70      0.67        98
       113.0       0.61      0.50      0.55        86
       114.0       0.93      0.87      0.90       109
       115.0       0.84      0.90      0.87       858
       116.0       0.47      0.36      0.41        61
       117.0       0.91      0.90      0.91       208
       118.0       0.00      0.00      0.00        13
       119.0       0.91      0.77      0.83        65
       120.0       0.92      0.90      0.91       157
       121.0       0.99      0.99      0.99        84
       122.0       0.79      0.55      0.65        55
       123.0       0.85      0.76      0.80       154
       124.0       0.91      0.92      0.91        52
       125.0       0.93      0.88      0.91       147
       126.0       0.58      0.64      0.61        77
       127.0       1.00      0.67      0.80        18
       128.0       0.87      0.81      0.84       197
       129.0       0.86      0.94      0.89       449
       130.0       0.90      0.82      0.86        11
       131.0       0.65      0.60      0.63        43
       132.0       0.91      0.67      0.77        15
       133.0       0.99      0.95      0.97       204
       134.0       0.96      0.96      0.96        76
       135.0       0.89      0.82      0.85       255
       136.0       0.64      0.37      0.47        19
       137.0       1.00      0.92      0.96        13
       138.0       0.88      0.42      0.57        67
       139.0       0.94      0.98      0.96      1463
       140.0       0.86      0.86      0.86       147
       141.0       0.81      0.88      0.84        99
       142.0       0.90      0.91      0.91       455
       143.0       0.94      0.93      0.93        82
       144.0       0.94      0.94      0.94       410
       145.0       0.93      0.93      0.93       406
       146.0       1.00      0.17      0.29        12
       147.0       0.93      0.91      0.92       149
       148.0       0.93      0.96      0.95       702
       149.0       0.96      0.96      0.96       196
       150.0       0.73      0.75      0.74        32
       151.0       0.94      0.90      0.92        69
       152.0       0.93      0.85      0.89        93
       153.0       1.00      0.91      0.95        32
       154.0       0.85      0.94      0.89        49
       155.0       0.86      0.93      0.89       154

    accuracy                           0.84     28655
   macro avg       0.79      0.71      0.74     28655
weighted avg       0.84      0.84      0.84     28655


===confusion_matrix===

[[751   0   0 ...   0   0   0]
 [  4   3   0 ...   0   0   0]
 [  0   0  21 ...   0   0   0]
 ...
 [  0   0   0 ...  29   1   0]
 [  0   0   0 ...   0  46   3]
 [  0   0   0 ...   0   5 143]]

===multilabel confusion matrix===

[[[27687   143]
  [   74   751]]

 [[28636     5]
  [   11     3]]

 [[28620     4]
  [   10    21]]

 [[28642     1]
  [   12     0]]

 [[28600     3]
  [   15    37]]

 [[28439    40]
  [   44   132]]

 [[28508    45]
  [   46    56]]

 [[28518    40]
  [   66    31]]

 [[28637     4]
  [    7     7]]

 [[28552    33]
  [   37    33]]

 [[28518    33]
  [   19    85]]

 [[28636     1]
  [   16     2]]

 [[28635     6]
  [    8     6]]

 [[28599    14]
  [   16    26]]

 [[28620     1]
  [   16    18]]

 [[28586     5]
  [   23    41]]

 [[28641     0]
  [   14     0]]

 [[28629     7]
  [    8    11]]

 [[28577     6]
  [    9    63]]

 [[28607    17]
  [   24     7]]

 [[28559     2]
  [    3    91]]

 [[28599    11]
  [   10    35]]

 [[28628     2]
  [    5    20]]

 [[28289    20]
  [   16   330]]

 [[28622     3]
  [    8    22]]

 [[28634     2]
  [   18     1]]

 [[28388   100]
  [   45   122]]

 [[28612     7]
  [   12    24]]

 [[28594     1]
  [    1    59]]

 [[28590     3]
  [   21    41]]

 [[28642     2]
  [    8     3]]

 [[28637     7]
  [   10     1]]

 [[28603    12]
  [   22    18]]

 [[28567    14]
  [   29    45]]

 [[28599     0]
  [    1    55]]

 [[28639     0]
  [    2    14]]

 [[28589    15]
  [   34    17]]

 [[28627     9]
  [    3    16]]

 [[28620     6]
  [    4    25]]

 [[28541    13]
  [   10    91]]

 [[28643     0]
  [    8     4]]

 [[28642     0]
  [    0    13]]

 [[28581     7]
  [   13    54]]

 [[28577     2]
  [    9    67]]

 [[28642     1]
  [    1    11]]

 [[28618     1]
  [    6    30]]

 [[26847   195]
  [  139  1474]]

 [[28350     6]
  [   13   286]]

 [[28408     4]
  [    6   237]]

 [[28475    11]
  [   15   154]]

 [[27425   206]
  [  182   842]]

 [[28265    38]
  [  123   229]]

 [[28558    11]
  [   12    74]]

 [[27857   191]
  [  100   507]]

 [[28050    62]
  [   56   487]]

 [[28576     1]
  [    8    70]]

 [[27530   171]
  [  120   834]]

 [[28383    25]
  [   27   220]]

 [[28621     0]
  [    0    34]]

 [[27577   201]
  [  106   771]]

 [[28574     4]
  [   15    62]]

 [[27984   106]
  [   77   488]]

 [[28631     0]
  [   13    11]]

 [[28596     4]
  [   23    32]]

 [[28397     3]
  [   12   243]]

 [[28641     0]
  [    7     7]]

 [[28183    15]
  [   36   421]]

 [[28611     7]
  [    6    31]]

 [[27263   203]
  [  174  1015]]

 [[28403    28]
  [   33   191]]

 [[28632     3]
  [    4    16]]

 [[28285    12]
  [   33   325]]

 [[28618     5]
  [   20    12]]

 [[28641     1]
  [   13     0]]

 [[28523     4]
  [    7   121]]

 [[28641     1]
  [    1    12]]

 [[28087   108]
  [  107   353]]

 [[28545     6]
  [   16    88]]

 [[28583    20]
  [   38    14]]

 [[28560    11]
  [   35    49]]

 [[28554    21]
  [   44    36]]

 [[28566     6]
  [   17    66]]

 [[28287    33]
  [   37   298]]

 [[28629     2]
  [   10    14]]

 [[27994   143]
  [  114   404]]

 [[28536    31]
  [   72    16]]

 [[28642     0]
  [   10     3]]

 [[27890   285]
  [  129   351]]

 [[28510    19]
  [   48    78]]

 [[28630     0]
  [    0    25]]

 [[28467    35]
  [   29   124]]

 [[28633     2]
  [   17     3]]

 [[28624     4]
  [   15    12]]

 [[28611     2]
  [   18    24]]

 [[28621     0]
  [   26     8]]

 [[28505    51]
  [   48    51]]

 [[28171    68]
  [   80   336]]

 [[28489    48]
  [   51    67]]

 [[28538    18]
  [   19    80]]

 [[28349    53]
  [   90   163]]

 [[28534     6]
  [   13   102]]

 [[28148    84]
  [   85   338]]

 [[28539    17]
  [   26    73]]

 [[28582    12]
  [   23    38]]

 [[28334    55]
  [   56   210]]

 [[28614     5]
  [    7    29]]

 [[28008   153]
  [   77   417]]

 [[28638     3]
  [    2    12]]

 [[27968    77]
  [   95   515]]

 [[28436    13]
  [   25   181]]

 [[28626     7]
  [    8    14]]

 [[27986   134]
  [   57   478]]

 [[28517    40]
  [   29    69]]

 [[28542    27]
  [   43    43]]

 [[28539     7]
  [   14    95]]

 [[27651   146]
  [   85   773]]

 [[28569    25]
  [   39    22]]

 [[28429    18]
  [   20   188]]

 [[28642     0]
  [   13     0]]

 [[28585     5]
  [   15    50]]

 [[28486    12]
  [   16   141]]

 [[28570     1]
  [    1    83]]

 [[28592     8]
  [   25    30]]

 [[28480    21]
  [   37   117]]

 [[28598     5]
  [    4    48]]

 [[28498    10]
  [   17   130]]

 [[28543    35]
  [   28    49]]

 [[28637     0]
  [    6    12]]

 [[28435    23]
  [   37   160]]

 [[28136    70]
  [   29   420]]

 [[28643     1]
  [    2     9]]

 [[28598    14]
  [   17    26]]

 [[28639     1]
  [    5    10]]

 [[28449     2]
  [   11   193]]

 [[28576     3]
  [    3    73]]

 [[28373    27]
  [   47   208]]

 [[28632     4]
  [   12     7]]

 [[28642     0]
  [    1    12]]

 [[28584     4]
  [   39    28]]

 [[27100    92]
  [   22  1441]]

 [[28488    20]
  [   21   126]]

 [[28536    20]
  [   12    87]]

 [[28156    44]
  [   41   414]]

 [[28568     5]
  [    6    76]]

 [[28221    24]
  [   24   386]]

 [[28222    27]
  [   28   378]]

 [[28643     0]
  [   10     2]]

 [[28496    10]
  [   14   135]]

 [[27906    47]
  [   29   673]]

 [[28451     8]
  [    7   189]]

 [[28614     9]
  [    8    24]]

 [[28582     4]
  [    7    62]]

 [[28556     6]
  [   14    79]]

 [[28623     0]
  [    3    29]]

 [[28598     8]
  [    3    46]]

 [[28478    23]
  [   11   143]]]

===scores report===
metrics	scores
Accuracy	0.8411
MCC	0.8377
log_loss	0.8073
f1 score weighted	0.8376
f1 score macro	0.7351
f1 score micro	0.8411
roc_auc ovr	0.9926
roc_auc ovo	0.9893
precision	0.8408
recall	0.8411

===Callbacks===

generate_callbacks
[<tensorflow.python.keras.callbacks.EarlyStopping object at 0x7fc1743a9d60>, <tensorflow.python.keras.callbacks.ReduceLROnPlateau object at 0x7fc1743a9f70>, <tensorflow.python.keras.callbacks.ModelCheckpoint object at 0x7fc1743a9be0>]
===SCORING TEST SET ===

model_complete_evaluate
{'self': <deep_ml.DeepML object at 0x7fc1743a9df0>, 'x_test': array([[ 0,  0,  0, ...,  8,  5,  0],
       [ 0,  0,  0, ..., 14,  0, 14],
       [ 0,  0,  0, ...,  5, 12, 19],
       ...,
       [ 0,  0,  0, ..., 18,  9, 12],
       [16, 18, 15, ...,  5, 13,  3],
       [ 0,  0,  0, ...,  2,  0,  9]], dtype=int8), 'y_test': array([ 56.,  56.,  56., ...,  51.,  96., 109.], dtype=float32), 'model': None}
report

              precision    recall  f1-score   support

         0.0       0.89      0.89      0.89       825
         1.0       1.00      0.07      0.13        14
         2.0       0.91      0.66      0.76        32
         3.0       0.00      0.00      0.00        12
         4.0       0.95      0.67      0.79        52
         5.0       0.84      0.76      0.79       176
         6.0       0.62      0.60      0.61       102
         7.0       0.51      0.36      0.42        97
         8.0       0.75      0.21      0.33        14
         9.0       0.61      0.51      0.56        69
        10.0       0.83      0.68      0.75       104
        11.0       0.60      0.33      0.43        18
        12.0       1.00      0.13      0.24        15
        13.0       0.93      0.62      0.74        42
        14.0       0.71      0.44      0.55        34
        15.0       0.88      0.81      0.85        64
        16.0       1.00      0.23      0.38        13
        17.0       0.64      0.47      0.55        19
        18.0       0.70      0.90      0.79        71
        19.0       1.00      0.26      0.41        31
        20.0       0.98      0.98      0.98        94
        21.0       0.62      0.87      0.73        46
        22.0       1.00      0.72      0.84        25
        23.0       0.91      0.93      0.92       346
        24.0       0.86      0.77      0.81        31
        25.0       0.67      0.10      0.17        20
        26.0       0.89      0.61      0.73       167
        27.0       0.84      0.58      0.69        36
        28.0       0.98      0.92      0.95        60
        29.0       0.96      0.81      0.88        62
        30.0       0.57      0.36      0.44        11
        31.0       0.00      0.00      0.00        12
        32.0       0.52      0.60      0.56        40
        33.0       0.94      0.81      0.87        74
        34.0       0.98      0.98      0.98        56
        35.0       1.00      0.81      0.90        16
        36.0       0.46      0.43      0.44        51
        37.0       0.86      0.95      0.90        19
        38.0       0.91      0.72      0.81        29
        39.0       0.94      0.90      0.92       101
        40.0       0.80      0.33      0.47        12
        41.0       1.00      0.77      0.87        13
        42.0       0.88      0.79      0.83        67
        43.0       1.00      0.87      0.93        76
        44.0       0.92      1.00      0.96        11
        45.0       1.00      0.78      0.88        37
        46.0       0.90      0.90      0.90      1613
        47.0       0.93      0.97      0.95       299
        48.0       0.95      0.95      0.95       243
        49.0       0.85      0.97      0.91       169
        50.0       0.74      0.84      0.79      1023
        51.0       0.72      0.72      0.72       352
        52.0       0.82      0.83      0.82        86
        53.0       0.87      0.77      0.81       606
        54.0       0.87      0.90      0.88       543
        55.0       0.98      0.81      0.89        79
        56.0       0.93      0.88      0.90       954
        57.0       0.95      0.84      0.89       247
        58.0       1.00      0.91      0.95        34
        59.0       0.76      0.90      0.82       877
        60.0       0.98      0.79      0.88        77
        61.0       0.85      0.81      0.83       566
        62.0       0.62      0.54      0.58        24
        63.0       0.88      0.67      0.76        55
        64.0       0.98      0.95      0.96       255
        65.0       0.50      0.31      0.38        13
        66.0       0.94      0.93      0.94       457
        67.0       0.94      0.78      0.85        37
        68.0       0.77      0.88      0.82      1189
        69.0       0.92      0.80      0.86       223
        70.0       0.75      0.47      0.58        19
        71.0       0.90      0.94      0.92       357
        72.0       0.84      0.66      0.74        32
        73.0       0.00      0.00      0.00        13
        74.0       0.98      0.95      0.96       128
        75.0       1.00      0.69      0.82        13
        76.0       0.71      0.81      0.76       460
        77.0       0.92      0.81      0.86       104
        78.0       0.79      0.58      0.67        53
        79.0       0.51      0.58      0.54        83
        80.0       0.83      0.49      0.62        79
        81.0       0.77      0.83      0.80        84
        82.0       0.72      0.90      0.80       334
        83.0       0.44      0.17      0.24        24
        84.0       0.72      0.81      0.76       518
        85.0       0.46      0.18      0.26        88
        86.0       0.80      0.31      0.44        13
        87.0       0.60      0.72      0.65       480
        88.0       0.50      0.69      0.58       127
        89.0       0.95      0.88      0.91        24
        90.0       0.70      0.77      0.73       153
        91.0       0.50      0.20      0.29        20
        92.0       0.62      0.56      0.59        27
        93.0       0.93      0.64      0.76        42
        94.0       1.00      0.06      0.11        34
        95.0       0.65      0.58      0.61        99
        96.0       0.70      0.85      0.77       416
        97.0       0.86      0.54      0.67       118
        98.0       0.78      0.79      0.78        99
        99.0       0.88      0.57      0.69       253
       100.0       0.83      0.97      0.90       115
       101.0       0.74      0.80      0.77       423
       102.0       0.78      0.72      0.75        98
       103.0       0.57      0.83      0.68        60
       104.0       0.60      0.83      0.69       265
       105.0       0.88      0.83      0.86        36
       106.0       0.97      0.77      0.86       495
       107.0       1.00      0.50      0.67        14
       108.0       0.84      0.86      0.85       610
       109.0       0.99      0.89      0.94       206
       110.0       0.82      0.64      0.72        22
       111.0       0.82      0.87      0.85       535
       112.0       0.37      0.68      0.48        98
       113.0       0.51      0.53      0.52        86
       114.0       0.98      0.85      0.91       110
       115.0       0.90      0.84      0.87       858
       116.0       0.56      0.38      0.45        61
       117.0       0.98      0.84      0.91       208
       118.0       0.33      0.08      0.12        13
       119.0       0.82      0.70      0.75        66
       120.0       0.98      0.85      0.91       157
       121.0       1.00      0.99      0.99        84
       122.0       0.85      0.62      0.72        55
       123.0       0.76      0.77      0.76       153
       124.0       0.96      0.92      0.94        52
       125.0       0.72      0.93      0.81       147
       126.0       0.78      0.51      0.62        76
       127.0       1.00      0.94      0.97        18
       128.0       0.85      0.82      0.84       197
       129.0       0.90      0.92      0.91       450
       130.0       0.86      0.50      0.63        12
       131.0       0.85      0.52      0.65        42
       132.0       1.00      0.87      0.93        15
       133.0       0.98      0.94      0.96       204
       134.0       0.96      0.95      0.95        76
       135.0       0.59      0.91      0.72       256
       136.0       0.67      0.32      0.43        19
       137.0       0.92      0.85      0.88        13
       138.0       0.63      0.54      0.58        67
       139.0       0.96      0.96      0.96      1464
       140.0       0.78      0.86      0.82       147
       141.0       0.96      0.89      0.92        98
       142.0       0.95      0.91      0.93       455
       143.0       0.99      0.85      0.92        82
       144.0       0.98      0.93      0.95       410
       145.0       0.93      0.92      0.92       406
       146.0       0.00      0.00      0.00        12
       147.0       0.93      0.87      0.90       149
       148.0       0.97      0.94      0.96       702
       149.0       0.96      0.95      0.96       196
       150.0       1.00      0.84      0.92        32
       151.0       0.71      0.87      0.78        69
       152.0       0.84      0.98      0.91        93
       153.0       0.84      0.82      0.83        33
       154.0       0.94      0.88      0.91        50
       155.0       0.92      0.77      0.84       154

    accuracy                           0.84     28655
   macro avg       0.80      0.70      0.73     28655
weighted avg       0.84      0.84      0.83     28655


===confusion_matrix===

[[731   0   0 ...   0   0   0]
 [  2   1   0 ...   0   0   0]
 [  0   0  21 ...   0   0   0]
 ...
 [  0   0   0 ...  27   1   2]
 [  0   0   0 ...   1  44   1]
 [  0   0   0 ...   3   0 119]]

===multilabel confusion matrix===

[[[27738    92]
  [   94   731]]

 [[28641     0]
  [   13     1]]

 [[28621     2]
  [   11    21]]

 [[28642     1]
  [   12     0]]

 [[28601     2]
  [   17    35]]

 [[28453    26]
  [   43   133]]

 [[28516    37]
  [   41    61]]

 [[28524    34]
  [   62    35]]

 [[28640     1]
  [   11     3]]

 [[28564    22]
  [   34    35]]

 [[28536    15]
  [   33    71]]

 [[28633     4]
  [   12     6]]

 [[28640     0]
  [   13     2]]

 [[28611     2]
  [   16    26]]

 [[28615     6]
  [   19    15]]

 [[28584     7]
  [   12    52]]

 [[28642     0]
  [   10     3]]

 [[28631     5]
  [   10     9]]

 [[28556    28]
  [    7    64]]

 [[28624     0]
  [   23     8]]

 [[28559     2]
  [    2    92]]

 [[28585    24]
  [    6    40]]

 [[28630     0]
  [    7    18]]

 [[28276    33]
  [   23   323]]

 [[28620     4]
  [    7    24]]

 [[28634     1]
  [   18     2]]

 [[28476    12]
  [   65   102]]

 [[28615     4]
  [   15    21]]

 [[28594     1]
  [    5    55]]

 [[28591     2]
  [   12    50]]

 [[28641     3]
  [    7     4]]

 [[28642     1]
  [   12     0]]

 [[28593    22]
  [   16    24]]

 [[28577     4]
  [   14    60]]

 [[28598     1]
  [    1    55]]

 [[28639     0]
  [    3    13]]

 [[28578    26]
  [   29    22]]

 [[28633     3]
  [    1    18]]

 [[28624     2]
  [    8    21]]

 [[28548     6]
  [   10    91]]

 [[28642     1]
  [    8     4]]

 [[28642     0]
  [    3    10]]

 [[28581     7]
  [   14    53]]

 [[28579     0]
  [   10    66]]

 [[28643     1]
  [    0    11]]

 [[28618     0]
  [    8    29]]

 [[26884   158]
  [  168  1445]]

 [[28333    23]
  [    9   290]]

 [[28399    13]
  [   13   230]]

 [[28457    29]
  [    5   164]]

 [[27334   298]
  [  163   860]]

 [[28202   101]
  [   97   255]]

 [[28553    16]
  [   15    71]]

 [[27978    71]
  [  141   465]]

 [[28040    72]
  [   55   488]]

 [[28575     1]
  [   15    64]]

 [[27636    65]
  [  116   838]]

 [[28397    11]
  [   39   208]]

 [[28621     0]
  [    3    31]]

 [[27525   253]
  [   86   791]]

 [[28577     1]
  [   16    61]]

 [[28011    78]
  [  109   457]]

 [[28623     8]
  [   11    13]]

 [[28595     5]
  [   18    37]]

 [[28395     5]
  [   14   241]]

 [[28638     4]
  [    9     4]]

 [[28169    29]
  [   30   427]]

 [[28616     2]
  [    8    29]]

 [[27156   310]
  [  140  1049]]

 [[28416    16]
  [   44   179]]

 [[28633     3]
  [   10     9]]

 [[28261    37]
  [   21   336]]

 [[28619     4]
  [   11    21]]

 [[28637     5]
  [   13     0]]

 [[28525     2]
  [    7   121]]

 [[28642     0]
  [    4     9]]

 [[28041   154]
  [   86   374]]

 [[28544     7]
  [   20    84]]

 [[28594     8]
  [   22    31]]

 [[28525    47]
  [   35    48]]

 [[28568     8]
  [   40    39]]

 [[28550    21]
  [   14    70]]

 [[28205   116]
  [   35   299]]

 [[28626     5]
  [   20     4]]

 [[27971   166]
  [   96   422]]

 [[28548    19]
  [   72    16]]

 [[28641     1]
  [    9     4]]

 [[27948   227]
  [  136   344]]

 [[28441    87]
  [   40    87]]

 [[28630     1]
  [    3    21]]

 [[28451    51]
  [   35   118]]

 [[28631     4]
  [   16     4]]

 [[28619     9]
  [   12    15]]

 [[28611     2]
  [   15    27]]

 [[28621     0]
  [   32     2]]

 [[28525    31]
  [   42    57]]

 [[28088   151]
  [   64   352]]

 [[28527    10]
  [   54    64]]

 [[28534    22]
  [   21    78]]

 [[28382    20]
  [  109   144]]

 [[28517    23]
  [    3   112]]

 [[28112   120]
  [   86   337]]

 [[28537    20]
  [   27    71]]

 [[28557    38]
  [   10    50]]

 [[28240   150]
  [   44   221]]

 [[28615     4]
  [    6    30]]

 [[28148    12]
  [  116   379]]

 [[28641     0]
  [    7     7]]

 [[27948    97]
  [   85   525]]

 [[28447     2]
  [   23   183]]

 [[28630     3]
  [    8    14]]

 [[28021    99]
  [   71   464]]

 [[28445   112]
  [   31    67]]

 [[28525    44]
  [   40    46]]

 [[28543     2]
  [   16    94]]

 [[27721    76]
  [  141   717]]

 [[28576    18]
  [   38    23]]

 [[28444     3]
  [   33   175]]

 [[28640     2]
  [   12     1]]

 [[28579    10]
  [   20    46]]

 [[28495     3]
  [   23   134]]

 [[28571     0]
  [    1    83]]

 [[28594     6]
  [   21    34]]

 [[28464    38]
  [   35   118]]

 [[28601     2]
  [    4    48]]

 [[28455    53]
  [   11   136]]

 [[28568    11]
  [   37    39]]

 [[28637     0]
  [    1    17]]

 [[28430    28]
  [   35   162]]

 [[28159    46]
  [   34   416]]

 [[28642     1]
  [    6     6]]

 [[28609     4]
  [   20    22]]

 [[28640     0]
  [    2    13]]

 [[28447     4]
  [   13   191]]

 [[28576     3]
  [    4    72]]

 [[28239   160]
  [   23   233]]

 [[28633     3]
  [   13     6]]

 [[28641     1]
  [    2    11]]

 [[28567    21]
  [   31    36]]

 [[27137    54]
  [   63  1401]]

 [[28472    36]
  [   20   127]]

 [[28553     4]
  [   11    87]]

 [[28177    23]
  [   43   412]]

 [[28572     1]
  [   12    70]]

 [[28236     9]
  [   28   382]]

 [[28221    28]
  [   33   373]]

 [[28643     0]
  [   12     0]]

 [[28496    10]
  [   20   129]]

 [[27933    20]
  [   39   663]]

 [[28452     7]
  [    9   187]]

 [[28623     0]
  [    5    27]]

 [[28562    24]
  [    9    60]]

 [[28545    17]
  [    2    91]]

 [[28617     5]
  [    6    27]]

 [[28602     3]
  [    6    44]]

 [[28491    10]
  [   35   119]]]

===scores report===
metrics	scores
Accuracy	0.8359
MCC	0.8326
log_loss	0.8010
f1 score weighted	0.8340
f1 score macro	0.7277
f1 score micro	0.8359
roc_auc ovr	0.9927
roc_auc ovo	0.9896
precision	0.8443
recall	0.8359

===Callbacks===

generate_callbacks
[<tensorflow.python.keras.callbacks.EarlyStopping object at 0x7fc1743a9d60>, <tensorflow.python.keras.callbacks.ReduceLROnPlateau object at 0x7fc1743a9f70>, <tensorflow.python.keras.callbacks.ModelCheckpoint object at 0x7fc1743a9be0>]
===SCORING TEST SET ===

model_complete_evaluate
{'self': <deep_ml.DeepML object at 0x7fc1743a9df0>, 'x_test': array([[ 0,  0,  0, ..., 19,  3, 15],
       [ 0,  0,  0, ..., 14,  0, 15],
       [ 0,  0,  0, ..., 18,  4,  9],
       ...,
       [19, 19, 19, ...,  0,  6,  0],
       [16, 11, 14, ...,  2,  8, 10],
       [ 7, 14, 14, ...,  8, 16, 10]], dtype=int8), 'y_test': array([ 56.,  56.,  56., ...,  96.,  46., 108.], dtype=float32), 'model': None}
report

              precision    recall  f1-score   support

         0.0       0.91      0.87      0.89       824
         1.0       0.75      0.21      0.33        14
         2.0       0.85      0.53      0.65        32
         3.0       0.00      0.00      0.00        12
         4.0       1.00      0.63      0.78        52
         5.0       0.91      0.67      0.77       175
         6.0       0.42      0.44      0.43       101
         7.0       0.49      0.35      0.41        98
         8.0       0.50      0.21      0.30        14
         9.0       0.71      0.29      0.41        70
        10.0       0.88      0.71      0.79       104
        11.0       1.00      0.22      0.36        18
        12.0       0.50      0.07      0.12        15
        13.0       0.82      0.43      0.56        42
        14.0       0.76      0.38      0.51        34
        15.0       0.95      0.88      0.91        65
        16.0       0.00      0.00      0.00        13
        17.0       0.75      0.16      0.26        19
        18.0       0.83      0.79      0.81        72
        19.0       1.00      0.13      0.24        30
        20.0       0.92      0.98      0.95        94
        21.0       0.73      0.89      0.80        46
        22.0       0.54      0.76      0.63        25
        23.0       0.94      0.92      0.93       345
        24.0       0.75      0.70      0.72        30
        25.0       0.60      0.15      0.24        20
        26.0       0.74      0.73      0.73       168
        27.0       0.95      0.60      0.74        35
        28.0       0.92      0.80      0.86        61
        29.0       0.85      0.70      0.77        63
        30.0       1.00      0.18      0.31        11
        31.0       0.00      0.00      0.00        12
        32.0       0.56      0.35      0.43        40
        33.0       0.93      0.76      0.84        74
        34.0       0.98      0.93      0.95        57
        35.0       1.00      0.75      0.86        16
        36.0       0.33      0.32      0.33        50
        37.0       0.69      0.90      0.78        20
        38.0       1.00      0.55      0.71        29
        39.0       0.77      0.88      0.82       101
        40.0       0.67      0.33      0.44        12
        41.0       1.00      0.79      0.88        14
        42.0       0.98      0.64      0.77        67
        43.0       1.00      0.79      0.88        76
        44.0       1.00      0.91      0.95        11
        45.0       1.00      0.92      0.96        37
        46.0       0.96      0.85      0.90      1613
        47.0       0.97      0.97      0.97       299
        48.0       0.96      0.98      0.97       243
        49.0       0.88      0.98      0.93       168
        50.0       0.91      0.76      0.83      1024
        51.0       0.59      0.75      0.66       353
        52.0       0.92      0.81      0.86        85
        53.0       0.88      0.73      0.80       606
        54.0       0.98      0.86      0.92       543
        55.0       0.98      0.81      0.89        79
        56.0       0.96      0.84      0.90       954
        57.0       0.76      0.91      0.83       247
        58.0       0.80      0.97      0.88        34
        59.0       0.79      0.88      0.83       876
        60.0       0.97      0.87      0.92        76
        61.0       0.84      0.81      0.82       566
        62.0       0.92      0.46      0.61        24
        63.0       0.94      0.62      0.75        55
        64.0       0.92      0.96      0.94       255
        65.0       0.62      0.77      0.69        13
        66.0       0.98      0.95      0.96       457
        67.0       1.00      0.65      0.79        37
        68.0       0.92      0.82      0.87      1189
        69.0       0.95      0.79      0.86       223
        70.0       0.53      0.53      0.53        19
        71.0       0.77      0.94      0.84       357
        72.0       0.45      0.58      0.51        31
        73.0       0.00      0.00      0.00        13
        74.0       0.98      0.97      0.97       128
        75.0       1.00      0.77      0.87        13
        76.0       0.71      0.78      0.74       461
        77.0       0.84      0.83      0.83       104
        78.0       0.78      0.13      0.23        53
        79.0       0.40      0.49      0.44        83
        80.0       0.52      0.66      0.58        79
        81.0       0.84      0.83      0.84        84
        82.0       0.71      0.86      0.78       334
        83.0       0.25      0.54      0.34        24
        84.0       0.39      0.88      0.54       518
        85.0       0.18      0.08      0.11        88
        86.0       0.60      0.25      0.35        12
        87.0       0.60      0.73      0.66       481
        88.0       0.71      0.63      0.67       126
        89.0       1.00      0.96      0.98        24
        90.0       0.85      0.62      0.71       152
        91.0       0.16      0.20      0.18        20
        92.0       0.39      0.33      0.36        27
        93.0       0.96      0.60      0.74        42
        94.0       0.60      0.45      0.52        33
        95.0       0.64      0.49      0.55       100
        96.0       0.69      0.83      0.76       415
        97.0       0.79      0.49      0.61       118
        98.0       0.84      0.76      0.80       100
        99.0       0.90      0.44      0.59       253
       100.0       0.87      0.96      0.91       116
       101.0       0.64      0.83      0.72       423
       102.0       0.58      0.72      0.64        99
       103.0       0.32      0.80      0.46        60
       104.0       0.60      0.83      0.70       265
       105.0       0.60      0.83      0.70        36
       106.0       0.70      0.89      0.79       495
       107.0       1.00      0.67      0.80        15
       108.0       0.92      0.82      0.87       611
       109.0       0.99      0.89      0.94       207
       110.0       1.00      0.32      0.48        22
       111.0       0.93      0.84      0.88       535
       112.0       0.65      0.59      0.62        98
       113.0       0.73      0.49      0.59        87
       114.0       0.95      0.87      0.91       110
       115.0       0.89      0.87      0.88       858
       116.0       0.75      0.25      0.38        60
       117.0       0.98      0.89      0.93       209
       118.0       0.00      0.00      0.00        12
       119.0       0.94      0.76      0.84        66
       120.0       1.00      0.78      0.87       157
       121.0       0.99      0.98      0.98        84
       122.0       0.71      0.64      0.67        55
       123.0       0.82      0.73      0.77       153
       124.0       0.90      0.84      0.87        51
       125.0       0.98      0.88      0.93       146
       126.0       0.83      0.52      0.64        77
       127.0       0.71      0.67      0.69        18
       128.0       0.60      0.90      0.72       197
       129.0       0.98      0.92      0.95       450
       130.0       1.00      0.55      0.71        11
       131.0       0.97      0.67      0.79        42
       132.0       0.80      0.53      0.64        15
       133.0       0.86      0.98      0.92       204
       134.0       0.92      0.95      0.94        76
       135.0       0.68      0.86      0.76       256
       136.0       0.75      0.15      0.25        20
       137.0       0.93      1.00      0.96        13
       138.0       0.41      0.58      0.48        67
       139.0       0.91      0.98      0.94      1464
       140.0       0.93      0.84      0.88       147
       141.0       0.82      0.90      0.86        98
       142.0       0.93      0.91      0.92       455
       143.0       0.90      0.95      0.92        82
       144.0       0.98      0.95      0.96       410
       145.0       0.78      0.94      0.85       406
       146.0       0.60      0.25      0.35        12
       147.0       0.97      0.90      0.93       148
       148.0       0.91      0.96      0.94       702
       149.0       0.98      0.96      0.97       196
       150.0       0.86      0.78      0.82        32
       151.0       0.88      0.86      0.87        69
       152.0       0.94      0.86      0.90        93
       153.0       0.88      0.91      0.90        33
       154.0       0.87      0.80      0.83        50
       155.0       0.84      0.93      0.88       153

    accuracy                           0.82     28655
   macro avg       0.78      0.68      0.70     28655
weighted avg       0.84      0.82      0.82     28655


===confusion_matrix===

[[718   0   0 ...   0   0   0]
 [  1   3   0 ...   0   0   0]
 [  1   0  17 ...   0   0   0]
 ...
 [  0   0   0 ...  30   1   1]
 [  0   0   0 ...   0  40   6]
 [  0   0   0 ...   1   3 142]]

===multilabel confusion matrix===

[[[27760    71]
  [  106   718]]

 [[28640     1]
  [   11     3]]

 [[28620     3]
  [   15    17]]

 [[28643     0]
  [   12     0]]

 [[28603     0]
  [   19    33]]

 [[28469    11]
  [   58   117]]

 [[28493    61]
  [   57    44]]

 [[28522    35]
  [   64    34]]

 [[28638     3]
  [   11     3]]

 [[28577     8]
  [   50    20]]

 [[28541    10]
  [   30    74]]

 [[28637     0]
  [   14     4]]

 [[28639     1]
  [   14     1]]

 [[28609     4]
  [   24    18]]

 [[28617     4]
  [   21    13]]

 [[28587     3]
  [    8    57]]

 [[28638     4]
  [   13     0]]

 [[28635     1]
  [   16     3]]

 [[28571    12]
  [   15    57]]

 [[28625     0]
  [   26     4]]

 [[28553     8]
  [    2    92]]

 [[28594    15]
  [    5    41]]

 [[28614    16]
  [    6    19]]

 [[28289    21]
  [   27   318]]

 [[28618     7]
  [    9    21]]

 [[28633     2]
  [   17     3]]

 [[28443    44]
  [   45   123]]

 [[28619     1]
  [   14    21]]

 [[28590     4]
  [   12    49]]

 [[28584     8]
  [   19    44]]

 [[28644     0]
  [    9     2]]

 [[28642     1]
  [   12     0]]

 [[28604    11]
  [   26    14]]

 [[28577     4]
  [   18    56]]

 [[28597     1]
  [    4    53]]

 [[28639     0]
  [    4    12]]

 [[28573    32]
  [   34    16]]

 [[28627     8]
  [    2    18]]

 [[28626     0]
  [   13    16]]

 [[28528    26]
  [   12    89]]

 [[28641     2]
  [    8     4]]

 [[28641     0]
  [    3    11]]

 [[28587     1]
  [   24    43]]

 [[28579     0]
  [   16    60]]

 [[28644     0]
  [    1    10]]

 [[28618     0]
  [    3    34]]

 [[26983    59]
  [  242  1371]]

 [[28346    10]
  [   10   289]]

 [[28403     9]
  [    6   237]]

 [[28464    23]
  [    3   165]]

 [[27554    77]
  [  241   783]]

 [[28121   181]
  [   88   265]]

 [[28564     6]
  [   16    69]]

 [[27988    61]
  [  162   444]]

 [[28102    10]
  [   75   468]]

 [[28575     1]
  [   15    64]]

 [[27669    32]
  [  155   799]]

 [[28338    70]
  [   21   226]]

 [[28613     8]
  [    1    33]]

 [[27572   207]
  [  107   769]]

 [[28577     2]
  [   10    66]]

 [[27999    90]
  [  109   457]]

 [[28630     1]
  [   13    11]]

 [[28598     2]
  [   21    34]]

 [[28378    22]
  [   11   244]]

 [[28636     6]
  [    3    10]]

 [[28187    11]
  [   23   434]]

 [[28618     0]
  [   13    24]]

 [[27386    80]
  [  214   975]]

 [[28423     9]
  [   47   176]]

 [[28627     9]
  [    9    10]]

 [[28197   101]
  [   22   335]]

 [[28602    22]
  [   13    18]]

 [[28642     0]
  [   13     0]]

 [[28524     3]
  [    4   124]]

 [[28642     0]
  [    3    10]]

 [[28045   149]
  [  103   358]]

 [[28535    16]
  [   18    86]]

 [[28600     2]
  [   46     7]]

 [[28510    62]
  [   42    41]]

 [[28528    48]
  [   27    52]]

 [[28558    13]
  [   14    70]]

 [[28206   115]
  [   48   286]]

 [[28592    39]
  [   11    13]]

 [[27433   704]
  [   63   455]]

 [[28535    32]
  [   81     7]]

 [[28641     2]
  [    9     3]]

 [[27946   228]
  [  132   349]]

 [[28497    32]
  [   47    79]]

 [[28631     0]
  [    1    23]]

 [[28486    17]
  [   58    94]]

 [[28614    21]
  [   16     4]]

 [[28614    14]
  [   18     9]]

 [[28612     1]
  [   17    25]]

 [[28612    10]
  [   18    15]]

 [[28527    28]
  [   51    49]]

 [[28088   152]
  [   71   344]]

 [[28522    15]
  [   60    58]]

 [[28540    15]
  [   24    76]]

 [[28389    13]
  [  141   112]]

 [[28523    16]
  [    5   111]]

 [[28039   193]
  [   73   350]]

 [[28504    52]
  [   28    71]]

 [[28495   100]
  [   12    48]]

 [[28242   148]
  [   44   221]]

 [[28599    20]
  [    6    30]]

 [[27973   187]
  [   54   441]]

 [[28640     0]
  [    5    10]]

 [[27998    46]
  [  110   501]]

 [[28447     1]
  [   23   184]]

 [[28633     0]
  [   15     7]]

 [[28088    32]
  [   85   450]]

 [[28526    31]
  [   40    58]]

 [[28552    16]
  [   44    43]]

 [[28540     5]
  [   14    96]]

 [[27707    90]
  [  115   743]]

 [[28590     5]
  [   45    15]]

 [[28442     4]
  [   24   185]]

 [[28640     3]
  [   12     0]]

 [[28586     3]
  [   16    50]]

 [[28498     0]
  [   35   122]]

 [[28570     1]
  [    2    82]]

 [[28586    14]
  [   20    35]]

 [[28477    25]
  [   42   111]]

 [[28599     5]
  [    8    43]]

 [[28506     3]
  [   17   129]]

 [[28570     8]
  [   37    40]]

 [[28632     5]
  [    6    12]]

 [[28337   121]
  [   19   178]]

 [[28195    10]
  [   36   414]]

 [[28644     0]
  [    5     6]]

 [[28612     1]
  [   14    28]]

 [[28638     2]
  [    7     8]]

 [[28419    32]
  [    4   200]]

 [[28573     6]
  [    4    72]]

 [[28294   105]
  [   36   220]]

 [[28634     1]
  [   17     3]]

 [[28641     1]
  [    0    13]]

 [[28533    55]
  [   28    39]]

 [[27047   144]
  [   27  1437]]

 [[28499     9]
  [   24   123]]

 [[28538    19]
  [   10    88]]

 [[28167    33]
  [   43   412]]

 [[28564     9]
  [    4    78]]

 [[28238     7]
  [   22   388]]

 [[28142   107]
  [   24   382]]

 [[28641     2]
  [    9     3]]

 [[28503     4]
  [   15   133]]

 [[27889    64]
  [   26   676]]

 [[28455     4]
  [    7   189]]

 [[28619     4]
  [    7    25]]

 [[28578     8]
  [   10    59]]

 [[28557     5]
  [   13    80]]

 [[28618     4]
  [    3    30]]

 [[28599     6]
  [   10    40]]

 [[28475    27]
  [   11   142]]]

===scores report===
metrics	scores
Accuracy	0.8225
MCC	0.8192
log_loss	0.8712
f1 score weighted	0.8232
f1 score macro	0.6994
f1 score micro	0.8225
roc_auc ovr	0.9924
roc_auc ovo	0.9886
precision	0.8438
recall	0.8225

===Callbacks===

generate_callbacks
[<tensorflow.python.keras.callbacks.EarlyStopping object at 0x7fc1743a9d60>, <tensorflow.python.keras.callbacks.ReduceLROnPlateau object at 0x7fc1743a9f70>, <tensorflow.python.keras.callbacks.ModelCheckpoint object at 0x7fc1743a9be0>]
===SCORING TEST SET ===

model_complete_evaluate
{'self': <deep_ml.DeepML object at 0x7fc1743a9df0>, 'x_test': array([[ 0,  0,  0, ..., 10, 11, 15],
       [ 0,  0,  0, ..., 11, 16,  1],
       [ 0,  0,  0, ...,  2, 15, 15],
       ...,
       [ 9,  5,  5, ...,  7, 15, 10],
       [ 0,  0,  0, ..., 10, 12,  1],
       [ 8,  4,  0, ...,  7, 10, 14]], dtype=int8), 'y_test': array([ 56.,  56., 115., ...,  96., 109.,  88.], dtype=float32), 'model': None}
report

              precision    recall  f1-score   support

         0.0       0.92      0.89      0.90       824
         1.0       0.00      0.00      0.00        14
         2.0       0.69      0.78      0.74        32
         3.0       0.00      0.00      0.00        11
         4.0       0.92      0.71      0.80        51
         5.0       0.89      0.68      0.77       176
         6.0       0.52      0.54      0.53       102
         7.0       0.33      0.54      0.41        97
         8.0       1.00      0.36      0.53        14
         9.0       0.43      0.44      0.44        70
        10.0       0.68      0.85      0.76       103
        11.0       0.31      0.28      0.29        18
        12.0       0.00      0.00      0.00        15
        13.0       0.68      0.84      0.75        43
        14.0       0.56      0.53      0.55        34
        15.0       0.87      0.72      0.79        65
        16.0       1.00      0.08      0.14        13
        17.0       0.60      0.47      0.53        19
        18.0       0.95      0.86      0.91        72
        19.0       0.32      0.40      0.35        30
        20.0       1.00      0.98      0.99        94
        21.0       0.83      0.52      0.64        46
        22.0       1.00      0.32      0.48        25
        23.0       0.89      0.94      0.91       345
        24.0       0.92      0.80      0.86        30
        25.0       0.00      0.00      0.00        20
        26.0       0.72      0.68      0.70       168
        27.0       0.86      0.69      0.76        35
        28.0       0.96      0.84      0.89        61
        29.0       0.87      0.71      0.78        63
        30.0       0.20      0.09      0.13        11
        31.0       0.00      0.00      0.00        12
        32.0       0.79      0.38      0.51        40
        33.0       0.86      0.59      0.70        74
        34.0       0.97      1.00      0.98        57
        35.0       1.00      0.67      0.80        15
        36.0       0.79      0.30      0.43        50
        37.0       0.62      0.95      0.75        19
        38.0       0.70      0.48      0.57        29
        39.0       0.91      0.88      0.89       101
        40.0       0.88      0.54      0.67        13
        41.0       1.00      0.93      0.96        14
        42.0       0.64      0.88      0.74        66
        43.0       0.90      0.83      0.86        76
        44.0       0.82      0.82      0.82        11
        45.0       1.00      0.81      0.90        37
        46.0       0.78      0.93      0.85      1612
        47.0       0.98      0.96      0.97       299
        48.0       0.96      0.94      0.95       243
        49.0       0.99      0.89      0.93       168
        50.0       0.80      0.83      0.81      1024
        51.0       0.83      0.75      0.79       353
        52.0       0.90      0.87      0.89        85
        53.0       0.83      0.75      0.79       606
        54.0       0.92      0.89      0.91       543
        55.0       0.94      0.79      0.86        78
        56.0       0.75      0.91      0.82       954
        57.0       0.92      0.84      0.88       247
        58.0       0.97      0.97      0.97        34
        59.0       0.85      0.84      0.85       877
        60.0       0.97      0.83      0.89        76
        61.0       0.69      0.91      0.78       566
        62.0       1.00      0.33      0.50        24
        63.0       0.79      0.76      0.78        55
        64.0       0.99      0.95      0.97       255
        65.0       0.70      0.50      0.58        14
        66.0       0.98      0.93      0.96       457
        67.0       0.76      0.51      0.61        37
        68.0       0.72      0.89      0.80      1189
        69.0       0.84      0.86      0.85       224
        70.0       1.00      0.42      0.59        19
        71.0       0.96      0.91      0.94       357
        72.0       0.75      0.56      0.64        32
        73.0       0.50      0.08      0.14        12
        74.0       0.98      0.94      0.96       127
        75.0       1.00      0.75      0.86        12
        76.0       0.87      0.69      0.77       460
        77.0       0.84      0.83      0.83       103
        78.0       0.24      0.50      0.33        52
        79.0       0.89      0.59      0.71        83
        80.0       0.64      0.42      0.51        80
        81.0       0.98      0.76      0.86        84
        82.0       0.94      0.86      0.90       334
        83.0       0.75      0.13      0.22        23
        84.0       0.78      0.71      0.74       519
        85.0       0.20      0.12      0.15        88
        86.0       0.67      0.33      0.44        12
        87.0       0.74      0.54      0.62       480
        88.0       0.89      0.64      0.75       126
        89.0       0.96      0.96      0.96        25
        90.0       0.73      0.73      0.73       152
        91.0       0.50      0.25      0.33        20
        92.0       0.75      0.54      0.63        28
        93.0       0.67      0.79      0.73        42
        94.0       0.55      0.35      0.43        34
        95.0       0.46      0.52      0.49       100
        96.0       0.94      0.75      0.83       415
        97.0       0.66      0.51      0.57       118
        98.0       0.89      0.72      0.79        99
        99.0       0.88      0.62      0.73       253
       100.0       0.95      0.91      0.93       116
       101.0       0.90      0.77      0.83       423
       102.0       0.95      0.63      0.76        99
       103.0       0.82      0.77      0.79        60
       104.0       0.76      0.85      0.80       265
       105.0       0.93      0.70      0.80        37
       106.0       0.76      0.87      0.81       495
       107.0       1.00      0.87      0.93        15
       108.0       0.83      0.88      0.85       611
       109.0       0.87      0.94      0.91       206
       110.0       0.94      0.77      0.85        22
       111.0       0.88      0.84      0.86       534
       112.0       0.84      0.65      0.74        98
       113.0       0.55      0.54      0.54        87
       114.0       0.75      0.88      0.81       110
       115.0       0.86      0.86      0.86       858
       116.0       0.68      0.44      0.53        61
       117.0       0.93      0.92      0.93       209
       118.0       1.00      0.08      0.14        13
       119.0       0.61      0.89      0.72        65
       120.0       0.97      0.97      0.97       156
       121.0       0.99      0.96      0.98        85
       122.0       0.65      0.64      0.65        56
       123.0       0.89      0.67      0.76       154
       124.0       0.93      0.83      0.88        52
       125.0       0.99      0.88      0.93       146
       126.0       0.84      0.66      0.74        77
       127.0       1.00      0.72      0.84        18
       128.0       0.77      0.87      0.82       198
       129.0       0.92      0.94      0.93       450
       130.0       0.75      0.55      0.63        11
       131.0       0.77      0.53      0.63        43
       132.0       1.00      0.87      0.93        15
       133.0       0.96      0.96      0.96       205
       134.0       1.00      0.92      0.96        77
       135.0       0.73      0.78      0.76       255
       136.0       0.55      0.55      0.55        20
       137.0       0.90      0.75      0.82        12
       138.0       0.69      0.49      0.57        67
       139.0       0.82      0.99      0.90      1464
       140.0       0.95      0.84      0.89       147
       141.0       0.95      0.83      0.89        98
       142.0       0.89      0.87      0.88       455
       143.0       1.00      0.89      0.94        82
       144.0       0.96      0.94      0.95       411
       145.0       0.98      0.91      0.94       405
       146.0       0.00      0.00      0.00        11
       147.0       0.83      0.91      0.86       148
       148.0       0.95      0.95      0.95       702
       149.0       0.99      0.97      0.98       196
       150.0       0.92      0.72      0.81        32
       151.0       0.93      0.78      0.85        69
       152.0       0.90      0.90      0.90        93
       153.0       1.00      0.88      0.94        33
       154.0       0.95      0.72      0.82        50
       155.0       0.79      0.97      0.87       154

    accuracy                           0.83     28655
   macro avg       0.79      0.69      0.72     28655
weighted avg       0.84      0.83      0.83     28655


===confusion_matrix===

[[732   0   0 ...   0   0   0]
 [  0   0   0 ...   0   0   0]
 [  0   0  25 ...   0   0   0]
 ...
 [  0   0   0 ...  29   1   0]
 [  0   0   0 ...   0  36  12]
 [  0   0   0 ...   0   0 149]]

===multilabel confusion matrix===

[[[27763    68]
  [   92   732]]

 [[28639     2]
  [   14     0]]

 [[28612    11]
  [    7    25]]

 [[28643     1]
  [   11     0]]

 [[28601     3]
  [   15    36]]

 [[28464    15]
  [   57   119]]

 [[28503    50]
  [   47    55]]

 [[28451   107]
  [   45    52]]

 [[28641     0]
  [    9     5]]

 [[28544    41]
  [   39    31]]

 [[28511    41]
  [   15    88]]

 [[28626    11]
  [   13     5]]

 [[28639     1]
  [   15     0]]

 [[28595    17]
  [    7    36]]

 [[28607    14]
  [   16    18]]

 [[28583     7]
  [   18    47]]

 [[28642     0]
  [   12     1]]

 [[28630     6]
  [   10     9]]

 [[28580     3]
  [   10    62]]

 [[28599    26]
  [   18    12]]

 [[28561     0]
  [    2    92]]

 [[28604     5]
  [   22    24]]

 [[28630     0]
  [   17     8]]

 [[28268    42]
  [   19   326]]

 [[28623     2]
  [    6    24]]

 [[28635     0]
  [   20     0]]

 [[28442    45]
  [   54   114]]

 [[28616     4]
  [   11    24]]

 [[28592     2]
  [   10    51]]

 [[28585     7]
  [   18    45]]

 [[28640     4]
  [   10     1]]

 [[28641     2]
  [   12     0]]

 [[28611     4]
  [   25    15]]

 [[28574     7]
  [   30    44]]

 [[28596     2]
  [    0    57]]

 [[28640     0]
  [    5    10]]

 [[28601     4]
  [   35    15]]

 [[28625    11]
  [    1    18]]

 [[28620     6]
  [   15    14]]

 [[28545     9]
  [   12    89]]

 [[28641     1]
  [    6     7]]

 [[28641     0]
  [    1    13]]

 [[28557    32]
  [    8    58]]

 [[28572     7]
  [   13    63]]

 [[28642     2]
  [    2     9]]

 [[28618     0]
  [    7    30]]

 [[26618   425]
  [  109  1503]]

 [[28350     6]
  [   11   288]]

 [[28403     9]
  [   15   228]]

 [[28485     2]
  [   19   149]]

 [[27421   210]
  [  179   845]]

 [[28250    52]
  [   90   263]]

 [[28562     8]
  [   11    74]]

 [[27959    90]
  [  153   453]]

 [[28072    40]
  [   58   485]]

 [[28573     4]
  [   16    62]]

 [[27414   287]
  [   87   867]]

 [[28389    19]
  [   39   208]]

 [[28620     1]
  [    1    33]]

 [[27649   129]
  [  140   737]]

 [[28577     2]
  [   13    63]]

 [[27854   235]
  [   52   514]]

 [[28631     0]
  [   16     8]]

 [[28589    11]
  [   13    42]]

 [[28397     3]
  [   14   241]]

 [[28638     3]
  [    7     7]]

 [[28191     7]
  [   32   425]]

 [[28612     6]
  [   18    19]]

 [[27058   408]
  [  127  1062]]

 [[28394    37]
  [   32   192]]

 [[28636     0]
  [   11     8]]

 [[28284    14]
  [   31   326]]

 [[28617     6]
  [   14    18]]

 [[28642     1]
  [   11     1]]

 [[28525     3]
  [    8   119]]

 [[28643     0]
  [    3     9]]

 [[28149    46]
  [  141   319]]

 [[28536    16]
  [   18    85]]

 [[28521    82]
  [   26    26]]

 [[28566     6]
  [   34    49]]

 [[28556    19]
  [   46    34]]

 [[28570     1]
  [   20    64]]

 [[28304    17]
  [   46   288]]

 [[28631     1]
  [   20     3]]

 [[28035   101]
  [  152   367]]

 [[28523    44]
  [   77    11]]

 [[28641     2]
  [    8     4]]

 [[28083    92]
  [  221   259]]

 [[28519    10]
  [   45    81]]

 [[28629     1]
  [    1    24]]

 [[28461    42]
  [   41   111]]

 [[28630     5]
  [   15     5]]

 [[28622     5]
  [   13    15]]

 [[28597    16]
  [    9    33]]

 [[28611    10]
  [   22    12]]

 [[28494    61]
  [   48    52]]

 [[28219    21]
  [  104   311]]

 [[28506    31]
  [   58    60]]

 [[28547     9]
  [   28    71]]

 [[28381    21]
  [   95   158]]

 [[28534     5]
  [   10   106]]

 [[28195    37]
  [   97   326]]

 [[28553     3]
  [   37    62]]

 [[28585    10]
  [   14    46]]

 [[28318    72]
  [   39   226]]

 [[28616     2]
  [   11    26]]

 [[28025   135]
  [   66   429]]

 [[28640     0]
  [    2    13]]

 [[27931   113]
  [   73   538]]

 [[28421    28]
  [   12   194]]

 [[28632     1]
  [    5    17]]

 [[28058    63]
  [   84   450]]

 [[28545    12]
  [   34    64]]

 [[28529    39]
  [   40    47]]

 [[28513    32]
  [   13    97]]

 [[27678   119]
  [  117   741]]

 [[28581    13]
  [   34    27]]

 [[28432    14]
  [   17   192]]

 [[28642     0]
  [   12     1]]

 [[28553    37]
  [    7    58]]

 [[28494     5]
  [    4   152]]

 [[28569     1]
  [    3    82]]

 [[28580    19]
  [   20    36]]

 [[28488    13]
  [   51   103]]

 [[28600     3]
  [    9    43]]

 [[28508     1]
  [   18   128]]

 [[28568    10]
  [   26    51]]

 [[28637     0]
  [    5    13]]

 [[28407    50]
  [   26   172]]

 [[28169    36]
  [   27   423]]

 [[28642     2]
  [    5     6]]

 [[28605     7]
  [   20    23]]

 [[28640     0]
  [    2    13]]

 [[28441     9]
  [    8   197]]

 [[28578     0]
  [    6    71]]

 [[28327    73]
  [   56   199]]

 [[28626     9]
  [    9    11]]

 [[28642     1]
  [    3     9]]

 [[28573    15]
  [   34    33]]

 [[26878   313]
  [   11  1453]]

 [[28501     7]
  [   24   123]]

 [[28553     4]
  [   17    81]]

 [[28150    50]
  [   59   396]]

 [[28573     0]
  [    9    73]]

 [[28227    17]
  [   23   388]]

 [[28241     9]
  [   37   368]]

 [[28643     1]
  [   11     0]]

 [[28479    28]
  [   14   134]]

 [[27921    32]
  [   37   665]]

 [[28457     2]
  [    5   191]]

 [[28621     2]
  [    9    23]]

 [[28582     4]
  [   15    54]]

 [[28553     9]
  [    9    84]]

 [[28622     0]
  [    4    29]]

 [[28603     2]
  [   14    36]]

 [[28461    40]
  [    5   149]]]

===scores report===
metrics	scores
Accuracy	0.8322
MCC	0.8287
log_loss	0.8291
f1 score weighted	0.8288
f1 score macro	0.7190
f1 score micro	0.8322
roc_auc ovr	0.9925
roc_auc ovo	0.9895
precision	0.8380
recall	0.8322

===TRAIN MODELS with CV===

train_model_cv	Accuracy	MCC	log_loss	f1 score weighted	f1 score macro	f1 score micro	roc_auc ovr	roc_auc ovo	precision	recall
0	0.8546901172529313	0.8516641609556268	0.7020638162202939	0.8516501276340662	0.7443482031172767	0.8546901172529314	0.9941561761211696	0.9914487261664654	0.8543199611141801	0.8546901172529313
1	0.8410748560460652	0.8377340654466309	0.807310840459732	0.8375539366315614	0.7351266890979409	0.8410748560460652	0.992646879264961	0.9892732175842778	0.8408397296680283	0.8410748560460652
2	0.8359448612807538	0.8325923319389696	0.8009628469484136	0.8340498562530619	0.7277231433987021	0.8359448612807538	0.9927484885886256	0.9895838287903795	0.8443167078336665	0.8359448612807538
3	0.8224742627813645	0.8192055060884086	0.8712170565621039	0.8232195722728879	0.6994135207054439	0.8224742627813645	0.9923964550054466	0.9886476829024948	0.8437547514088809	0.8224742627813645
4	0.8322107834583842	0.8287160940218291	0.8291402249151795	0.8288426977619162	0.7190106232807526	0.8322107834583842	0.9925470494273464	0.9895419834897489	0.8379906466661423	0.8322107834583842
mean	0.8372789761638998	0.8339824316902931	0.8021389570211446	0.8350632381106988	0.7251244359200233	0.8372789761638998	0.9928990096815099	0.9896990877866733	0.8442443593381797	0.8372789761638998
std	0.010622641067669409	0.01072140406527796	0.05575664574486476	0.00960544604565735	0.015328283926183604	0.010622641067669445	0.0006392387701481698	0.0009365915348905348	0.005522012798845169	0.010622641067669409

Accuracy
MCC
log_loss
f1 score weighted
f1 score macro
f1 score micro
roc_auc ovr
roc_auc ovo
precision
recallFinished train_model_cv in 69523.3064 secs

