/home/amsequeira/enzymeClassification/models/embedding/bi_attetion_emb5_50_4_new
self
x_train
y_train
x_test
y_test
number_classes
problem_type
x_dval
y_dval
model
epochs
batch_size
callbacks
reduce_lr
early_stopping
checkpoint
tensorboard
early_stopping_patience
reduce_lr_patience
reduce_lr_factor
reduce_lr_min
path
report_name
verbose
validation_split
shuffle
class_weights
===Callbacks===

generate_callbacks
[<tensorflow.python.keras.callbacks.EarlyStopping object at 0x7f97c06f0a90>, <tensorflow.python.keras.callbacks.ReduceLROnPlateau object at 0x7f97c06f08b0>, <tensorflow.python.keras.callbacks.ModelCheckpoint object at 0x7f97c06f0b80>]
===SCORING TEST SET ===

model_complete_evaluate
{'self': <deep_ml.DeepML object at 0x7f97c06f0820>, 'x_test': array([[13, 17, 12, ...,  0,  0,  0],
       [13,  1,  1, ...,  0,  0,  0],
       [16, 16, 16, ..., 15, 16, 11],
       ...,
       [17, 17,  4, ..., 11,  2, 15],
       [ 7,  8,  4, ..., 17,  1, 15],
       [13,  6, 12, ...,  0,  0,  0]], dtype=int8), 'y_test': array([ 84.,  84., 213., ...,  62.,  62.,  62.], dtype=float32), 'model': None}
report

              precision    recall  f1-score   support

         0.0       0.89      0.80      0.84        10
         1.0       0.96      1.00      0.98        25
         2.0       1.00      0.88      0.93        16
         3.0       0.82      0.75      0.78        12
         4.0       0.88      0.47      0.61        15
         5.0       0.90      0.90      0.90        10
         6.0       1.00      1.00      1.00        21
         7.0       0.58      0.83      0.68        23
         8.0       0.42      0.59      0.49        22
         9.0       0.76      0.80      0.78        35
        10.0       0.60      0.55      0.57        11
        11.0       0.81      0.89      0.85        19
        12.0       0.54      0.39      0.45        18
        13.0       0.93      1.00      0.97        14
        14.0       0.92      0.79      0.85        14
        15.0       0.82      0.90      0.86        10
        16.0       1.00      0.75      0.86        16
        17.0       0.92      0.92      0.92        12
        18.0       0.92      0.85      0.88        26
        19.0       0.93      0.96      0.94        26
        20.0       0.87      1.00      0.93        13
        21.0       1.00      0.88      0.93        16
        22.0       0.89      0.94      0.91        17
        23.0       0.53      0.82      0.64        11
        24.0       0.94      0.83      0.88        18
        25.0       0.95      1.00      0.97        18
        26.0       1.00      0.80      0.89        10
        27.0       0.93      1.00      0.96        13
        28.0       0.95      0.95      0.95        20
        29.0       1.00      0.96      0.98        23
        30.0       0.97      0.97      0.97        29
        31.0       1.00      0.89      0.94        18
        32.0       0.67      0.80      0.73        10
        33.0       0.97      0.97      0.97        31
        34.0       0.84      0.97      0.90        32
        35.0       0.90      0.75      0.82        12
        36.0       1.00      0.89      0.94        27
        37.0       0.64      0.60      0.62        15
        38.0       1.00      0.64      0.78        11
        39.0       0.00      0.00      0.00        13
        40.0       1.00      1.00      1.00        15
        41.0       0.83      0.83      0.83        12
        42.0       0.86      0.60      0.71        10
        43.0       1.00      0.94      0.97        17
        44.0       0.93      1.00      0.97        28
        45.0       0.95      0.90      0.93        21
        46.0       1.00      0.81      0.90        16
        47.0       0.62      0.77      0.69        13
        48.0       0.75      0.55      0.63        11
        49.0       0.69      0.92      0.79        12
        50.0       0.70      0.58      0.64        12
        51.0       1.00      1.00      1.00        14
        52.0       0.92      0.85      0.88        26
        53.0       0.89      0.93      0.91        27
        54.0       0.85      1.00      0.92        22
        55.0       0.90      0.95      0.93        20
        56.0       0.89      1.00      0.94        25
        57.0       0.95      0.90      0.93        21
        58.0       1.00      0.64      0.78        11
        59.0       0.55      0.38      0.44        16
        60.0       0.95      0.83      0.89        24
        61.0       0.75      0.64      0.69        14
        62.0       0.79      0.74      0.77       133
        63.0       0.94      0.94      0.94        16
        64.0       1.00      0.91      0.95        11
        65.0       1.00      0.53      0.69        17
        66.0       0.74      1.00      0.85        14
        67.0       1.00      0.91      0.95        11
        68.0       0.94      0.84      0.89        19
        69.0       0.97      1.00      0.98        30
        70.0       0.94      0.94      0.94        18
        71.0       1.00      0.73      0.85        15
        72.0       0.95      0.95      0.95        22
        73.0       0.62      0.91      0.74        11
        74.0       0.92      1.00      0.96        22
        75.0       0.94      1.00      0.97        17
        76.0       0.94      1.00      0.97        15
        77.0       1.00      1.00      1.00        21
        78.0       0.95      1.00      0.98        21
        79.0       0.82      0.90      0.86        10
        80.0       0.67      0.77      0.72        31
        81.0       1.00      0.81      0.89        21
        82.0       0.87      0.96      0.91        27
        83.0       1.00      0.69      0.82        13
        84.0       0.82      0.82      0.82        22
        85.0       0.75      1.00      0.86        12
        86.0       0.95      0.97      0.96        39
        87.0       0.82      0.82      0.82        17
        88.0       0.96      1.00      0.98        27
        89.0       0.77      0.83      0.80        12
        90.0       0.82      0.86      0.84        21
        91.0       0.97      0.97      0.97        30
        92.0       0.92      1.00      0.96        12
        93.0       0.77      0.71      0.74        14
        94.0       0.96      0.96      0.96        28
        95.0       0.89      0.96      0.93        26
        96.0       0.79      1.00      0.88        11
        97.0       0.96      0.87      0.91        30
        98.0       1.00      1.00      1.00        16
        99.0       1.00      0.82      0.90        17
       100.0       1.00      0.88      0.93        24
       101.0       0.87      0.96      0.92        28
       102.0       0.89      0.42      0.57        19
       103.0       0.76      0.87      0.81       291
       104.0       0.78      0.54      0.64        13
       105.0       0.61      0.88      0.72        16
       106.0       0.88      0.86      0.87        44
       107.0       1.00      0.83      0.91        12
       108.0       1.00      0.69      0.81        16
       109.0       1.00      1.00      1.00        19
       110.0       0.88      0.88      0.88        16
       111.0       0.88      1.00      0.93        14
       112.0       0.86      0.83      0.84        23
       113.0       0.91      0.94      0.93        34
       114.0       0.94      0.89      0.91        18
       115.0       1.00      0.95      0.98        21
       116.0       0.97      0.97      0.97        34
       117.0       0.92      0.92      0.92        13
       118.0       0.97      1.00      0.98        28
       119.0       1.00      0.88      0.94        26
       120.0       1.00      0.93      0.96        14
       121.0       1.00      0.82      0.90        11
       122.0       0.22      0.42      0.29        19
       123.0       0.60      0.82      0.69       136
       124.0       0.90      0.95      0.93        20
       125.0       0.47      0.36      0.41        58
       126.0       0.93      1.00      0.96        13
       127.0       1.00      1.00      1.00        17
       128.0       1.00      1.00      1.00        17
       129.0       0.94      0.94      0.94        17
       130.0       0.96      0.81      0.88        32
       131.0       0.87      1.00      0.93        20
       132.0       0.89      1.00      0.94        17
       133.0       1.00      1.00      1.00        15
       134.0       0.92      0.71      0.80        17
       135.0       0.76      1.00      0.87        13
       136.0       0.47      0.54      0.50        13
       137.0       0.97      0.87      0.92        38
       138.0       0.50      0.33      0.40        15
       139.0       0.57      0.42      0.48        19
       140.0       0.74      0.81      0.77        21
       141.0       0.91      0.96      0.93        45
       142.0       0.33      0.18      0.24        11
       143.0       0.88      0.88      0.88        16
       144.0       1.00      0.50      0.67        10
       145.0       0.31      0.22      0.26        18
       146.0       0.81      0.89      0.85        28
       147.0       0.47      0.82      0.60        11
       148.0       1.00      0.70      0.82        23
       149.0       1.00      0.94      0.97        52
       150.0       0.73      0.76      0.75        54
       151.0       0.61      0.69      0.65        16
       152.0       0.65      0.76      0.70        67
       153.0       0.67      0.18      0.29        11
       154.0       0.77      0.75      0.76        40
       155.0       0.86      0.79      0.83        24
       156.0       0.33      0.25      0.29        12
       157.0       0.73      0.44      0.55        18
       158.0       0.60      0.53      0.56        17
       159.0       0.48      0.74      0.58        19
       160.0       0.43      0.40      0.41        15
       161.0       0.54      0.28      0.37        25
       162.0       0.50      0.64      0.56        11
       163.0       0.67      0.62      0.65        16
       164.0       1.00      0.89      0.94        18
       165.0       0.67      0.67      0.67        12
       166.0       0.35      0.23      0.28        48
       167.0       0.95      1.00      0.98        21
       168.0       0.79      1.00      0.88        15
       169.0       0.84      0.94      0.89        17
       170.0       1.00      0.88      0.93        24
       171.0       0.93      0.78      0.85        36
       172.0       0.93      0.93      0.93        14
       173.0       0.80      0.47      0.59        17
       174.0       0.56      0.77      0.65        26
       175.0       0.62      0.91      0.74        11
       176.0       0.42      0.42      0.42        12
       177.0       1.00      0.67      0.80        21
       178.0       0.94      1.00      0.97        15
       179.0       0.30      0.50      0.38        14
       180.0       0.62      0.53      0.57        15
       181.0       0.86      0.83      0.84        23
       182.0       1.00      0.97      0.98        30
       183.0       0.91      0.83      0.87        12
       184.0       0.95      0.86      0.90        22
       185.0       0.96      0.96      0.96        28
       186.0       0.56      0.80      0.66       128
       187.0       0.91      0.81      0.86       119
       188.0       0.92      0.79      0.85        14
       189.0       0.95      0.78      0.86        23
       190.0       0.93      1.00      0.97        14
       191.0       1.00      0.50      0.67        12
       192.0       0.81      0.87      0.84        15
       193.0       0.58      0.58      0.58        12
       194.0       0.73      0.95      0.83        20
       195.0       0.57      0.73      0.64        11
       196.0       0.85      0.85      0.85        13
       197.0       0.71      0.77      0.74        13
       198.0       0.86      0.86      0.86        14
       199.0       0.43      0.60      0.50        15
       200.0       1.00      0.65      0.79        26
       201.0       0.80      0.71      0.75        17
       202.0       0.91      0.67      0.77        15
       203.0       0.79      0.93      0.86        29
       204.0       0.95      0.86      0.90        22
       205.0       1.00      0.93      0.97        15
       206.0       0.95      0.95      0.95        19
       207.0       1.00      1.00      1.00        19
       208.0       1.00      1.00      1.00        17
       209.0       0.82      0.88      0.85        16
       210.0       0.95      1.00      0.98        20
       211.0       0.92      0.92      0.92        13
       212.0       0.74      1.00      0.85        14
       213.0       0.76      0.94      0.84        17
       214.0       1.00      0.77      0.87        22
       215.0       0.93      1.00      0.97        14
       216.0       1.00      0.94      0.97        17
       217.0       0.89      0.80      0.84        10
       218.0       0.87      0.85      0.86       110
       219.0       0.96      0.76      0.85        29
       220.0       0.90      0.90      0.90        21
       221.0       1.00      0.77      0.87        13
       222.0       0.93      0.96      0.94        26
       223.0       1.00      0.88      0.93        16
       224.0       0.86      0.90      0.88        21
       225.0       1.00      0.53      0.69        17
       226.0       0.92      1.00      0.96        12
       227.0       0.52      0.92      0.67        13
       228.0       1.00      0.75      0.86        12
       229.0       0.93      0.84      0.88        31
       230.0       0.96      0.74      0.83        34
       231.0       0.78      0.54      0.64        13
       232.0       1.00      0.59      0.74        29
       233.0       0.94      0.85      0.89        20
       234.0       0.80      1.00      0.89        20
       235.0       0.90      0.86      0.88        21
       236.0       0.84      0.73      0.78        22
       237.0       0.87      1.00      0.93        20
       238.0       1.00      0.96      0.98        27
       239.0       0.79      1.00      0.88        30
       240.0       0.82      0.78      0.80        23
       241.0       1.00      0.77      0.87        13
       242.0       0.87      0.76      0.81        45
       243.0       0.96      0.92      0.94        26
       244.0       0.92      0.92      0.92        12
       245.0       0.95      0.95      0.95        19
       246.0       0.85      0.81      0.83        21
       247.0       0.68      0.71      0.70        21
       248.0       0.93      0.81      0.87        16
       249.0       0.96      0.88      0.92        26
       250.0       0.94      0.79      0.86        19
       251.0       0.92      0.92      0.92        12
       252.0       1.00      0.64      0.78        11
       253.0       1.00      0.91      0.95        22
       254.0       0.75      1.00      0.86        12
       255.0       0.83      0.33      0.48        15
       256.0       1.00      0.96      0.98        24
       257.0       0.61      0.73      0.67        15
       258.0       1.00      0.94      0.97        18
       259.0       0.92      0.92      0.92        26
       260.0       0.89      0.94      0.92        18
       261.0       0.87      0.84      0.85        31
       262.0       1.00      1.00      1.00        11
       263.0       1.00      0.93      0.97        15
       264.0       0.94      0.94      0.94        18
       265.0       1.00      1.00      1.00        11
       266.0       1.00      0.93      0.97        15
       267.0       0.50      0.54      0.52        13
       268.0       0.70      0.95      0.81        20
       269.0       1.00      1.00      1.00        19
       270.0       0.73      0.57      0.64        14
       271.0       0.97      0.89      0.93        38
       272.0       0.85      0.94      0.89        53
       273.0       0.85      0.74      0.79        31
       274.0       0.91      0.94      0.92        32
       275.0       1.00      0.91      0.95        11
       276.0       1.00      1.00      1.00        11
       277.0       1.00      0.83      0.91        12

    accuracy                           0.82      6280
   macro avg       0.85      0.82      0.82      6280
weighted avg       0.84      0.82      0.82      6280


===confusion_matrix===

[[ 8  0  0 ...  0  0  0]
 [ 0 25  0 ...  0  0  0]
 [ 0  0 14 ...  0  0  0]
 ...
 [ 0  0  0 ... 10  0  0]
 [ 0  0  0 ...  0 11  0]
 [ 0  0  0 ...  0  0 10]]

===multilabel confusion matrix===

[[[6269    1]
  [   2    8]]

 [[6254    1]
  [   0   25]]

 [[6264    0]
  [   2   14]]

 ...

 [[6269    0]
  [   1   10]]

 [[6269    0]
  [   0   11]]

 [[6268    0]
  [   2   10]]]

===scores report===
metrics	scores
Accuracy	0.8250
MCC	0.8237
log_loss	0.7935
f1 score weighted	0.8245
f1 score macro	0.8231
f1 score micro	0.8250
roc_auc ovr	0.9948
roc_auc ovo	0.9954
precision	0.8390
recall	0.8250

===Callbacks===

generate_callbacks
[<tensorflow.python.keras.callbacks.EarlyStopping object at 0x7f97c06f0a90>, <tensorflow.python.keras.callbacks.ReduceLROnPlateau object at 0x7f97c06f08b0>, <tensorflow.python.keras.callbacks.ModelCheckpoint object at 0x7f97c06f0b80>]
===SCORING TEST SET ===

model_complete_evaluate
{'self': <deep_ml.DeepML object at 0x7f97c06f0820>, 'x_test': array([[13,  7,  1, ...,  0,  0,  0],
       [13, 12,  3, ...,  0,  0,  0],
       [13,  7, 17, ...,  0,  0,  0],
       ...,
       [12, 17, 11, ...,  5,  2, 18],
       [15,  6, 15, ..., 16,  1, 15],
       [12, 20, 14, ...,  9, 15, 11]], dtype=int8), 'y_test': array([ 84.,  84.,  84., ..., 186.,  62., 139.], dtype=float32), 'model': None}
report

              precision    recall  f1-score   support

         0.0       0.82      0.82      0.82        11
         1.0       1.00      1.00      1.00        25
         2.0       0.60      0.94      0.73        16
         3.0       0.87      1.00      0.93        13
         4.0       0.92      0.75      0.83        16
         5.0       0.83      1.00      0.91        10
         6.0       0.84      1.00      0.91        21
         7.0       0.80      0.70      0.74        23
         8.0       0.72      0.59      0.65        22
         9.0       1.00      0.62      0.76        34
        10.0       0.25      0.09      0.13        11
        11.0       0.89      0.89      0.89        19
        12.0       0.50      0.18      0.26        17
        13.0       0.92      0.79      0.85        14
        14.0       0.83      0.71      0.77        14
        15.0       0.89      0.80      0.84        10
        16.0       0.80      0.75      0.77        16
        17.0       0.80      1.00      0.89        12
        18.0       0.77      0.88      0.82        26
        19.0       1.00      0.88      0.94        26
        20.0       1.00      1.00      1.00        13
        21.0       0.70      1.00      0.82        16
        22.0       1.00      1.00      1.00        17
        23.0       0.75      0.75      0.75        12
        24.0       1.00      0.74      0.85        19
        25.0       0.86      0.95      0.90        19
        26.0       0.75      0.90      0.82        10
        27.0       0.73      0.85      0.79        13
        28.0       0.85      0.85      0.85        20
        29.0       0.86      0.86      0.86        22
        30.0       0.78      0.86      0.82        29
        31.0       0.90      1.00      0.95        18
        32.0       0.43      0.60      0.50        10
        33.0       0.68      1.00      0.81        30
        34.0       0.71      0.75      0.73        32
        35.0       0.83      0.42      0.56        12
        36.0       0.88      0.85      0.87        27
        37.0       0.90      0.60      0.72        15
        38.0       0.73      0.73      0.73        11
        39.0       0.50      0.08      0.13        13
        40.0       0.93      0.93      0.93        15
        41.0       0.89      0.67      0.76        12
        42.0       1.00      0.73      0.84        11
        43.0       0.88      0.94      0.91        16
        44.0       0.93      0.89      0.91        28
        45.0       1.00      0.95      0.98        21
        46.0       0.83      0.62      0.71        16
        47.0       0.82      0.69      0.75        13
        48.0       0.83      0.45      0.59        11
        49.0       0.92      0.92      0.92        12
        50.0       0.64      0.58      0.61        12
        51.0       1.00      0.71      0.83        14
        52.0       0.91      0.77      0.83        26
        53.0       0.86      0.93      0.89        27
        54.0       0.71      1.00      0.83        22
        55.0       0.90      0.95      0.93        20
        56.0       0.96      1.00      0.98        25
        57.0       0.91      0.95      0.93        21
        58.0       0.75      0.82      0.78        11
        59.0       0.67      0.12      0.21        16
        60.0       0.85      0.88      0.86        25
        61.0       0.53      0.57      0.55        14
        62.0       0.73      0.78      0.76       133
        63.0       0.94      0.94      0.94        16
        64.0       1.00      0.83      0.91        12
        65.0       0.78      0.82      0.80        17
        66.0       0.80      0.86      0.83        14
        67.0       0.62      0.91      0.74        11
        68.0       0.83      0.83      0.83        18
        69.0       0.88      1.00      0.94        30
        70.0       0.88      0.78      0.82        18
        71.0       0.75      0.60      0.67        15
        72.0       0.95      0.95      0.95        21
        73.0       0.71      0.91      0.80        11
        74.0       0.88      1.00      0.93        21
        75.0       0.85      0.94      0.89        18
        76.0       0.83      1.00      0.91        15
        77.0       0.81      1.00      0.89        21
        78.0       0.81      1.00      0.89        21
        79.0       0.90      0.82      0.86        11
        80.0       0.67      0.32      0.43        31
        81.0       0.90      0.86      0.88        21
        82.0       0.96      0.89      0.92        27
        83.0       0.92      0.85      0.88        13
        84.0       0.76      0.86      0.81        22
        85.0       0.75      1.00      0.86        12
        86.0       0.95      1.00      0.97        39
        87.0       0.92      0.65      0.76        17
        88.0       0.87      0.77      0.82        26
        89.0       1.00      0.92      0.96        12
        90.0       0.83      0.95      0.89        21
        91.0       0.91      0.97      0.94        30
        92.0       0.80      1.00      0.89        12
        93.0       0.50      0.43      0.46        14
        94.0       0.86      0.89      0.88        28
        95.0       0.77      0.92      0.84        26
        96.0       1.00      0.91      0.95        11
        97.0       0.93      0.84      0.88        31
        98.0       0.86      0.75      0.80        16
        99.0       0.80      0.94      0.86        17
       100.0       0.81      0.88      0.85        25
       101.0       0.78      0.89      0.83        28
       102.0       0.53      0.42      0.47        19
       103.0       0.64      0.85      0.73       292
       104.0       0.70      0.54      0.61        13
       105.0       0.74      1.00      0.85        17
       106.0       0.61      0.63      0.62        43
       107.0       0.79      0.85      0.81        13
       108.0       0.79      0.69      0.73        16
       109.0       1.00      0.94      0.97        18
       110.0       1.00      0.81      0.90        16
       111.0       0.72      1.00      0.84        13
       112.0       0.81      0.91      0.86        23
       113.0       0.97      0.85      0.91        34
       114.0       0.64      0.78      0.70        18
       115.0       1.00      1.00      1.00        21
       116.0       0.91      0.94      0.93        34
       117.0       1.00      0.92      0.96        12
       118.0       0.90      1.00      0.95        28
       119.0       0.92      0.96      0.94        25
       120.0       0.55      0.43      0.48        14
       121.0       1.00      0.36      0.53        11
       122.0       0.27      0.16      0.20        19
       123.0       0.57      0.78      0.66       136
       124.0       0.76      0.95      0.84        20
       125.0       0.22      0.60      0.32        58
       126.0       0.70      0.50      0.58        14
       127.0       0.94      1.00      0.97        17
       128.0       0.94      0.94      0.94        16
       129.0       0.94      0.89      0.91        18
       130.0       0.66      0.87      0.75        31
       131.0       0.89      0.85      0.87        20
       132.0       0.82      1.00      0.90        18
       133.0       0.86      0.80      0.83        15
       134.0       0.94      1.00      0.97        16
       135.0       1.00      0.92      0.96        13
       136.0       0.56      0.38      0.45        13
       137.0       0.97      0.87      0.92        39
       138.0       0.40      0.14      0.21        14
       139.0       0.38      0.58      0.46        19
       140.0       1.00      0.67      0.80        21
       141.0       0.75      0.98      0.85        46
       142.0       0.00      0.00      0.00        12
       143.0       0.68      0.94      0.79        16
       144.0       1.00      0.80      0.89        10
       145.0       0.20      0.05      0.08        19
       146.0       0.83      0.71      0.77        28
       147.0       0.71      0.42      0.53        12
       148.0       0.90      0.79      0.84        24
       149.0       0.89      0.98      0.94        52
       150.0       0.49      0.85      0.62        53
       151.0       1.00      0.67      0.80        15
       152.0       0.92      0.67      0.78        67
       153.0       0.33      0.09      0.14        11
       154.0       0.83      0.62      0.71        40
       155.0       0.87      0.83      0.85        24
       156.0       0.50      0.17      0.25        12
       157.0       0.43      0.17      0.24        18
       158.0       0.31      0.29      0.30        17
       159.0       0.71      0.28      0.40        18
       160.0       0.56      0.33      0.42        15
       161.0       0.46      0.24      0.32        25
       162.0       0.40      0.20      0.27        10
       163.0       0.50      0.12      0.20        16
       164.0       1.00      0.89      0.94        18
       165.0       0.50      0.46      0.48        13
       166.0       0.44      0.29      0.35        48
       167.0       1.00      1.00      1.00        21
       168.0       0.69      0.73      0.71        15
       169.0       0.94      1.00      0.97        17
       170.0       0.92      0.92      0.92        24
       171.0       0.85      0.92      0.88        36
       172.0       0.83      0.71      0.77        14
       173.0       0.92      0.71      0.80        17
       174.0       0.59      0.77      0.67        26
       175.0       0.83      0.45      0.59        11
       176.0       0.29      0.17      0.21        12
       177.0       0.73      0.76      0.74        21
       178.0       1.00      0.87      0.93        15
       179.0       0.44      0.57      0.50        14
       180.0       0.82      0.60      0.69        15
       181.0       0.70      0.61      0.65        23
       182.0       0.97      1.00      0.98        30
       183.0       0.79      0.92      0.85        12
       184.0       0.90      0.90      0.90        21
       185.0       0.81      0.89      0.85        28
       186.0       0.69      0.63      0.66       128
       187.0       0.90      0.87      0.89       119
       188.0       0.85      0.79      0.81        14
       189.0       0.83      0.83      0.83        23
       190.0       1.00      0.93      0.96        14
       191.0       0.83      0.42      0.56        12
       192.0       0.80      0.80      0.80        15
       193.0       0.83      0.45      0.59        11
       194.0       0.69      0.55      0.61        20
       195.0       1.00      0.18      0.31        11
       196.0       1.00      0.69      0.82        13
       197.0       1.00      0.38      0.56        13
       198.0       0.93      1.00      0.96        13
       199.0       0.42      0.57      0.48        14
       200.0       0.95      0.81      0.88        26
       201.0       1.00      0.75      0.86        16
       202.0       0.87      0.87      0.87        15
       203.0       0.93      0.97      0.95        29
       204.0       0.91      0.95      0.93        21
       205.0       1.00      0.93      0.97        15
       206.0       0.60      0.63      0.62        19
       207.0       0.87      1.00      0.93        20
       208.0       1.00      0.94      0.97        17
       209.0       1.00      0.69      0.81        16
       210.0       1.00      0.95      0.97        20
       211.0       0.93      1.00      0.96        13
       212.0       0.64      0.64      0.64        14
       213.0       0.93      0.82      0.87        17
       214.0       0.80      0.73      0.76        22
       215.0       0.93      0.93      0.93        14
       216.0       1.00      0.88      0.94        17
       217.0       1.00      0.91      0.95        11
       218.0       0.80      0.70      0.75       111
       219.0       0.91      0.97      0.94        30
       220.0       1.00      1.00      1.00        21
       221.0       0.92      0.85      0.88        13
       222.0       1.00      0.96      0.98        26
       223.0       0.89      0.94      0.91        17
       224.0       0.71      0.85      0.77        20
       225.0       0.93      0.76      0.84        17
       226.0       0.83      0.83      0.83        12
       227.0       1.00      0.62      0.76        13
       228.0       1.00      1.00      1.00        12
       229.0       0.92      0.71      0.80        31
       230.0       0.56      0.88      0.68        34
       231.0       0.57      0.67      0.62        12
       232.0       0.69      0.71      0.70        28
       233.0       0.76      0.68      0.72        19
       234.0       1.00      0.70      0.82        20
       235.0       0.94      0.80      0.86        20
       236.0       0.65      0.48      0.55        23
       237.0       0.88      0.70      0.78        20
       238.0       1.00      0.93      0.96        27
       239.0       0.96      0.84      0.90        31
       240.0       0.71      0.43      0.54        23
       241.0       1.00      0.50      0.67        14
       242.0       0.53      0.68      0.59        44
       243.0       0.74      0.96      0.83        26
       244.0       1.00      0.73      0.84        11
       245.0       0.68      0.75      0.71        20
       246.0       0.82      0.64      0.72        22
       247.0       0.69      0.55      0.61        20
       248.0       1.00      0.56      0.72        16
       249.0       1.00      0.81      0.89        26
       250.0       0.88      0.74      0.80        19
       251.0       1.00      0.91      0.95        11
       252.0       0.88      0.64      0.74        11
       253.0       0.88      0.91      0.89        23
       254.0       0.73      0.92      0.81        12
       255.0       0.92      0.69      0.79        16
       256.0       0.96      0.96      0.96        24
       257.0       0.55      0.79      0.65        14
       258.0       1.00      0.89      0.94        18
       259.0       0.86      0.96      0.91        26
       260.0       0.94      0.89      0.91        18
       261.0       0.71      0.94      0.81        31
       262.0       0.91      0.91      0.91        11
       263.0       1.00      1.00      1.00        15
       264.0       0.89      0.89      0.89        19
       265.0       1.00      0.91      0.95        11
       266.0       1.00      0.79      0.88        14
       267.0       0.50      0.38      0.43        13
       268.0       0.89      0.85      0.87        20
       269.0       0.95      1.00      0.97        19
       270.0       0.83      0.36      0.50        14
       271.0       0.91      0.82      0.86        38
       272.0       0.89      0.91      0.90        53
       273.0       0.81      0.84      0.83        31
       274.0       0.93      0.88      0.90        32
       275.0       1.00      0.90      0.95        10
       276.0       0.69      1.00      0.81        11
       277.0       1.00      0.83      0.91        12

    accuracy                           0.78      6279
   macro avg       0.81      0.76      0.77      6279
weighted avg       0.79      0.78      0.78      6279


===confusion_matrix===

[[ 9  0  1 ...  0  0  0]
 [ 0 25  0 ...  0  0  0]
 [ 0  0 15 ...  0  0  0]
 ...
 [ 0  0  0 ...  9  1  0]
 [ 0  0  0 ...  0 11  0]
 [ 0  0  0 ...  0  0 10]]

===multilabel confusion matrix===

[[[6266    2]
  [   2    9]]

 [[6254    0]
  [   0   25]]

 [[6253   10]
  [   1   15]]

 ...

 [[6269    0]
  [   1    9]]

 [[6263    5]
  [   0   11]]

 [[6267    0]
  [   2   10]]]

===scores report===
metrics	scores
Accuracy	0.7804
MCC	0.7788
log_loss	0.9750
f1 score weighted	0.7750
f1 score macro	0.7714
f1 score micro	0.7804
roc_auc ovr	0.9938
roc_auc ovo	0.9941
precision	0.7950
recall	0.7804

===Callbacks===

generate_callbacks
[<tensorflow.python.keras.callbacks.EarlyStopping object at 0x7f97c06f0a90>, <tensorflow.python.keras.callbacks.ReduceLROnPlateau object at 0x7f97c06f08b0>, <tensorflow.python.keras.callbacks.ModelCheckpoint object at 0x7f97c06f0b80>]
===SCORING TEST SET ===

model_complete_evaluate
{'self': <deep_ml.DeepML object at 0x7f97c06f0820>, 'x_test': array([[13, 13,  2, ...,  0,  0,  0],
       [13, 12, 12, ...,  0,  0,  0],
       [13,  6, 11, ...,  0,  0,  0],
       ...,
       [12, 11,  3, ..., 19, 15, 17],
       [13,  6, 20, ...,  0,  0,  0],
       [ 1,  5, 11, ...,  2,  4, 15]], dtype=int8), 'y_test': array([84., 84., 84., ..., 62., 62., 62.], dtype=float32), 'model': None}
report

              precision    recall  f1-score   support

         0.0       0.62      0.45      0.53        11
         1.0       1.00      0.88      0.94        25
         2.0       0.84      0.94      0.89        17
         3.0       0.63      0.92      0.75        13
         4.0       0.40      0.53      0.46        15
         5.0       0.46      0.60      0.52        10
         6.0       0.83      0.90      0.86        21
         7.0       0.61      0.48      0.54        23
         8.0       0.50      0.73      0.59        22
         9.0       0.55      0.91      0.69        34
        10.0       0.50      0.20      0.29        10
        11.0       0.68      0.89      0.77        19
        12.0       0.60      0.35      0.44        17
        13.0       1.00      0.86      0.92        14
        14.0       0.92      0.85      0.88        13
        15.0       1.00      0.45      0.62        11
        16.0       0.88      0.94      0.91        16
        17.0       0.73      0.92      0.81        12
        18.0       0.73      0.88      0.80        25
        19.0       0.95      0.73      0.83        26
        20.0       0.81      1.00      0.90        13
        21.0       0.94      0.94      0.94        16
        22.0       0.93      0.82      0.87        17
        23.0       0.54      0.64      0.58        11
        24.0       0.74      0.74      0.74        19
        25.0       1.00      0.83      0.91        18
        26.0       1.00      0.73      0.84        11
        27.0       1.00      0.69      0.82        13
        28.0       0.91      0.95      0.93        21
        29.0       1.00      0.91      0.95        22
        30.0       0.93      0.97      0.95        29
        31.0       0.94      0.94      0.94        18
        32.0       0.75      0.30      0.43        10
        33.0       0.86      1.00      0.92        30
        34.0       0.87      0.84      0.86        32
        35.0       1.00      0.38      0.56        13
        36.0       1.00      0.93      0.96        27
        37.0       0.50      0.27      0.35        15
        38.0       0.80      1.00      0.89        12
        39.0       0.17      0.08      0.11        13
        40.0       0.78      0.93      0.85        15
        41.0       0.85      0.92      0.88        12
        42.0       0.91      0.91      0.91        11
        43.0       0.80      1.00      0.89        16
        44.0       0.96      0.90      0.93        29
        45.0       0.95      0.95      0.95        22
        46.0       0.67      0.88      0.76        16
        47.0       0.45      0.38      0.42        13
        48.0       0.44      0.73      0.55        11
        49.0       1.00      0.75      0.86        12
        50.0       1.00      0.75      0.86        12
        51.0       1.00      0.85      0.92        13
        52.0       0.85      0.88      0.87        26
        53.0       0.91      0.78      0.84        27
        54.0       0.86      0.83      0.84        23
        55.0       0.71      0.79      0.75        19
        56.0       0.86      0.96      0.91        25
        57.0       0.91      0.91      0.91        22
        58.0       1.00      0.18      0.31        11
        59.0       0.56      0.31      0.40        16
        60.0       0.91      0.84      0.87        25
        61.0       0.82      0.60      0.69        15
        62.0       0.76      0.78      0.77       133
        63.0       1.00      0.69      0.81        16
        64.0       0.71      0.83      0.77        12
        65.0       0.86      0.67      0.75        18
        66.0       0.92      0.79      0.85        14
        67.0       0.90      0.82      0.86        11
        68.0       0.79      0.61      0.69        18
        69.0       0.94      1.00      0.97        30
        70.0       0.94      0.89      0.91        18
        71.0       0.46      0.87      0.60        15
        72.0       0.92      1.00      0.96        22
        73.0       1.00      0.82      0.90        11
        74.0       0.91      1.00      0.95        21
        75.0       0.84      0.89      0.86        18
        76.0       0.93      0.93      0.93        15
        77.0       0.95      0.95      0.95        21
        78.0       0.95      0.90      0.93        21
        79.0       1.00      0.91      0.95        11
        80.0       0.64      0.44      0.52        32
        81.0       0.91      0.95      0.93        21
        82.0       0.69      0.92      0.79        26
        83.0       0.92      0.92      0.92        13
        84.0       0.91      0.95      0.93        21
        85.0       0.91      0.83      0.87        12
        86.0       1.00      1.00      1.00        39
        87.0       0.87      0.76      0.81        17
        88.0       0.72      0.96      0.83        27
        89.0       0.75      0.25      0.38        12
        90.0       0.85      0.85      0.85        20
        91.0       0.74      0.97      0.84        30
        92.0       0.90      0.69      0.78        13
        93.0       0.36      0.38      0.37        13
        94.0       0.71      0.93      0.81        27
        95.0       0.93      0.96      0.94        26
        96.0       1.00      0.91      0.95        11
        97.0       0.90      0.87      0.89        31
        98.0       0.89      0.47      0.62        17
        99.0       0.71      0.83      0.77        18
       100.0       0.85      0.88      0.86        25
       101.0       0.96      0.86      0.91        28
       102.0       0.85      0.55      0.67        20
       103.0       0.89      0.79      0.84       292
       104.0       0.67      0.62      0.64        13
       105.0       0.75      0.75      0.75        16
       106.0       0.89      0.74      0.81        43
       107.0       0.87      1.00      0.93        13
       108.0       0.88      1.00      0.94        15
       109.0       1.00      0.89      0.94        18
       110.0       0.60      0.88      0.71        17
       111.0       0.92      0.79      0.85        14
       112.0       0.95      0.91      0.93        23
       113.0       0.87      1.00      0.93        34
       114.0       0.64      0.78      0.70        18
       115.0       1.00      0.95      0.98        21
       116.0       0.94      0.97      0.96        34
       117.0       1.00      0.75      0.86        12
       118.0       0.93      0.96      0.95        28
       119.0       0.89      0.96      0.93        26
       120.0       0.57      0.92      0.71        13
       121.0       0.62      0.45      0.53        11
       122.0       1.00      0.05      0.10        20
       123.0       0.60      0.80      0.69       135
       124.0       0.55      0.89      0.68        19
       125.0       0.28      0.31      0.30        58
       126.0       0.44      0.50      0.47        14
       127.0       0.95      1.00      0.97        18
       128.0       0.88      0.94      0.91        16
       129.0       0.94      0.83      0.88        18
       130.0       0.84      0.84      0.84        32
       131.0       0.90      0.95      0.93        20
       132.0       0.94      0.94      0.94        18
       133.0       1.00      1.00      1.00        14
       134.0       0.89      1.00      0.94        16
       135.0       0.92      0.92      0.92        13
       136.0       0.50      0.15      0.24        13
       137.0       0.73      0.90      0.80        39
       138.0       1.00      0.14      0.25        14
       139.0       0.47      0.47      0.47        19
       140.0       0.71      0.50      0.59        20
       141.0       0.94      1.00      0.97        45
       142.0       0.00      0.00      0.00        12
       143.0       0.91      0.59      0.71        17
       144.0       0.33      0.50      0.40        10
       145.0       0.12      0.16      0.13        19
       146.0       0.95      0.71      0.82        28
       147.0       0.67      0.50      0.57        12
       148.0       0.95      0.88      0.91        24
       149.0       0.98      0.92      0.95        51
       150.0       0.65      0.70      0.67        53
       151.0       1.00      0.81      0.90        16
       152.0       0.93      0.61      0.74        67
       153.0       0.40      0.20      0.27        10
       154.0       0.75      0.60      0.67        40
       155.0       0.73      0.88      0.80        25
       156.0       0.33      0.18      0.24        11
       157.0       0.20      0.06      0.09        18
       158.0       0.70      0.44      0.54        16
       159.0       0.55      0.33      0.41        18
       160.0       0.29      0.13      0.18        15
       161.0       0.47      0.56      0.51        25
       162.0       0.05      0.10      0.07        10
       163.0       0.41      0.47      0.44        15
       164.0       1.00      0.88      0.94        17
       165.0       0.45      0.38      0.42        13
       166.0       0.31      0.21      0.25        48
       167.0       0.91      0.95      0.93        22
       168.0       0.72      0.87      0.79        15
       169.0       0.88      0.94      0.91        16
       170.0       0.96      0.92      0.94        24
       171.0       0.75      0.75      0.75        36
       172.0       0.59      0.71      0.65        14
       173.0       1.00      0.65      0.79        17
       174.0       0.68      0.84      0.75        25
       175.0       0.25      0.08      0.12        12
       176.0       0.50      0.08      0.14        12
       177.0       0.61      0.81      0.69        21
       178.0       1.00      0.93      0.97        15
       179.0       0.58      0.47      0.52        15
       180.0       0.56      0.33      0.42        15
       181.0       0.91      0.45      0.61        22
       182.0       0.94      0.94      0.94        31
       183.0       0.64      0.75      0.69        12
       184.0       0.90      0.86      0.88        21
       185.0       0.58      0.97      0.73        29
       186.0       0.66      0.77      0.71       127
       187.0       0.93      0.83      0.88       119
       188.0       0.86      0.86      0.86        14
       189.0       0.74      0.77      0.76        22
       190.0       0.92      0.86      0.89        14
       191.0       0.67      0.33      0.44        12
       192.0       0.79      1.00      0.88        15
       193.0       0.80      0.33      0.47        12
       194.0       0.89      0.40      0.55        20
       195.0       0.45      0.45      0.45        11
       196.0       0.65      0.79      0.71        14
       197.0       1.00      0.38      0.56        13
       198.0       0.68      1.00      0.81        13
       199.0       0.29      0.13      0.18        15
       200.0       0.76      0.70      0.73        27
       201.0       0.71      0.94      0.81        16
       202.0       0.38      0.64      0.47        14
       203.0       0.96      0.90      0.93        29
       204.0       0.67      0.95      0.78        21
       205.0       1.00      1.00      1.00        16
       206.0       0.94      0.79      0.86        19
       207.0       1.00      1.00      1.00        20
       208.0       1.00      0.82      0.90        17
       209.0       0.91      0.62      0.74        16
       210.0       0.91      1.00      0.95        20
       211.0       0.92      0.86      0.89        14
       212.0       0.50      0.93      0.65        14
       213.0       0.73      0.89      0.80        18
       214.0       0.67      0.73      0.70        22
       215.0       0.92      0.86      0.89        14
       216.0       0.93      0.82      0.87        17
       217.0       0.75      0.82      0.78        11
       218.0       0.58      0.90      0.70       111
       219.0       0.74      0.90      0.81        29
       220.0       0.91      0.95      0.93        21
       221.0       1.00      0.92      0.96        13
       222.0       0.84      1.00      0.91        26
       223.0       0.93      0.76      0.84        17
       224.0       0.94      0.75      0.83        20
       225.0       0.82      0.56      0.67        16
       226.0       0.62      0.73      0.67        11
       227.0       0.55      0.46      0.50        13
       228.0       0.71      0.91      0.80        11
       229.0       0.71      0.73      0.72        30
       230.0       0.69      0.71      0.70        34
       231.0       1.00      0.08      0.15        12
       232.0       0.75      0.62      0.68        29
       233.0       0.68      0.68      0.68        19
       234.0       1.00      0.63      0.77        19
       235.0       0.67      0.90      0.77        20
       236.0       0.40      0.77      0.53        22
       237.0       0.67      0.50      0.57        20
       238.0       0.96      1.00      0.98        27
       239.0       0.97      0.90      0.93        31
       240.0       0.78      0.29      0.42        24
       241.0       0.71      0.36      0.48        14
       242.0       0.68      0.77      0.72        44
       243.0       0.81      0.96      0.88        27
       244.0       0.75      0.82      0.78        11
       245.0       0.59      0.95      0.73        20
       246.0       0.86      0.86      0.86        22
       247.0       1.00      0.65      0.79        20
       248.0       0.92      0.75      0.83        16
       249.0       0.84      0.81      0.82        26
       250.0       0.83      1.00      0.90        19
       251.0       0.90      0.82      0.86        11
       252.0       0.59      0.91      0.71        11
       253.0       0.91      0.91      0.91        22
       254.0       0.86      1.00      0.92        12
       255.0       0.62      0.31      0.42        16
       256.0       0.66      0.88      0.75        24
       257.0       0.64      0.64      0.64        14
       258.0       0.93      0.72      0.81        18
       259.0       0.76      1.00      0.87        26
       260.0       0.75      0.83      0.79        18
       261.0       0.83      0.94      0.88        31
       262.0       1.00      1.00      1.00        10
       263.0       0.88      1.00      0.94        15
       264.0       0.89      0.89      0.89        19
       265.0       0.83      1.00      0.91        10
       266.0       1.00      0.67      0.80        15
       267.0       0.83      0.38      0.53        13
       268.0       0.79      0.75      0.77        20
       269.0       0.95      1.00      0.97        18
       270.0       0.62      0.67      0.65        15
       271.0       0.88      0.95      0.91        38
       272.0       0.84      0.91      0.87        53
       273.0       0.69      0.87      0.77        31
       274.0       0.93      0.84      0.89        32
       275.0       0.91      1.00      0.95        10
       276.0       0.91      0.91      0.91        11
       277.0       0.79      1.00      0.88        11

    accuracy                           0.77      6279
   macro avg       0.78      0.74      0.74      6279
weighted avg       0.79      0.77      0.76      6279


===confusion_matrix===

[[ 5  0  0 ...  0  0  0]
 [ 0 22  0 ...  0  0  0]
 [ 0  0 16 ...  0  0  0]
 ...
 [ 0  0  0 ... 10  0  0]
 [ 0  0  0 ...  0 10  0]
 [ 0  0  0 ...  0  0 11]]

===multilabel confusion matrix===

[[[6265    3]
  [   6    5]]

 [[6254    0]
  [   3   22]]

 [[6259    3]
  [   1   16]]

 ...

 [[6268    1]
  [   0   10]]

 [[6267    1]
  [   1   10]]

 [[6265    3]
  [   0   11]]]

===scores report===
metrics	scores
Accuracy	0.7708
MCC	0.7693
log_loss	1.0059
f1 score weighted	0.7628
f1 score macro	0.7421
f1 score micro	0.7708
roc_auc ovr	0.9931
roc_auc ovo	0.9937
precision	0.7853
recall	0.7708

===Callbacks===

generate_callbacks
[<tensorflow.python.keras.callbacks.EarlyStopping object at 0x7f97c06f0a90>, <tensorflow.python.keras.callbacks.ReduceLROnPlateau object at 0x7f97c06f08b0>, <tensorflow.python.keras.callbacks.ModelCheckpoint object at 0x7f97c06f0b80>]
===SCORING TEST SET ===

model_complete_evaluate
{'self': <deep_ml.DeepML object at 0x7f97c06f0820>, 'x_test': array([[13,  4, 12, ...,  0,  0,  0],
       [13, 16, 16, ...,  0,  0,  0],
       [13,  3, 10, ...,  0,  0,  0],
       ...,
       [11,  9,  7, ..., 16, 10, 11],
       [17,  8,  1, ..., 10, 18, 15],
       [20, 19, 11, ...,  1, 19,  5]], dtype=int8), 'y_test': array([ 84.,  84.,  84., ...,  53.,  62., 134.], dtype=float32), 'model': None}
report

              precision    recall  f1-score   support

         0.0       0.86      0.55      0.67        11
         1.0       1.00      1.00      1.00        25
         2.0       0.74      1.00      0.85        17
         3.0       0.57      0.67      0.62        12
         4.0       0.65      0.73      0.69        15
         5.0       1.00      0.82      0.90        11
         6.0       1.00      1.00      1.00        21
         7.0       0.65      0.62      0.64        24
         8.0       0.44      0.67      0.53        21
         9.0       0.68      0.71      0.69        35
        10.0       0.55      0.55      0.55        11
        11.0       0.95      0.95      0.95        19
        12.0       0.33      0.53      0.41        17
        13.0       1.00      0.86      0.92        14
        14.0       0.91      0.71      0.80        14
        15.0       0.83      0.91      0.87        11
        16.0       1.00      0.94      0.97        16
        17.0       0.92      1.00      0.96        12
        18.0       1.00      0.88      0.94        26
        19.0       0.85      0.92      0.88        25
        20.0       1.00      1.00      1.00        13
        21.0       1.00      0.87      0.93        15
        22.0       1.00      0.94      0.97        18
        23.0       0.62      0.73      0.67        11
        24.0       1.00      0.68      0.81        19
        25.0       1.00      1.00      1.00        18
        26.0       0.88      0.70      0.78        10
        27.0       0.71      0.77      0.74        13
        28.0       1.00      1.00      1.00        21
        29.0       1.00      0.95      0.98        22
        30.0       1.00      0.97      0.98        29
        31.0       1.00      0.94      0.97        18
        32.0       1.00      0.91      0.95        11
        33.0       0.91      1.00      0.95        30
        34.0       0.74      0.88      0.80        32
        35.0       1.00      0.67      0.80        12
        36.0       0.96      0.93      0.94        27
        37.0       0.93      0.93      0.93        15
        38.0       0.73      0.92      0.81        12
        39.0       0.50      0.29      0.36        14
        40.0       0.94      1.00      0.97        16
        41.0       0.85      0.92      0.88        12
        42.0       0.56      0.91      0.69        11
        43.0       1.00      0.94      0.97        16
        44.0       0.96      0.90      0.93        29
        45.0       1.00      1.00      1.00        22
        46.0       1.00      0.81      0.90        16
        47.0       0.92      0.79      0.85        14
        48.0       0.78      0.64      0.70        11
        49.0       0.65      1.00      0.79        11
        50.0       0.71      0.83      0.77        12
        51.0       0.86      0.92      0.89        13
        52.0       0.96      0.92      0.94        26
        53.0       1.00      0.82      0.90        28
        54.0       0.88      1.00      0.94        23
        55.0       0.95      1.00      0.97        19
        56.0       0.80      0.96      0.87        25
        57.0       0.95      0.90      0.93        21
        58.0       0.86      0.60      0.71        10
        59.0       0.40      0.12      0.19        16
        60.0       0.95      0.84      0.89        25
        61.0       0.38      0.33      0.36        15
        62.0       0.82      0.69      0.75       133
        63.0       0.94      0.94      0.94        16
        64.0       0.89      0.67      0.76        12
        65.0       1.00      0.83      0.91        18
        66.0       0.92      0.73      0.81        15
        67.0       1.00      0.80      0.89        10
        68.0       0.78      0.95      0.86        19
        69.0       0.94      1.00      0.97        29
        70.0       1.00      0.72      0.84        18
        71.0       0.87      0.87      0.87        15
        72.0       0.96      1.00      0.98        22
        73.0       0.91      0.91      0.91        11
        74.0       0.88      1.00      0.93        21
        75.0       0.81      0.94      0.87        18
        76.0       0.82      0.93      0.87        15
        77.0       1.00      0.90      0.95        20
        78.0       1.00      1.00      1.00        20
        79.0       1.00      0.90      0.95        10
        80.0       0.57      0.75      0.65        32
        81.0       0.86      0.86      0.86        21
        82.0       0.96      0.96      0.96        26
        83.0       0.92      0.92      0.92        13
        84.0       0.89      0.76      0.82        21
        85.0       0.80      1.00      0.89        12
        86.0       0.97      1.00      0.99        39
        87.0       0.87      0.76      0.81        17
        88.0       0.90      0.96      0.93        27
        89.0       0.67      0.83      0.74        12
        90.0       1.00      1.00      1.00        21
        91.0       1.00      0.97      0.98        30
        92.0       0.80      1.00      0.89        12
        93.0       0.75      0.64      0.69        14
        94.0       0.93      0.96      0.95        27
        95.0       0.88      0.92      0.90        25
        96.0       0.65      0.92      0.76        12
        97.0       0.93      0.83      0.88        30
        98.0       0.80      0.75      0.77        16
        99.0       0.89      0.94      0.91        17
       100.0       0.89      0.96      0.92        25
       101.0       0.90      0.93      0.91        28
       102.0       0.86      0.63      0.73        19
       103.0       0.73      0.90      0.81       292
       104.0       0.70      0.54      0.61        13
       105.0       0.89      1.00      0.94        16
       106.0       0.81      0.67      0.73        43
       107.0       0.87      1.00      0.93        13
       108.0       1.00      1.00      1.00        15
       109.0       1.00      0.83      0.91        18
       110.0       1.00      0.82      0.90        17
       111.0       0.93      1.00      0.97        14
       112.0       1.00      0.83      0.90        23
       113.0       0.94      0.91      0.93        35
       114.0       0.71      0.83      0.77        18
       115.0       0.95      1.00      0.98        21
       116.0       0.94      0.94      0.94        34
       117.0       0.75      1.00      0.86        12
       118.0       0.97      1.00      0.98        28
       119.0       0.66      0.96      0.78        26
       120.0       0.65      0.85      0.73        13
       121.0       0.90      0.90      0.90        10
       122.0       0.14      0.10      0.12        20
       123.0       0.68      0.76      0.72       136
       124.0       0.88      0.79      0.83        19
       125.0       0.46      0.42      0.44        59
       126.0       0.64      1.00      0.78        14
       127.0       1.00      1.00      1.00        18
       128.0       0.81      1.00      0.89        17
       129.0       0.95      1.00      0.97        18
       130.0       1.00      0.94      0.97        32
       131.0       0.95      0.95      0.95        21
       132.0       1.00      0.94      0.97        18
       133.0       1.00      1.00      1.00        15
       134.0       1.00      0.88      0.93        16
       135.0       0.93      1.00      0.96        13
       136.0       0.67      0.46      0.55        13
       137.0       0.97      0.87      0.92        38
       138.0       0.47      0.53      0.50        15
       139.0       0.59      0.89      0.71        18
       140.0       0.95      0.90      0.92        20
       141.0       0.96      0.96      0.96        45
       142.0       0.40      0.17      0.24        12
       143.0       0.68      0.81      0.74        16
       144.0       1.00      0.91      0.95        11
       145.0       0.29      0.26      0.28        19
       146.0       0.96      0.79      0.86        28
       147.0       0.62      0.42      0.50        12
       148.0       0.95      0.88      0.91        24
       149.0       0.96      0.88      0.92        51
       150.0       0.88      0.79      0.83        53
       151.0       0.73      0.69      0.71        16
       152.0       0.79      0.78      0.79        68
       153.0       0.20      0.10      0.13        10
       154.0       0.96      0.56      0.71        39
       155.0       0.94      0.71      0.81        24
       156.0       0.50      0.42      0.45        12
       157.0       0.67      0.47      0.55        17
       158.0       0.20      0.19      0.19        16
       159.0       0.65      0.61      0.63        18
       160.0       0.40      0.53      0.46        15
       161.0       0.49      0.68      0.57        25
       162.0       0.75      0.30      0.43        10
       163.0       0.57      0.53      0.55        15
       164.0       0.77      1.00      0.87        17
       165.0       0.90      0.69      0.78        13
       166.0       0.34      0.36      0.35        47
       167.0       0.96      1.00      0.98        22
       168.0       0.88      1.00      0.94        15
       169.0       0.88      0.94      0.91        16
       170.0       0.96      0.96      0.96        24
       171.0       0.65      0.94      0.77        35
       172.0       0.88      1.00      0.94        15
       173.0       0.91      0.59      0.71        17
       174.0       0.80      0.96      0.87        25
       175.0       0.62      0.67      0.64        12
       176.0       0.50      0.67      0.57        12
       177.0       1.00      0.70      0.82        20
       178.0       0.94      0.94      0.94        16
       179.0       0.44      0.73      0.55        15
       180.0       0.56      0.56      0.56        16
       181.0       1.00      0.87      0.93        23
       182.0       0.97      1.00      0.98        31
       183.0       1.00      1.00      1.00        11
       184.0       0.95      0.90      0.93        21
       185.0       0.74      0.97      0.84        29
       186.0       0.72      0.70      0.71       127
       187.0       0.90      0.79      0.84       119
       188.0       0.69      0.69      0.69        13
       189.0       0.62      0.68      0.65        22
       190.0       1.00      0.93      0.97        15
       191.0       0.69      0.75      0.72        12
       192.0       0.94      1.00      0.97        16
       193.0       0.73      0.67      0.70        12
       194.0       0.85      0.81      0.83        21
       195.0       0.83      0.45      0.59        11
       196.0       1.00      0.92      0.96        13
       197.0       0.92      0.85      0.88        13
       198.0       1.00      0.93      0.96        14
       199.0       0.83      0.67      0.74        15
       200.0       0.94      0.62      0.74        26
       201.0       1.00      0.88      0.93        16
       202.0       0.78      1.00      0.88        14
       203.0       0.96      0.96      0.96        28
       204.0       0.63      0.90      0.75        21
       205.0       1.00      0.94      0.97        16
       206.0       0.74      0.78      0.76        18
       207.0       0.90      1.00      0.95        19
       208.0       1.00      0.88      0.94        17
       209.0       0.77      0.62      0.69        16
       210.0       0.87      0.95      0.91        21
       211.0       0.91      0.71      0.80        14
       212.0       0.92      0.79      0.85        14
       213.0       0.90      1.00      0.95        18
       214.0       0.89      0.77      0.83        22
       215.0       0.94      1.00      0.97        15
       216.0       1.00      0.94      0.97        16
       217.0       1.00      0.91      0.95        11
       218.0       0.77      0.89      0.83       110
       219.0       0.84      0.93      0.89        29
       220.0       0.95      1.00      0.98        21
       221.0       0.76      1.00      0.87        13
       222.0       0.89      0.96      0.93        26
       223.0       1.00      1.00      1.00        17
       224.0       1.00      0.65      0.79        20
       225.0       1.00      0.94      0.97        16
       226.0       0.82      0.82      0.82        11
       227.0       0.86      0.86      0.86        14
       228.0       0.92      1.00      0.96        11
       229.0       0.93      0.47      0.62        30
       230.0       0.88      0.68      0.77        34
       231.0       0.80      0.33      0.47        12
       232.0       0.76      0.55      0.64        29
       233.0       1.00      0.68      0.81        19
       234.0       0.65      0.79      0.71        19
       235.0       1.00      0.60      0.75        20
       236.0       1.00      0.18      0.31        22
       237.0       0.81      0.85      0.83        20
       238.0       1.00      1.00      1.00        28
       239.0       0.83      0.94      0.88        31
       240.0       0.60      0.88      0.71        24
       241.0       0.44      1.00      0.61        14
       242.0       0.73      0.80      0.76        44
       243.0       0.96      0.85      0.90        27
       244.0       0.85      1.00      0.92        11
       245.0       0.87      1.00      0.93        20
       246.0       1.00      0.77      0.87        22
       247.0       0.89      0.40      0.55        20
       248.0       0.93      0.81      0.87        16
       249.0       0.86      0.76      0.81        25
       250.0       1.00      0.83      0.91        18
       251.0       1.00      1.00      1.00        12
       252.0       1.00      0.60      0.75        10
       253.0       0.95      0.95      0.95        22
       254.0       0.93      1.00      0.96        13
       255.0       0.77      0.62      0.69        16
       256.0       0.81      0.92      0.86        24
       257.0       0.52      0.93      0.67        15
       258.0       0.85      0.94      0.89        18
       259.0       0.93      1.00      0.96        26
       260.0       0.95      1.00      0.97        18
       261.0       0.96      0.78      0.86        32
       262.0       1.00      0.90      0.95        10
       263.0       1.00      1.00      1.00        14
       264.0       0.85      0.89      0.87        19
       265.0       0.79      1.00      0.88        11
       266.0       0.86      0.80      0.83        15
       267.0       0.80      0.62      0.70        13
       268.0       0.76      0.95      0.84        20
       269.0       0.95      1.00      0.97        18
       270.0       0.67      0.29      0.40        14
       271.0       0.94      0.89      0.92        38
       272.0       0.87      0.91      0.89        53
       273.0       0.93      0.87      0.90        30
       274.0       0.92      0.75      0.83        32
       275.0       0.89      0.80      0.84        10
       276.0       0.91      0.83      0.87        12
       277.0       1.00      1.00      1.00        11

    accuracy                           0.82      6279
   macro avg       0.84      0.82      0.82      6279
weighted avg       0.83      0.82      0.82      6279


===confusion_matrix===

[[ 6  0  0 ...  0  0  0]
 [ 0 25  0 ...  0  0  0]
 [ 0  0 17 ...  0  0  0]
 ...
 [ 0  0  0 ...  8  1  0]
 [ 0  0  0 ...  1 10  0]
 [ 0  0  0 ...  0  0 11]]

===multilabel confusion matrix===

[[[6267    1]
  [   5    6]]

 [[6254    0]
  [   0   25]]

 [[6256    6]
  [   0   17]]

 ...

 [[6268    1]
  [   2    8]]

 [[6266    1]
  [   2   10]]

 [[6268    0]
  [   0   11]]]

===scores report===
metrics	scores
Accuracy	0.8219
MCC	0.8207
log_loss	0.7893
f1 score weighted	0.8194
f1 score macro	0.8188
f1 score micro	0.8219
roc_auc ovr	0.9954
roc_auc ovo	0.9961
precision	0.8345
recall	0.8219

===Callbacks===

generate_callbacks
[<tensorflow.python.keras.callbacks.EarlyStopping object at 0x7f97c06f0a90>, <tensorflow.python.keras.callbacks.ReduceLROnPlateau object at 0x7f97c06f08b0>, <tensorflow.python.keras.callbacks.ModelCheckpoint object at 0x7f97c06f0b80>]
===SCORING TEST SET ===

model_complete_evaluate
{'self': <deep_ml.DeepML object at 0x7f97c06f0820>, 'x_test': array([[13, 16,  8, ...,  0,  0,  0],
       [13, 16,  7, ...,  0,  0,  0],
       [13,  3, 15, ...,  0,  0,  0],
       ...,
       [ 1, 15,  1, ..., 15, 12, 13],
       [13,  1,  7, ...,  0,  0,  0],
       [13,  1, 20, ...,  0,  0,  0]], dtype=int8), 'y_test': array([ 84.,  84.,  84., ..., 103.,  80.,  62.], dtype=float32), 'model': None}
report

              precision    recall  f1-score   support

         0.0       0.60      0.90      0.72        10
         1.0       0.89      0.96      0.92        25
         2.0       0.89      0.94      0.91        17
         3.0       0.83      0.83      0.83        12
         4.0       0.75      0.60      0.67        15
         5.0       0.75      0.60      0.67        10
         6.0       0.79      0.86      0.83        22
         7.0       0.85      0.48      0.61        23
         8.0       0.90      0.43      0.58        21
         9.0       0.83      0.69      0.75        35
        10.0       1.00      0.27      0.43        11
        11.0       1.00      0.84      0.91        19
        12.0       0.78      0.39      0.52        18
        13.0       1.00      0.67      0.80        15
        14.0       1.00      0.50      0.67        14
        15.0       0.91      1.00      0.95        10
        16.0       1.00      0.88      0.93        16
        17.0       0.77      0.91      0.83        11
        18.0       0.88      0.81      0.84        26
        19.0       0.84      0.84      0.84        25
        20.0       1.00      0.92      0.96        12
        21.0       1.00      0.93      0.97        15
        22.0       0.94      0.94      0.94        17
        23.0       1.00      0.55      0.71        11
        24.0       0.87      0.68      0.76        19
        25.0       1.00      0.89      0.94        18
        26.0       1.00      1.00      1.00        10
        27.0       1.00      1.00      1.00        14
        28.0       0.84      1.00      0.91        21
        29.0       0.96      1.00      0.98        23
        30.0       0.93      0.93      0.93        29
        31.0       0.94      0.94      0.94        17
        32.0       0.75      0.82      0.78        11
        33.0       0.91      0.97      0.94        30
        34.0       0.76      0.78      0.77        32
        35.0       0.56      0.75      0.64        12
        36.0       0.96      0.96      0.96        27
        37.0       0.39      0.47      0.42        15
        38.0       0.64      0.82      0.72        11
        39.0       0.22      0.15      0.18        13
        40.0       1.00      0.81      0.90        16
        41.0       1.00      0.83      0.91        12
        42.0       0.88      0.64      0.74        11
        43.0       0.89      1.00      0.94        16
        44.0       1.00      0.93      0.96        28
        45.0       0.96      1.00      0.98        22
        46.0       0.75      0.94      0.83        16
        47.0       1.00      0.38      0.56        13
        48.0       0.80      0.67      0.73        12
        49.0       0.58      1.00      0.73        11
        50.0       0.73      0.67      0.70        12
        51.0       0.86      0.92      0.89        13
        52.0       1.00      1.00      1.00        26
        53.0       0.86      0.93      0.89        27
        54.0       0.78      0.78      0.78        23
        55.0       0.78      0.95      0.86        19
        56.0       1.00      0.96      0.98        25
        57.0       1.00      0.95      0.98        21
        58.0       0.86      0.60      0.71        10
        59.0       1.00      0.12      0.22        16
        60.0       0.94      0.67      0.78        24
        61.0       0.48      0.67      0.56        15
        62.0       0.81      0.76      0.79       133
        63.0       0.94      1.00      0.97        15
        64.0       0.92      0.92      0.92        12
        65.0       0.92      0.71      0.80        17
        66.0       0.87      0.93      0.90        14
        67.0       0.79      1.00      0.88        11
        68.0       0.81      0.68      0.74        19
        69.0       0.76      1.00      0.87        29
        70.0       1.00      0.68      0.81        19
        71.0       0.61      0.73      0.67        15
        72.0       0.96      1.00      0.98        22
        73.0       0.75      0.82      0.78        11
        74.0       0.95      0.95      0.95        22
        75.0       0.74      1.00      0.85        17
        76.0       1.00      1.00      1.00        15
        77.0       1.00      0.95      0.97        20
        78.0       0.95      0.86      0.90        21
        79.0       0.86      0.60      0.71        10
        80.0       0.58      0.58      0.58        31
        81.0       0.95      0.90      0.93        21
        82.0       0.88      0.88      0.88        26
        83.0       1.00      0.92      0.96        13
        84.0       0.90      0.90      0.90        21
        85.0       0.86      1.00      0.92        12
        86.0       0.97      0.95      0.96        39
        87.0       0.75      0.88      0.81        17
        88.0       0.90      1.00      0.95        27
        89.0       0.80      0.67      0.73        12
        90.0       1.00      0.76      0.86        21
        91.0       0.87      0.90      0.89        30
        92.0       0.71      0.83      0.77        12
        93.0       0.60      0.64      0.62        14
        94.0       0.87      0.96      0.91        27
        95.0       1.00      0.88      0.94        25
        96.0       0.77      0.91      0.83        11
        97.0       0.79      0.77      0.78        30
        98.0       0.73      0.69      0.71        16
        99.0       0.85      1.00      0.92        17
       100.0       0.88      0.88      0.88        25
       101.0       0.82      0.96      0.89        28
       102.0       0.50      0.21      0.30        19
       103.0       0.67      0.89      0.77       291
       104.0       0.67      0.77      0.71        13
       105.0       0.89      1.00      0.94        16
       106.0       0.77      0.68      0.72        44
       107.0       1.00      1.00      1.00        13
       108.0       0.79      0.94      0.86        16
       109.0       1.00      0.95      0.97        19
       110.0       0.75      0.94      0.83        16
       111.0       1.00      0.86      0.92        14
       112.0       0.88      0.96      0.92        23
       113.0       0.97      0.88      0.92        34
       114.0       0.94      0.84      0.89        19
       115.0       0.91      1.00      0.95        21
       116.0       0.87      1.00      0.93        34
       117.0       1.00      0.83      0.91        12
       118.0       0.88      1.00      0.94        29
       119.0       0.84      1.00      0.91        26
       120.0       0.75      0.69      0.72        13
       121.0       0.86      0.60      0.71        10
       122.0       0.33      0.11      0.16        19
       123.0       0.69      0.67      0.68       136
       124.0       0.88      0.79      0.83        19
       125.0       0.30      0.47      0.36        58
       126.0       0.59      0.93      0.72        14
       127.0       0.94      0.94      0.94        18
       128.0       0.89      1.00      0.94        17
       129.0       0.93      0.78      0.85        18
       130.0       0.87      0.84      0.86        32
       131.0       0.90      0.95      0.93        20
       132.0       1.00      0.94      0.97        17
       133.0       1.00      1.00      1.00        15
       134.0       0.94      1.00      0.97        17
       135.0       0.93      1.00      0.96        13
       136.0       0.53      0.77      0.62        13
       137.0       0.92      0.89      0.91        38
       138.0       0.50      0.33      0.40        15
       139.0       0.42      0.74      0.54        19
       140.0       0.81      0.81      0.81        21
       141.0       0.83      1.00      0.91        45
       142.0       0.13      0.17      0.15        12
       143.0       0.83      0.94      0.88        16
       144.0       1.00      0.55      0.71        11
       145.0       0.00      0.00      0.00        18
       146.0       0.91      0.71      0.80        28
       147.0       0.53      0.91      0.67        11
       148.0       1.00      0.87      0.93        23
       149.0       0.91      0.94      0.92        52
       150.0       0.81      0.80      0.80        54
       151.0       0.73      0.50      0.59        16
       152.0       0.72      0.76      0.74        68
       153.0       0.43      0.27      0.33        11
       154.0       0.79      0.75      0.77        40
       155.0       0.69      0.92      0.79        24
       156.0       0.62      0.42      0.50        12
       157.0       0.50      0.22      0.31        18
       158.0       0.50      0.44      0.47        16
       159.0       0.60      0.50      0.55        18
       160.0       0.29      0.60      0.39        15
       161.0       0.42      0.52      0.46        25
       162.0       0.25      0.10      0.14        10
       163.0       0.50      0.25      0.33        16
       164.0       0.67      0.89      0.76        18
       165.0       0.53      0.67      0.59        12
       166.0       0.47      0.32      0.38        47
       167.0       0.95      1.00      0.98        21
       168.0       0.93      0.93      0.93        15
       169.0       0.89      1.00      0.94        17
       170.0       0.89      1.00      0.94        24
       171.0       0.87      0.75      0.81        36
       172.0       0.64      0.64      0.64        14
       173.0       0.86      0.38      0.52        16
       174.0       0.75      0.60      0.67        25
       175.0       0.50      0.08      0.14        12
       176.0       1.00      0.17      0.29        12
       177.0       0.71      0.75      0.73        20
       178.0       0.93      0.87      0.90        15
       179.0       0.69      0.79      0.73        14
       180.0       0.50      0.50      0.50        16
       181.0       1.00      0.65      0.79        23
       182.0       0.89      1.00      0.94        31
       183.0       1.00      0.58      0.74        12
       184.0       0.95      0.91      0.93        22
       185.0       0.93      0.90      0.91        29
       186.0       0.78      0.58      0.67       127
       187.0       0.74      0.87      0.80       119
       188.0       0.71      0.71      0.71        14
       189.0       0.89      0.73      0.80        22
       190.0       0.93      0.87      0.90        15
       191.0       0.70      0.58      0.64        12
       192.0       0.93      0.93      0.93        15
       193.0       0.64      0.58      0.61        12
       194.0       0.81      0.62      0.70        21
       195.0       0.40      0.20      0.27        10
       196.0       0.92      0.92      0.92        13
       197.0       0.27      0.57      0.36        14
       198.0       0.87      0.93      0.90        14
       199.0       0.25      0.20      0.22        15
       200.0       0.90      0.73      0.81        26
       201.0       1.00      0.69      0.81        16
       202.0       0.54      0.87      0.67        15
       203.0       0.96      0.83      0.89        29
       204.0       0.82      0.82      0.82        22
       205.0       0.94      1.00      0.97        15
       206.0       0.86      0.95      0.90        19
       207.0       0.95      0.95      0.95        19
       208.0       0.65      1.00      0.79        17
       209.0       0.93      0.88      0.90        16
       210.0       0.89      0.85      0.87        20
       211.0       0.91      0.71      0.80        14
       212.0       0.75      0.86      0.80        14
       213.0       0.82      0.78      0.80        18
       214.0       0.68      0.59      0.63        22
       215.0       0.81      0.93      0.87        14
       216.0       0.87      0.76      0.81        17
       217.0       1.00      0.80      0.89        10
       218.0       0.95      0.82      0.88       110
       219.0       0.88      0.97      0.92        29
       220.0       0.90      0.90      0.90        21
       221.0       0.85      0.79      0.81        14
       222.0       1.00      0.96      0.98        26
       223.0       1.00      0.88      0.93        16
       224.0       0.67      0.86      0.75        21
       225.0       0.90      0.53      0.67        17
       226.0       0.92      1.00      0.96        12
       227.0       0.77      0.77      0.77        13
       228.0       0.79      1.00      0.88        11
       229.0       0.71      0.80      0.75        30
       230.0       0.64      0.74      0.68        34
       231.0       0.20      0.08      0.11        13
       232.0       0.82      0.48      0.61        29
       233.0       0.89      0.89      0.89        19
       234.0       0.82      0.95      0.88        19
       235.0       0.87      0.95      0.91        21
       236.0       0.60      0.41      0.49        22
       237.0       0.67      1.00      0.80        20
       238.0       1.00      0.81      0.90        27
       239.0       0.92      0.77      0.84        30
       240.0       0.38      0.78      0.51        23
       241.0       1.00      0.50      0.67        14
       242.0       0.40      0.84      0.55        45
       243.0       1.00      0.93      0.96        27
       244.0       0.92      1.00      0.96        12
       245.0       0.86      0.90      0.88        20
       246.0       0.90      0.82      0.86        22
       247.0       0.94      0.80      0.86        20
       248.0       0.71      0.94      0.81        16
       249.0       0.56      0.96      0.71        25
       250.0       1.00      0.56      0.71        18
       251.0       1.00      0.92      0.96        12
       252.0       0.83      0.50      0.62        10
       253.0       0.95      0.91      0.93        22
       254.0       1.00      0.85      0.92        13
       255.0       0.85      0.69      0.76        16
       256.0       0.88      0.96      0.92        24
       257.0       0.89      0.53      0.67        15
       258.0       1.00      0.94      0.97        18
       259.0       0.84      1.00      0.91        26
       260.0       0.88      0.79      0.83        19
       261.0       0.92      0.77      0.84        31
       262.0       1.00      0.82      0.90        11
       263.0       0.81      0.87      0.84        15
       264.0       0.81      0.94      0.87        18
       265.0       1.00      0.82      0.90        11
       266.0       0.80      0.53      0.64        15
       267.0       0.64      0.69      0.67        13
       268.0       0.71      0.81      0.76        21
       269.0       0.95      0.95      0.95        19
       270.0       0.67      0.57      0.62        14
       271.0       0.94      0.84      0.89        38
       272.0       0.88      0.96      0.92        53
       273.0       0.85      0.73      0.79        30
       274.0       0.96      0.84      0.90        32
       275.0       1.00      1.00      1.00        10
       276.0       1.00      1.00      1.00        12
       277.0       0.90      0.82      0.86        11

    accuracy                           0.79      6279
   macro avg       0.81      0.78      0.78      6279
weighted avg       0.81      0.79      0.79      6279


===confusion_matrix===

[[ 9  0  0 ...  0  0  0]
 [ 0 24  0 ...  0  0  0]
 [ 0  0 16 ...  0  0  0]
 ...
 [ 0  0  0 ... 10  0  0]
 [ 0  0  0 ...  0 12  0]
 [ 0  0  0 ...  0  0  9]]

===multilabel confusion matrix===

[[[6263    6]
  [   1    9]]

 [[6251    3]
  [   1   24]]

 [[6260    2]
  [   1   16]]

 ...

 [[6269    0]
  [   0   10]]

 [[6267    0]
  [   0   12]]

 [[6267    1]
  [   2    9]]]

===scores report===
metrics	scores
Accuracy	0.7906
MCC	0.7891
log_loss	0.9508
f1 score weighted	0.7861
f1 score macro	0.7792
f1 score micro	0.7906
roc_auc ovr	0.9936
roc_auc ovo	0.9941
precision	0.8062
recall	0.7906

===TRAIN MODELS with CV===

train_model_cv	Accuracy	MCC	log_loss	f1 score weighted	f1 score macro	f1 score micro	roc_auc ovr	roc_auc ovo	precision	recall
0	0.825	0.8237341547094333	0.7934657529991429	0.824494452384776	0.8230566927935604	0.825	0.9947846479466566	0.9953508270337388	0.8390100556332957	0.825
1	0.7803790412486065	0.7788417147559504	0.9749663124842335	0.7750179766882586	0.7714141298149454	0.7803790412486065	0.9937755141264393	0.9941294708713805	0.7949819544526017	0.7803790412486065
2	0.7708233795190317	0.7692507544076082	1.0059098148742438	0.762841007913862	0.742117233253741	0.7708233795190317	0.9931224483059233	0.9937327857605904	0.7852587758234009	0.7708233795190317
3	0.8219461697722568	0.8206600552949448	0.7892976260184483	0.8193755492709428	0.8188264962511789	0.8219461697722568	0.9954025558302215	0.9960712831648527	0.8344782073037654	0.8219461697722568
4	0.7905717470934862	0.7890967290014448	0.9508043466725027	0.7861463028593195	0.7791756813732951	0.7905717470934862	0.9936068079043021	0.9941122480915889	0.8061918411969854	0.7905717470934862
mean	0.7977440675266763	0.7963166816338763	0.9028887706097143	0.7935750578234317	0.7869180466973441	0.7977440675266763	0.9941383948227086	0.9946793229844303	0.8119841668820099	0.7977440675266763
std	0.021937809229434294	0.02206528618018857	0.09271543015702767	0.024354908348796243	0.030435438026462116	0.021937809229434294	0.0008321250542607779	0.0008841170543033514	0.021322538820994764	0.021937809229434294

Accuracy
MCC
log_loss
f1 score weighted
f1 score macro
f1 score micro
roc_auc ovr
roc_auc ovo
precision
recallFinished train_model_cv in 15685.3353 secs

