/home/amsequeira/enzymeClassification/models/embedding/bi_attetion_emb5_90_3_new
self
x_train
y_train
x_test
y_test
number_classes
problem_type
x_dval
y_dval
model
epochs
batch_size
callbacks
reduce_lr
early_stopping
checkpoint
tensorboard
early_stopping_patience
reduce_lr_patience
reduce_lr_factor
reduce_lr_min
path
report_name
verbose
validation_split
shuffle
class_weights
===Callbacks===

generate_callbacks
[<tensorflow.python.keras.callbacks.EarlyStopping object at 0x7fce7c08d940>, <tensorflow.python.keras.callbacks.ReduceLROnPlateau object at 0x7fce7c08d6a0>, <tensorflow.python.keras.callbacks.ModelCheckpoint object at 0x7fce7c08d970>]
===SCORING TEST SET ===

model_complete_evaluate
{'self': <deep_ml.DeepML object at 0x7fce7c08d5e0>, 'x_test': array([[13, 13,  2, ...,  0,  0,  0],
       [13, 12,  3, ...,  0,  0,  0],
       [13, 16,  8, ...,  0,  0,  0],
       ...,
       [13, 11, 17, ...,  0,  0,  0],
       [12, 12, 11, ..., 16,  9, 20],
       [11, 11,  2, ...,  1, 16,  1]], dtype=int8), 'y_test': array([ 56.,  56.,  56., ...,  50.,  46., 153.], dtype=float32), 'model': None}
report

              precision    recall  f1-score   support

         0.0       0.83      0.88      0.85       825
         1.0       0.00      0.00      0.00        14
         2.0       0.67      0.65      0.66        31
         3.0       0.00      0.00      0.00        11
         4.0       0.77      0.65      0.71        52
         5.0       0.63      0.77      0.69       176
         6.0       0.80      0.52      0.63       102
         7.0       0.79      0.27      0.40        97
         8.0       0.75      0.21      0.33        14
         9.0       0.62      0.34      0.44        70
        10.0       0.89      0.79      0.84       104
        11.0       0.00      0.00      0.00        18
        12.0       0.00      0.00      0.00        14
        13.0       0.66      0.58      0.62        43
        14.0       0.64      0.53      0.58        34
        15.0       0.95      0.84      0.89        64
        16.0       0.38      0.23      0.29        13
        17.0       0.75      0.47      0.58        19
        18.0       0.82      0.89      0.85        72
        19.0       0.54      0.23      0.33        30
        20.0       0.96      0.98      0.97        94
        21.0       0.65      0.78      0.71        46
        22.0       0.85      0.68      0.76        25
        23.0       0.72      0.97      0.83       345
        24.0       0.71      0.57      0.63        30
        25.0       0.00      0.00      0.00        20
        26.0       0.80      0.63      0.71       167
        27.0       0.74      0.72      0.73        36
        28.0       1.00      0.77      0.87        61
        29.0       0.80      0.84      0.82        63
        30.0       0.67      0.55      0.60        11
        31.0       1.00      0.09      0.17        11
        32.0       0.52      0.35      0.42        40
        33.0       0.77      0.66      0.71        73
        34.0       0.97      1.00      0.98        57
        35.0       1.00      0.87      0.93        15
        36.0       0.46      0.22      0.30        50
        37.0       1.00      0.79      0.88        19
        38.0       0.85      0.59      0.69        29
        39.0       0.99      0.83      0.90       101
        40.0       0.71      0.42      0.53        12
        41.0       0.93      1.00      0.97        14
        42.0       0.66      0.88      0.76        67
        43.0       0.80      0.84      0.82        76
        44.0       0.85      1.00      0.92        11
        45.0       0.91      0.86      0.89        37
        46.0       0.88      0.87      0.88      1613
        47.0       0.87      0.99      0.93       299
        48.0       0.95      0.97      0.96       244
        49.0       0.86      0.93      0.89       168
        50.0       0.53      0.88      0.67      1024
        51.0       0.44      0.79      0.57       353
        52.0       0.96      0.76      0.84        86
        53.0       0.53      0.87      0.66       607
        54.0       0.98      0.88      0.93       543
        55.0       0.92      0.85      0.88        78
        56.0       0.96      0.84      0.89       954
        57.0       0.88      0.89      0.89       247
        58.0       1.00      0.88      0.94        34
        59.0       0.87      0.81      0.84       877
        60.0       0.93      0.84      0.88        77
        61.0       0.95      0.82      0.88       566
        62.0       0.78      0.58      0.67        24
        63.0       0.71      0.65      0.68        55
        64.0       0.94      0.98      0.96       254
        65.0       1.00      0.07      0.13        14
        66.0       0.98      0.94      0.96       456
        67.0       0.89      0.66      0.76        38
        68.0       0.86      0.83      0.84      1189
        69.0       0.90      0.86      0.88       224
        70.0       0.83      0.53      0.65        19
        71.0       0.99      0.93      0.96       358
        72.0       0.87      0.41      0.55        32
        73.0       0.00      0.00      0.00        13
        74.0       0.97      0.94      0.95       127
        75.0       0.89      0.67      0.76        12
        76.0       0.82      0.78      0.80       460
        77.0       0.73      0.87      0.80       103
        78.0       0.47      0.13      0.21        52
        79.0       0.75      0.65      0.70        83
        80.0       1.00      0.31      0.48        80
        81.0       0.93      0.80      0.86        84
        82.0       0.99      0.85      0.91       335
        83.0       1.00      0.09      0.16        23
        84.0       0.92      0.65      0.76       518
        85.0       0.27      0.03      0.06        87
        86.0       0.00      0.00      0.00        13
        87.0       0.58      0.73      0.65       480
        88.0       0.76      0.64      0.70       126
        89.0       0.96      0.88      0.92        25
        90.0       0.67      0.76      0.72       152
        91.0       0.67      0.10      0.17        20
        92.0       0.91      0.36      0.51        28
        93.0       0.88      0.52      0.66        42
        94.0       0.00      0.00      0.00        34
        95.0       0.49      0.23      0.32        99
        96.0       0.93      0.81      0.87       415
        97.0       0.86      0.36      0.51       118
        98.0       0.85      0.57      0.68        99
        99.0       0.45      0.63      0.53       253
       100.0       0.88      0.92      0.90       116
       101.0       0.82      0.74      0.78       423
       102.0       0.82      0.70      0.75        99
       103.0       0.95      0.63      0.76        60
       104.0       0.48      0.82      0.60       266
       105.0       0.74      0.84      0.78        37
       106.0       0.67      0.89      0.76       494
       107.0       1.00      0.86      0.92        14
       108.0       0.79      0.89      0.83       610
       109.0       0.92      0.85      0.88       206
       110.0       0.53      0.45      0.49        22
       111.0       0.92      0.82      0.87       534
       112.0       0.65      0.56      0.60        98
       113.0       0.88      0.62      0.73        86
       114.0       0.93      0.80      0.86       109
       115.0       0.97      0.85      0.91       858
       116.0       0.86      0.31      0.46        61
       117.0       0.98      0.92      0.95       209
       118.0       0.00      0.00      0.00        13
       119.0       0.94      0.72      0.82        65
       120.0       0.98      0.89      0.93       156
       121.0       0.99      0.95      0.97        84
       122.0       0.84      0.49      0.62        55
       123.0       0.92      0.71      0.80       154
       124.0       0.89      0.79      0.84        52
       125.0       0.84      0.88      0.86       147
       126.0       0.93      0.49      0.64        77
       127.0       0.88      0.74      0.80        19
       128.0       0.71      0.87      0.78       198
       129.0       0.98      0.87      0.92       450
       130.0       1.00      0.27      0.43        11
       131.0       0.64      0.49      0.55        43
       132.0       0.90      0.56      0.69        16
       133.0       0.97      0.96      0.96       204
       134.0       0.83      0.91      0.87        76
       135.0       0.94      0.76      0.84       255
       136.0       0.00      0.00      0.00        20
       137.0       1.00      0.77      0.87        13
       138.0       0.63      0.66      0.64        67
       139.0       0.97      0.96      0.96      1464
       140.0       0.94      0.82      0.88       146
       141.0       0.87      0.91      0.89        99
       142.0       0.94      0.88      0.91       455
       143.0       0.95      0.88      0.91        82
       144.0       0.93      0.96      0.94       411
       145.0       0.91      0.94      0.92       406
       146.0       0.29      0.17      0.21        12
       147.0       0.99      0.89      0.93       149
       148.0       0.91      0.94      0.93       703
       149.0       0.98      0.95      0.97       195
       150.0       0.92      0.73      0.81        33
       151.0       0.90      0.79      0.84        68
       152.0       0.91      0.92      0.91        93
       153.0       1.00      0.94      0.97        33
       154.0       0.85      0.94      0.89        49
       155.0       0.85      0.90      0.88       154

    accuracy                           0.82     28656
   macro avg       0.77      0.66      0.69     28656
weighted avg       0.84      0.82      0.82     28656


===confusion_matrix===

[[726   0   0 ...   0   0   0]
 [  2   0   0 ...   0   0   0]
 [  0   0  20 ...   0   0   0]
 ...
 [  0   0   0 ...  31   0   1]
 [  0   0   0 ...   0  46   2]
 [  0   0   0 ...   0   6 139]]

===multilabel confusion matrix===

[[[27678   153]
  [   99   726]]

 [[28642     0]
  [   14     0]]

 [[28615    10]
  [   11    20]]

 [[28645     0]
  [   11     0]]

 [[28594    10]
  [   18    34]]

 [[28400    80]
  [   40   136]]

 [[28541    13]
  [   49    53]]

 [[28552     7]
  [   71    26]]

 [[28641     1]
  [   11     3]]

 [[28571    15]
  [   46    24]]

 [[28542    10]
  [   22    82]]

 [[28638     0]
  [   18     0]]

 [[28642     0]
  [   14     0]]

 [[28600    13]
  [   18    25]]

 [[28612    10]
  [   16    18]]

 [[28589     3]
  [   10    54]]

 [[28638     5]
  [   10     3]]

 [[28634     3]
  [   10     9]]

 [[28570    14]
  [    8    64]]

 [[28620     6]
  [   23     7]]

 [[28558     4]
  [    2    92]]

 [[28591    19]
  [   10    36]]

 [[28628     3]
  [    8    17]]

 [[28182   129]
  [   11   334]]

 [[28619     7]
  [   13    17]]

 [[28636     0]
  [   20     0]]

 [[28462    27]
  [   61   106]]

 [[28611     9]
  [   10    26]]

 [[28595     0]
  [   14    47]]

 [[28580    13]
  [   10    53]]

 [[28642     3]
  [    5     6]]

 [[28645     0]
  [   10     1]]

 [[28603    13]
  [   26    14]]

 [[28569    14]
  [   25    48]]

 [[28597     2]
  [    0    57]]

 [[28641     0]
  [    2    13]]

 [[28593    13]
  [   39    11]]

 [[28637     0]
  [    4    15]]

 [[28624     3]
  [   12    17]]

 [[28554     1]
  [   17    84]]

 [[28642     2]
  [    7     5]]

 [[28641     1]
  [    0    14]]

 [[28559    30]
  [    8    59]]

 [[28564    16]
  [   12    64]]

 [[28643     2]
  [    0    11]]

 [[28616     3]
  [    5    32]]

 [[26856   187]
  [  202  1411]]

 [[28314    43]
  [    4   295]]

 [[28399    13]
  [    7   237]]

 [[28462    26]
  [   11   157]]

 [[26841   791]
  [  118   906]]

 [[27948   355]
  [   73   280]]

 [[28567     3]
  [   21    65]]

 [[27584   465]
  [   78   529]]

 [[28104     9]
  [   64   479]]

 [[28572     6]
  [   12    66]]

 [[27666    36]
  [  157   797]]

 [[28380    29]
  [   26   221]]

 [[28622     0]
  [    4    30]]

 [[27677   102]
  [  167   710]]

 [[28574     5]
  [   12    65]]

 [[28068    22]
  [  100   466]]

 [[28628     4]
  [   10    14]]

 [[28586    15]
  [   19    36]]

 [[28386    16]
  [    4   250]]

 [[28642     0]
  [   13     1]]

 [[28192     8]
  [   29   427]]

 [[28615     3]
  [   13    25]]

 [[27307   160]
  [  203   986]]

 [[28410    22]
  [   32   192]]

 [[28635     2]
  [    9    10]]

 [[28295     3]
  [   25   333]]

 [[28622     2]
  [   19    13]]

 [[28643     0]
  [   13     0]]

 [[28525     4]
  [    8   119]]

 [[28643     1]
  [    4     8]]

 [[28115    81]
  [  101   359]]

 [[28520    33]
  [   13    90]]

 [[28596     8]
  [   45     7]]

 [[28555    18]
  [   29    54]]

 [[28576     0]
  [   55    25]]

 [[28567     5]
  [   17    67]]

 [[28318     3]
  [   51   284]]

 [[28633     0]
  [   21     2]]

 [[28107    31]
  [  181   337]]

 [[28561     8]
  [   84     3]]

 [[28643     0]
  [   13     0]]

 [[27919   257]
  [  129   351]]

 [[28504    26]
  [   45    81]]

 [[28630     1]
  [    3    22]]

 [[28448    56]
  [   36   116]]

 [[28635     1]
  [   18     2]]

 [[28627     1]
  [   18    10]]

 [[28611     3]
  [   20    22]]

 [[28621     1]
  [   34     0]]

 [[28533    24]
  [   76    23]]

 [[28217    24]
  [   79   336]]

 [[28531     7]
  [   75    43]]

 [[28547    10]
  [   43    56]]

 [[28211   192]
  [   94   159]]

 [[28525    15]
  [    9   107]]

 [[28165    68]
  [  110   313]]

 [[28542    15]
  [   30    69]]

 [[28594     2]
  [   22    38]]

 [[28152   238]
  [   48   218]]

 [[28608    11]
  [    6    31]]

 [[27943   219]
  [   55   439]]

 [[28642     0]
  [    2    12]]

 [[27898   148]
  [   69   541]]

 [[28434    16]
  [   30   176]]

 [[28625     9]
  [   12    10]]

 [[28083    39]
  [   94   440]]

 [[28529    29]
  [   43    55]]

 [[28563     7]
  [   33    53]]

 [[28540     7]
  [   22    87]]

 [[27779    19]
  [  132   726]]

 [[28592     3]
  [   42    19]]

 [[28444     3]
  [   17   192]]

 [[28643     0]
  [   13     0]]

 [[28588     3]
  [   18    47]]

 [[28497     3]
  [   17   139]]

 [[28571     1]
  [    4    80]]

 [[28596     5]
  [   28    27]]

 [[28492    10]
  [   45   109]]

 [[28599     5]
  [   11    41]]

 [[28485    24]
  [   18   129]]

 [[28576     3]
  [   39    38]]

 [[28635     2]
  [    5    14]]

 [[28388    70]
  [   25   173]]

 [[28198     8]
  [   60   390]]

 [[28645     0]
  [    8     3]]

 [[28601    12]
  [   22    21]]

 [[28639     1]
  [    7     9]]

 [[28446     6]
  [    9   195]]

 [[28566    14]
  [    7    69]]

 [[28388    13]
  [   62   193]]

 [[28636     0]
  [   20     0]]

 [[28643     0]
  [    3    10]]

 [[28563    26]
  [   23    44]]

 [[27148    44]
  [   60  1404]]

 [[28502     8]
  [   26   120]]

 [[28543    14]
  [    9    90]]

 [[28175    26]
  [   54   401]]

 [[28570     4]
  [   10    72]]

 [[28215    30]
  [   16   395]]

 [[28210    40]
  [   23   383]]

 [[28639     5]
  [   10     2]]

 [[28505     2]
  [   17   132]]

 [[27891    62]
  [   40   663]]

 [[28457     4]
  [    9   186]]

 [[28621     2]
  [    9    24]]

 [[28582     6]
  [   14    54]]

 [[28554     9]
  [    7    86]]

 [[28623     0]
  [    2    31]]

 [[28599     8]
  [    3    46]]

 [[28478    24]
  [   15   139]]]

===scores report===
metrics	scores
Accuracy	0.8209
MCC	0.8176
log_loss	0.8373
f1 score weighted	0.8193
f1 score macro	0.6913
f1 score micro	0.8209
roc_auc ovr	0.9923
roc_auc ovo	0.9890
precision	0.8395
recall	0.8209

===Callbacks===

generate_callbacks
[<tensorflow.python.keras.callbacks.EarlyStopping object at 0x7fce7c08d940>, <tensorflow.python.keras.callbacks.ReduceLROnPlateau object at 0x7fce7c08d6a0>, <tensorflow.python.keras.callbacks.ModelCheckpoint object at 0x7fce7c08d970>]
===SCORING TEST SET ===

model_complete_evaluate
{'self': <deep_ml.DeepML object at 0x7fce7c08d5e0>, 'x_test': array([[13,  7,  1, ...,  0,  0,  0],
       [13,  7, 17, ...,  0,  0,  0],
       [13,  3, 16, ...,  0,  0,  0],
       ...,
       [13,  4, 11, ...,  0,  0,  0],
       [20,  2,  1, ...,  7,  6,  6],
       [20,  6, 15, ...,  4,  2,  3]], dtype=int8), 'y_test': array([56., 56., 56., ..., 98., 51., 88.], dtype=float32), 'model': None}
report

              precision    recall  f1-score   support

         0.0       0.85      0.92      0.89       825
         1.0       1.00      0.14      0.25        14
         2.0       0.63      0.55      0.59        31
         3.0       0.00      0.00      0.00        12
         4.0       0.97      0.71      0.82        52
         5.0       0.73      0.73      0.73       176
         6.0       0.62      0.44      0.51       102
         7.0       0.35      0.46      0.40        97
         8.0       0.43      0.21      0.29        14
         9.0       0.57      0.17      0.26        70
        10.0       0.88      0.73      0.80       104
        11.0       1.00      0.11      0.20        18
        12.0       1.00      0.07      0.13        14
        13.0       0.72      0.62      0.67        42
        14.0       0.88      0.44      0.59        34
        15.0       0.93      0.59      0.72        64
        16.0       1.00      0.14      0.25        14
        17.0       0.26      0.32      0.29        19
        18.0       0.83      0.90      0.87        72
        19.0       0.56      0.29      0.38        31
        20.0       0.81      0.97      0.88        94
        21.0       0.86      0.82      0.84        45
        22.0       0.90      0.76      0.83        25
        23.0       0.97      0.95      0.96       346
        24.0       0.79      0.73      0.76        30
        25.0       0.50      0.05      0.10        19
        26.0       0.60      0.65      0.62       167
        27.0       0.95      0.56      0.70        36
        28.0       0.90      0.95      0.93        60
        29.0       0.87      0.74      0.80        62
        30.0       0.44      0.36      0.40        11
        31.0       0.00      0.00      0.00        11
        32.0       0.71      0.50      0.59        40
        33.0       0.66      0.68      0.67        74
        34.0       0.92      0.98      0.95        56
        35.0       0.79      0.94      0.86        16
        36.0       0.45      0.10      0.16        51
        37.0       0.67      0.74      0.70        19
        38.0       0.89      0.59      0.71        29
        39.0       0.61      0.93      0.74       101
        40.0       1.00      0.08      0.15        12
        41.0       1.00      1.00      1.00        13
        42.0       0.88      0.78      0.83        67
        43.0       0.95      0.91      0.93        76
        44.0       0.91      0.83      0.87        12
        45.0       1.00      0.83      0.91        36
        46.0       0.89      0.89      0.89      1613
        47.0       0.89      0.96      0.92       299
        48.0       0.94      0.98      0.96       243
        49.0       0.97      0.85      0.91       169
        50.0       0.78      0.80      0.79      1024
        51.0       0.81      0.53      0.64       352
        52.0       0.91      0.92      0.91        86
        53.0       0.94      0.61      0.74       607
        54.0       0.98      0.88      0.93       543
        55.0       0.97      0.83      0.90        78
        56.0       0.93      0.83      0.88       954
        57.0       0.86      0.90      0.88       247
        58.0       0.94      0.94      0.94        34
        59.0       0.89      0.82      0.85       877
        60.0       0.97      0.73      0.83        77
        61.0       0.70      0.87      0.78       565
        62.0       0.86      0.25      0.39        24
        63.0       0.91      0.55      0.68        55
        64.0       0.96      0.95      0.96       255
        65.0       0.29      0.14      0.19        14
        66.0       0.91      0.93      0.92       457
        67.0       0.97      0.81      0.88        37
        68.0       0.67      0.87      0.76      1189
        69.0       0.97      0.81      0.89       224
        70.0       0.93      0.65      0.76        20
        71.0       0.64      0.96      0.77       358
        72.0       0.93      0.44      0.60        32
        73.0       0.00      0.00      0.00        13
        74.0       0.98      0.94      0.96       128
        75.0       0.92      0.85      0.88        13
        76.0       0.83      0.70      0.76       460
        77.0       0.73      0.84      0.78       104
        78.0       0.42      0.21      0.28        52
        79.0       0.89      0.57      0.70        84
        80.0       0.27      0.50      0.35        80
        81.0       0.94      0.77      0.85        83
        82.0       0.67      0.91      0.77       335
        83.0       0.40      0.08      0.14        24
        84.0       0.54      0.81      0.65       518
        85.0       0.20      0.02      0.04        88
        86.0       0.12      0.08      0.10        13
        87.0       0.77      0.47      0.59       480
        88.0       0.58      0.63      0.61       126
        89.0       1.00      0.96      0.98        25
        90.0       0.85      0.77      0.81       153
        91.0       0.50      0.20      0.29        20
        92.0       0.90      0.33      0.49        27
        93.0       1.00      0.60      0.75        42
        94.0       0.80      0.12      0.21        34
        95.0       0.38      0.43      0.41        99
        96.0       0.95      0.83      0.89       416
        97.0       0.88      0.39      0.54       118
        98.0       0.99      0.70      0.82        99
        99.0       0.69      0.54      0.61       253
       100.0       0.94      0.89      0.91       115
       101.0       0.54      0.78      0.64       423
       102.0       0.93      0.77      0.84        99
       103.0       0.90      0.62      0.74        61
       104.0       0.67      0.84      0.74       266
       105.0       0.91      0.81      0.85        36
       106.0       0.91      0.76      0.82       494
       107.0       0.93      0.93      0.93        14
       108.0       0.73      0.87      0.79       610
       109.0       0.96      0.84      0.89       206
       110.0       1.00      0.27      0.43        22
       111.0       0.96      0.83      0.89       535
       112.0       0.33      0.66      0.44        98
       113.0       0.46      0.60      0.52        86
       114.0       0.88      0.92      0.90       109
       115.0       0.86      0.90      0.88       858
       116.0       0.81      0.21      0.34        61
       117.0       0.97      0.83      0.90       208
       118.0       0.40      0.15      0.22        13
       119.0       0.60      0.66      0.63        65
       120.0       0.87      0.90      0.89       157
       121.0       1.00      0.96      0.98        84
       122.0       0.52      0.44      0.48        55
       123.0       0.95      0.73      0.82       154
       124.0       0.96      0.92      0.94        52
       125.0       0.95      0.87      0.91       147
       126.0       0.94      0.57      0.71        77
       127.0       1.00      0.78      0.88        18
       128.0       0.74      0.86      0.79       197
       129.0       0.98      0.91      0.94       449
       130.0       0.62      0.73      0.67        11
       131.0       0.73      0.56      0.63        43
       132.0       0.82      0.60      0.69        15
       133.0       0.86      0.98      0.91       204
       134.0       0.99      0.95      0.97        76
       135.0       0.91      0.79      0.85       255
       136.0       0.43      0.16      0.23        19
       137.0       1.00      0.85      0.92        13
       138.0       0.43      0.54      0.48        67
       139.0       0.83      0.98      0.90      1463
       140.0       0.99      0.78      0.87       147
       141.0       0.79      0.89      0.84        99
       142.0       0.90      0.90      0.90       455
       143.0       0.97      0.95      0.96        82
       144.0       0.95      0.94      0.94       410
       145.0       0.75      0.96      0.84       406
       146.0       0.10      0.08      0.09        12
       147.0       1.00      0.87      0.93       149
       148.0       0.97      0.91      0.94       702
       149.0       0.97      0.96      0.97       196
       150.0       1.00      0.62      0.77        32
       151.0       0.95      0.84      0.89        69
       152.0       0.67      0.97      0.79        93
       153.0       0.96      0.84      0.90        32
       154.0       0.87      0.69      0.77        49
       155.0       0.87      0.84      0.86       154

    accuracy                           0.81     28655
   macro avg       0.78      0.66      0.69     28655
weighted avg       0.83      0.81      0.81     28655


===confusion_matrix===

[[762   0   0 ...   0   0   0]
 [  1   2   0 ...   0   0   0]
 [  0   0  17 ...   0   0   0]
 ...
 [  0   0   0 ...  27   1   0]
 [  0   0   0 ...   0  34   6]
 [  0   0   0 ...   0   2 130]]

===multilabel confusion matrix===

[[[27696   134]
  [   63   762]]

 [[28641     0]
  [   12     2]]

 [[28614    10]
  [   14    17]]

 [[28643     0]
  [   12     0]]

 [[28602     1]
  [   15    37]]

 [[28432    47]
  [   48   128]]

 [[28525    28]
  [   57    45]]

 [[28475    83]
  [   52    45]]

 [[28637     4]
  [   11     3]]

 [[28576     9]
  [   58    12]]

 [[28541    10]
  [   28    76]]

 [[28637     0]
  [   16     2]]

 [[28641     0]
  [   13     1]]

 [[28603    10]
  [   16    26]]

 [[28619     2]
  [   19    15]]

 [[28588     3]
  [   26    38]]

 [[28641     0]
  [   12     2]]

 [[28619    17]
  [   13     6]]

 [[28570    13]
  [    7    65]]

 [[28617     7]
  [   22     9]]

 [[28540    21]
  [    3    91]]

 [[28604     6]
  [    8    37]]

 [[28628     2]
  [    6    19]]

 [[28298    11]
  [   16   330]]

 [[28619     6]
  [    8    22]]

 [[28635     1]
  [   18     1]]

 [[28415    73]
  [   59   108]]

 [[28618     1]
  [   16    20]]

 [[28589     6]
  [    3    57]]

 [[28586     7]
  [   16    46]]

 [[28639     5]
  [    7     4]]

 [[28642     2]
  [   11     0]]

 [[28607     8]
  [   20    20]]

 [[28555    26]
  [   24    50]]

 [[28594     5]
  [    1    55]]

 [[28635     4]
  [    1    15]]

 [[28598     6]
  [   46     5]]

 [[28629     7]
  [    5    14]]

 [[28624     2]
  [   12    17]]

 [[28495    59]
  [    7    94]]

 [[28643     0]
  [   11     1]]

 [[28642     0]
  [    0    13]]

 [[28581     7]
  [   15    52]]

 [[28575     4]
  [    7    69]]

 [[28642     1]
  [    2    10]]

 [[28619     0]
  [    6    30]]

 [[26859   183]
  [  173  1440]]

 [[28321    35]
  [   12   287]]

 [[28398    14]
  [    4   239]]

 [[28482     4]
  [   26   143]]

 [[27397   234]
  [  206   818]]

 [[28260    43]
  [  167   185]]

 [[28561     8]
  [    7    79]]

 [[28023    25]
  [  235   372]]

 [[28101    11]
  [   66   477]]

 [[28575     2]
  [   13    65]]

 [[27641    60]
  [  165   789]]

 [[28371    37]
  [   24   223]]

 [[28619     2]
  [    2    32]]

 [[27692    86]
  [  162   715]]

 [[28576     2]
  [   21    56]]

 [[27880   210]
  [   71   494]]

 [[28630     1]
  [   18     6]]

 [[28597     3]
  [   25    30]]

 [[28391     9]
  [   12   243]]

 [[28636     5]
  [   12     2]]

 [[28158    40]
  [   32   425]]

 [[28617     1]
  [    7    30]]

 [[26961   505]
  [  151  1038]]

 [[28426     5]
  [   42   182]]

 [[28634     1]
  [    7    13]]

 [[28103   194]
  [   16   342]]

 [[28622     1]
  [   18    14]]

 [[28642     0]
  [   13     0]]

 [[28525     2]
  [    8   120]]

 [[28641     1]
  [    2    11]]

 [[28127    68]
  [  137   323]]

 [[28519    32]
  [   17    87]]

 [[28588    15]
  [   41    11]]

 [[28565     6]
  [   36    48]]

 [[28466   109]
  [   40    40]]

 [[28568     4]
  [   19    64]]

 [[28170   150]
  [   30   305]]

 [[28628     3]
  [   22     2]]

 [[27787   350]
  [  101   417]]

 [[28559     8]
  [   86     2]]

 [[28635     7]
  [   12     1]]

 [[28105    70]
  [  252   228]]

 [[28472    57]
  [   46    80]]

 [[28630     0]
  [    1    24]]

 [[28481    21]
  [   35   118]]

 [[28631     4]
  [   16     4]]

 [[28627     1]
  [   18     9]]

 [[28613     0]
  [   17    25]]

 [[28620     1]
  [   30     4]]

 [[28487    69]
  [   56    43]]

 [[28220    19]
  [   70   346]]

 [[28531     6]
  [   72    46]]

 [[28555     1]
  [   30    69]]

 [[28340    62]
  [  116   137]]

 [[28533     7]
  [   13   102]]

 [[27945   287]
  [   91   332]]

 [[28550     6]
  [   23    76]]

 [[28590     4]
  [   23    38]]

 [[28277   112]
  [   43   223]]

 [[28616     3]
  [    7    29]]

 [[28122    39]
  [  121   373]]

 [[28640     1]
  [    1    13]]

 [[27848   197]
  [   81   529]]

 [[28441     8]
  [   33   173]]

 [[28633     0]
  [   16     6]]

 [[28100    20]
  [   89   446]]

 [[28424   133]
  [   33    65]]

 [[28507    62]
  [   34    52]]

 [[28533    13]
  [    9   100]]

 [[27669   128]
  [   83   775]]

 [[28591     3]
  [   48    13]]

 [[28442     5]
  [   35   173]]

 [[28639     3]
  [   11     2]]

 [[28561    29]
  [   22    43]]

 [[28477    21]
  [   15   142]]

 [[28571     0]
  [    3    81]]

 [[28578    22]
  [   31    24]]

 [[28495     6]
  [   42   112]]

 [[28601     2]
  [    4    48]]

 [[28501     7]
  [   19   128]]

 [[28575     3]
  [   33    44]]

 [[28637     0]
  [    4    14]]

 [[28398    60]
  [   28   169]]

 [[28196    10]
  [   41   408]]

 [[28639     5]
  [    3     8]]

 [[28603     9]
  [   19    24]]

 [[28638     2]
  [    6     9]]

 [[28419    32]
  [    5   199]]

 [[28578     1]
  [    4    72]]

 [[28379    21]
  [   53   202]]

 [[28632     4]
  [   16     3]]

 [[28642     0]
  [    2    11]]

 [[28540    48]
  [   31    36]]

 [[26903   289]
  [   23  1440]]

 [[28507     1]
  [   32   115]]

 [[28533    23]
  [   11    88]]

 [[28153    47]
  [   46   409]]

 [[28571     2]
  [    4    78]]

 [[28226    19]
  [   26   384]]

 [[28120   129]
  [   17   389]]

 [[28634     9]
  [   11     1]]

 [[28506     0]
  [   20   129]]

 [[27934    19]
  [   61   641]]

 [[28454     5]
  [    8   188]]

 [[28623     0]
  [   12    20]]

 [[28583     3]
  [   11    58]]

 [[28518    44]
  [    3    90]]

 [[28622     1]
  [    5    27]]

 [[28601     5]
  [   15    34]]

 [[28482    19]
  [   24   130]]]

===scores report===
metrics	scores
Accuracy	0.8128
MCC	0.8091
log_loss	0.8845
f1 score weighted	0.8090
f1 score macro	0.6885
f1 score micro	0.8128
roc_auc ovr	0.9914
roc_auc ovo	0.9877
precision	0.8276
recall	0.8128

===Callbacks===

generate_callbacks
[<tensorflow.python.keras.callbacks.EarlyStopping object at 0x7fce7c08d940>, <tensorflow.python.keras.callbacks.ReduceLROnPlateau object at 0x7fce7c08d6a0>, <tensorflow.python.keras.callbacks.ModelCheckpoint object at 0x7fce7c08d970>]
===SCORING TEST SET ===

model_complete_evaluate
{'self': <deep_ml.DeepML object at 0x7fce7c08d5e0>, 'x_test': array([[13,  2,  3, ...,  0,  0,  0],
       [13,  1,  1, ...,  0,  0,  0],
       [13,  3, 10, ...,  0,  0,  0],
       ...,
       [13,  1, 20, ...,  0,  0,  0],
       [17, 19, 16, ...,  6, 14,  4],
       [13, 16, 11, ...,  0,  0,  0]], dtype=int8), 'y_test': array([ 56.,  56.,  56., ...,  51.,  96., 109.], dtype=float32), 'model': None}
report

              precision    recall  f1-score   support

         0.0       0.89      0.88      0.89       825
         1.0       0.00      0.00      0.00        14
         2.0       0.77      0.62      0.69        32
         3.0       0.00      0.00      0.00        12
         4.0       0.89      0.60      0.71        52
         5.0       0.66      0.70      0.68       176
         6.0       0.72      0.43      0.54       102
         7.0       1.00      0.13      0.24        97
         8.0       0.60      0.21      0.32        14
         9.0       0.62      0.38      0.47        69
        10.0       0.53      0.77      0.63       104
        11.0       0.00      0.00      0.00        18
        12.0       0.50      0.07      0.12        15
        13.0       0.90      0.64      0.75        42
        14.0       0.75      0.35      0.48        34
        15.0       0.58      0.80      0.67        64
        16.0       1.00      0.08      0.14        13
        17.0       0.60      0.32      0.41        19
        18.0       0.88      0.82      0.85        71
        19.0       1.00      0.19      0.32        31
        20.0       1.00      0.97      0.98        94
        21.0       0.73      0.87      0.79        46
        22.0       0.86      0.72      0.78        25
        23.0       0.97      0.90      0.94       346
        24.0       0.92      0.71      0.80        31
        25.0       0.00      0.00      0.00        20
        26.0       0.92      0.52      0.66       167
        27.0       0.85      0.47      0.61        36
        28.0       0.95      0.92      0.93        60
        29.0       0.92      0.76      0.83        62
        30.0       0.00      0.00      0.00        11
        31.0       0.00      0.00      0.00        12
        32.0       0.67      0.25      0.36        40
        33.0       0.88      0.77      0.82        74
        34.0       1.00      0.98      0.99        56
        35.0       0.93      0.88      0.90        16
        36.0       0.62      0.10      0.17        51
        37.0       0.70      1.00      0.83        19
        38.0       1.00      0.69      0.82        29
        39.0       0.94      0.87      0.90       101
        40.0       0.00      0.00      0.00        12
        41.0       1.00      0.77      0.87        13
        42.0       0.79      0.84      0.81        67
        43.0       0.89      0.76      0.82        76
        44.0       1.00      1.00      1.00        11
        45.0       0.90      0.70      0.79        37
        46.0       0.93      0.86      0.90      1613
        47.0       0.99      0.91      0.95       299
        48.0       0.99      0.94      0.97       243
        49.0       0.98      0.85      0.91       169
        50.0       0.90      0.73      0.81      1023
        51.0       0.88      0.46      0.61       352
        52.0       0.94      0.78      0.85        86
        53.0       0.83      0.73      0.78       606
        54.0       0.85      0.90      0.87       543
        55.0       0.98      0.77      0.87        79
        56.0       0.85      0.90      0.88       954
        57.0       0.98      0.83      0.90       247
        58.0       0.85      1.00      0.92        34
        59.0       0.65      0.88      0.75       877
        60.0       1.00      0.78      0.88        77
        61.0       0.84      0.82      0.83       566
        62.0       1.00      0.21      0.34        24
        63.0       0.97      0.69      0.81        55
        64.0       0.97      0.94      0.95       255
        65.0       0.00      0.00      0.00        13
        66.0       0.86      0.94      0.90       457
        67.0       0.92      0.65      0.76        37
        68.0       0.54      0.90      0.67      1189
        69.0       0.85      0.84      0.84       223
        70.0       0.67      0.32      0.43        19
        71.0       0.99      0.92      0.95       357
        72.0       1.00      0.38      0.55        32
        73.0       0.00      0.00      0.00        13
        74.0       0.99      0.90      0.94       128
        75.0       1.00      0.46      0.63        13
        76.0       0.88      0.69      0.78       460
        77.0       0.92      0.77      0.84       104
        78.0       0.50      0.13      0.21        53
        79.0       0.72      0.51      0.60        83
        80.0       0.72      0.49      0.59        79
        81.0       0.95      0.68      0.79        84
        82.0       0.84      0.84      0.84       334
        83.0       0.00      0.00      0.00        24
        84.0       0.81      0.71      0.76       518
        85.0       0.16      0.10      0.12        88
        86.0       1.00      0.08      0.14        13
        87.0       0.66      0.55      0.60       480
        88.0       0.89      0.57      0.70       127
        89.0       1.00      0.96      0.98        24
        90.0       0.74      0.78      0.76       153
        91.0       0.50      0.05      0.09        20
        92.0       1.00      0.48      0.65        27
        93.0       0.94      0.71      0.81        42
        94.0       0.40      0.06      0.10        34
        95.0       0.27      0.48      0.34        99
        96.0       0.75      0.81      0.78       416
        97.0       0.49      0.55      0.52       118
        98.0       0.80      0.71      0.75        99
        99.0       0.62      0.59      0.60       253
       100.0       0.93      0.94      0.94       115
       101.0       0.67      0.79      0.73       423
       102.0       0.97      0.59      0.73        98
       103.0       0.69      0.55      0.61        60
       104.0       0.93      0.62      0.75       265
       105.0       0.97      0.86      0.91        36
       106.0       0.65      0.89      0.75       495
       107.0       1.00      0.64      0.78        14
       108.0       0.76      0.84      0.80       610
       109.0       0.94      0.86      0.90       206
       110.0       0.88      0.64      0.74        22
       111.0       0.86      0.85      0.86       535
       112.0       0.80      0.46      0.58        98
       113.0       0.86      0.43      0.57        86
       114.0       0.95      0.86      0.90       110
       115.0       0.76      0.88      0.82       858
       116.0       0.60      0.25      0.35        61
       117.0       0.82      0.90      0.86       208
       118.0       0.00      0.00      0.00        13
       119.0       0.97      0.55      0.70        66
       120.0       0.99      0.87      0.93       157
       121.0       1.00      1.00      1.00        84
       122.0       0.97      0.65      0.78        55
       123.0       0.35      0.82      0.49       153
       124.0       0.96      0.92      0.94        52
       125.0       0.98      0.86      0.92       147
       126.0       0.64      0.42      0.51        76
       127.0       1.00      0.78      0.88        18
       128.0       0.72      0.85      0.78       197
       129.0       0.92      0.94      0.93       450
       130.0       0.00      0.00      0.00        12
       131.0       0.87      0.64      0.74        42
       132.0       0.93      0.87      0.90        15
       133.0       0.94      0.97      0.95       204
       134.0       0.99      0.91      0.95        76
       135.0       0.43      0.84      0.57       256
       136.0       0.40      0.21      0.28        19
       137.0       1.00      0.77      0.87        13
       138.0       0.60      0.54      0.57        67
       139.0       0.89      0.97      0.93      1464
       140.0       0.80      0.86      0.83       147
       141.0       0.73      0.89      0.80        98
       142.0       0.96      0.83      0.89       455
       143.0       0.97      0.91      0.94        82
       144.0       0.94      0.94      0.94       410
       145.0       0.88      0.90      0.89       406
       146.0       0.00      0.00      0.00        12
       147.0       0.93      0.85      0.89       149
       148.0       0.93      0.94      0.94       702
       149.0       0.98      0.93      0.96       196
       150.0       0.90      0.84      0.87        32
       151.0       0.89      0.83      0.86        69
       152.0       0.87      0.97      0.92        93
       153.0       1.00      0.76      0.86        33
       154.0       0.76      0.94      0.84        50
       155.0       0.88      0.87      0.87       154

    accuracy                           0.81     28655
   macro avg       0.76      0.64      0.67     28655
weighted avg       0.82      0.81      0.80     28655


===confusion_matrix===

[[730   0   0 ...   0   0   0]
 [  0   0   0 ...   0   0   0]
 [  0   0  20 ...   0   0   0]
 ...
 [  0   0   0 ...  25   3   0]
 [  0   0   0 ...   0  47   1]
 [  0   0   0 ...   0   6 134]]

===multilabel confusion matrix===

[[[27737    93]
  [   95   730]]

 [[28641     0]
  [   14     0]]

 [[28617     6]
  [   12    20]]

 [[28643     0]
  [   12     0]]

 [[28599     4]
  [   21    31]]

 [[28415    64]
  [   53   123]]

 [[28536    17]
  [   58    44]]

 [[28558     0]
  [   84    13]]

 [[28639     2]
  [   11     3]]

 [[28570    16]
  [   43    26]]

 [[28481    70]
  [   24    80]]

 [[28633     4]
  [   18     0]]

 [[28639     1]
  [   14     1]]

 [[28610     3]
  [   15    27]]

 [[28617     4]
  [   22    12]]

 [[28554    37]
  [   13    51]]

 [[28642     0]
  [   12     1]]

 [[28632     4]
  [   13     6]]

 [[28576     8]
  [   13    58]]

 [[28624     0]
  [   25     6]]

 [[28561     0]
  [    3    91]]

 [[28594    15]
  [    6    40]]

 [[28627     3]
  [    7    18]]

 [[28301     8]
  [   34   312]]

 [[28622     2]
  [    9    22]]

 [[28634     1]
  [   20     0]]

 [[28480     8]
  [   80    87]]

 [[28616     3]
  [   19    17]]

 [[28592     3]
  [    5    55]]

 [[28589     4]
  [   15    47]]

 [[28644     0]
  [   11     0]]

 [[28643     0]
  [   12     0]]

 [[28610     5]
  [   30    10]]

 [[28573     8]
  [   17    57]]

 [[28599     0]
  [    1    55]]

 [[28638     1]
  [    2    14]]

 [[28601     3]
  [   46     5]]

 [[28628     8]
  [    0    19]]

 [[28626     0]
  [    9    20]]

 [[28548     6]
  [   13    88]]

 [[28641     2]
  [   12     0]]

 [[28642     0]
  [    3    10]]

 [[28573    15]
  [   11    56]]

 [[28572     7]
  [   18    58]]

 [[28644     0]
  [    0    11]]

 [[28615     3]
  [   11    26]]

 [[26939   103]
  [  223  1390]]

 [[28354     2]
  [   27   272]]

 [[28410     2]
  [   14   229]]

 [[28483     3]
  [   26   143]]

 [[27550    82]
  [  274   749]]

 [[28281    22]
  [  189   163]]

 [[28565     4]
  [   19    67]]

 [[27956    93]
  [  161   445]]

 [[28027    85]
  [   57   486]]

 [[28575     1]
  [   18    61]]

 [[27550   151]
  [   93   861]]

 [[28403     5]
  [   41   206]]

 [[28615     6]
  [    0    34]]

 [[27369   409]
  [  101   776]]

 [[28578     0]
  [   17    60]]

 [[27999    90]
  [  103   463]]

 [[28631     0]
  [   19     5]]

 [[28599     1]
  [   17    38]]

 [[28393     7]
  [   16   239]]

 [[28641     1]
  [   13     0]]

 [[28125    73]
  [   26   431]]

 [[28616     2]
  [   13    24]]

 [[26542   924]
  [  114  1075]]

 [[28398    34]
  [   35   188]]

 [[28633     3]
  [   13     6]]

 [[28294     4]
  [   28   329]]

 [[28623     0]
  [   20    12]]

 [[28642     0]
  [   13     0]]

 [[28526     1]
  [   13   115]]

 [[28642     0]
  [    7     6]]

 [[28152    43]
  [  141   319]]

 [[28544     7]
  [   24    80]]

 [[28595     7]
  [   46     7]]

 [[28556    16]
  [   41    42]]

 [[28561    15]
  [   40    39]]

 [[28568     3]
  [   27    57]]

 [[28266    55]
  [   55   279]]

 [[28631     0]
  [   24     0]]

 [[28052    85]
  [  149   369]]

 [[28519    48]
  [   79     9]]

 [[28642     0]
  [   12     1]]

 [[28036   139]
  [  215   265]]

 [[28519     9]
  [   54    73]]

 [[28631     0]
  [    1    23]]

 [[28459    43]
  [   33   120]]

 [[28634     1]
  [   19     1]]

 [[28628     0]
  [   14    13]]

 [[28611     2]
  [   12    30]]

 [[28618     3]
  [   32     2]]

 [[28423   133]
  [   51    48]]

 [[28129   110]
  [   79   337]]

 [[28468    69]
  [   53    65]]

 [[28538    18]
  [   29    70]]

 [[28311    91]
  [  104   149]]

 [[28532     8]
  [    7   108]]

 [[28066   166]
  [   87   336]]

 [[28555     2]
  [   40    58]]

 [[28580    15]
  [   27    33]]

 [[28378    12]
  [  100   165]]

 [[28618     1]
  [    5    31]]

 [[27924   236]
  [   55   440]]

 [[28641     0]
  [    5     9]]

 [[27884   161]
  [   95   515]]

 [[28438    11]
  [   28   178]]

 [[28631     2]
  [    8    14]]

 [[28046    74]
  [   78   457]]

 [[28546    11]
  [   53    45]]

 [[28563     6]
  [   49    37]]

 [[28540     5]
  [   15    95]]

 [[27564   233]
  [  100   758]]

 [[28584    10]
  [   46    15]]

 [[28405    42]
  [   20   188]]

 [[28641     1]
  [   13     0]]

 [[28588     1]
  [   30    36]]

 [[28497     1]
  [   21   136]]

 [[28571     0]
  [    0    84]]

 [[28599     1]
  [   19    36]]

 [[28273   229]
  [   28   125]]

 [[28601     2]
  [    4    48]]

 [[28506     2]
  [   21   126]]

 [[28561    18]
  [   44    32]]

 [[28637     0]
  [    4    14]]

 [[28392    66]
  [   30   167]]

 [[28167    38]
  [   28   422]]

 [[28643     0]
  [   12     0]]

 [[28609     4]
  [   15    27]]

 [[28639     1]
  [    2    13]]

 [[28439    12]
  [    7   197]]

 [[28578     1]
  [    7    69]]

 [[28113   286]
  [   42   214]]

 [[28630     6]
  [   15     4]]

 [[28642     0]
  [    3    10]]

 [[28564    24]
  [   31    36]]

 [[27019   172]
  [   51  1413]]

 [[28477    31]
  [   20   127]]

 [[28525    32]
  [   11    87]]

 [[28185    15]
  [   76   379]]

 [[28571     2]
  [    7    75]]

 [[28219    26]
  [   23   387]]

 [[28198    51]
  [   40   366]]

 [[28643     0]
  [   12     0]]

 [[28497     9]
  [   22   127]]

 [[27907    46]
  [   45   657]]

 [[28456     3]
  [   13   183]]

 [[28620     3]
  [    5    27]]

 [[28579     7]
  [   12    57]]

 [[28549    13]
  [    3    90]]

 [[28622     0]
  [    8    25]]

 [[28590    15]
  [    3    47]]

 [[28482    19]
  [   20   134]]]

===scores report===
metrics	scores
Accuracy	0.8054
MCC	0.8017
log_loss	0.9255
f1 score weighted	0.8017
f1 score macro	0.6704
f1 score micro	0.8054
roc_auc ovr	0.9908
roc_auc ovo	0.9865
precision	0.8236
recall	0.8054

===Callbacks===

generate_callbacks
[<tensorflow.python.keras.callbacks.EarlyStopping object at 0x7fce7c08d940>, <tensorflow.python.keras.callbacks.ReduceLROnPlateau object at 0x7fce7c08d6a0>, <tensorflow.python.keras.callbacks.ModelCheckpoint object at 0x7fce7c08d970>]
===SCORING TEST SET ===

model_complete_evaluate
{'self': <deep_ml.DeepML object at 0x7fce7c08d5e0>, 'x_test': array([[13, 11,  3, ...,  0,  0,  0],
       [13, 16, 20, ...,  0,  0,  0],
       [13, 19,  3, ...,  0,  0,  0],
       ...,
       [20, 20, 20, ...,  1,  7,  1],
       [17, 12, 15, ...,  3,  9, 11],
       [ 8, 15, 15, ...,  9, 17, 11]], dtype=int8), 'y_test': array([ 56.,  56.,  56., ...,  96.,  46., 108.], dtype=float32), 'model': None}
report

              precision    recall  f1-score   support

         0.0       0.90      0.89      0.89       824
         1.0       0.56      0.36      0.43        14
         2.0       0.76      0.69      0.72        32
         3.0       0.00      0.00      0.00        12
         4.0       0.94      0.63      0.76        52
         5.0       0.73      0.81      0.77       175
         6.0       0.33      0.65      0.44       101
         7.0       0.46      0.40      0.43        98
         8.0       0.57      0.29      0.38        14
         9.0       0.38      0.26      0.31        70
        10.0       0.83      0.75      0.79       104
        11.0       0.70      0.39      0.50        18
        12.0       0.83      0.33      0.48        15
        13.0       0.67      0.62      0.64        42
        14.0       0.54      0.41      0.47        34
        15.0       0.67      0.88      0.76        65
        16.0       0.60      0.23      0.33        13
        17.0       0.75      0.32      0.44        19
        18.0       0.98      0.85      0.91        72
        19.0       0.69      0.37      0.48        30
        20.0       0.98      0.96      0.97        94
        21.0       0.68      0.96      0.79        46
        22.0       1.00      0.64      0.78        25
        23.0       0.88      0.95      0.92       345
        24.0       0.96      0.80      0.87        30
        25.0       1.00      0.05      0.10        20
        26.0       0.78      0.70      0.74       168
        27.0       0.36      0.60      0.45        35
        28.0       0.98      0.79      0.87        61
        29.0       0.90      0.68      0.77        63
        30.0       0.64      0.64      0.64        11
        31.0       0.00      0.00      0.00        12
        32.0       0.86      0.30      0.44        40
        33.0       0.86      0.74      0.80        74
        34.0       1.00      0.98      0.99        57
        35.0       1.00      0.69      0.81        16
        36.0       0.64      0.18      0.28        50
        37.0       0.70      0.80      0.74        20
        38.0       0.95      0.66      0.78        29
        39.0       0.87      0.92      0.89       101
        40.0       1.00      0.17      0.29        12
        41.0       1.00      0.93      0.96        14
        42.0       0.85      0.87      0.86        67
        43.0       0.95      0.83      0.89        76
        44.0       1.00      0.73      0.84        11
        45.0       1.00      0.92      0.96        37
        46.0       0.89      0.90      0.89      1613
        47.0       0.86      0.97      0.91       299
        48.0       0.94      0.98      0.96       243
        49.0       0.94      0.91      0.93       168
        50.0       0.80      0.85      0.82      1024
        51.0       0.72      0.72      0.72       353
        52.0       0.71      0.88      0.79        85
        53.0       0.74      0.78      0.76       606
        54.0       0.89      0.89      0.89       543
        55.0       0.85      0.77      0.81        79
        56.0       0.94      0.87      0.91       954
        57.0       0.79      0.91      0.85       247
        58.0       0.91      0.88      0.90        34
        59.0       0.94      0.80      0.86       876
        60.0       0.94      0.84      0.89        76
        61.0       0.74      0.85      0.79       566
        62.0       0.88      0.29      0.44        24
        63.0       0.51      0.75      0.60        55
        64.0       0.90      0.96      0.93       255
        65.0       0.80      0.31      0.44        13
        66.0       0.94      0.96      0.95       457
        67.0       0.84      0.57      0.68        37
        68.0       0.74      0.88      0.80      1189
        69.0       0.87      0.81      0.84       223
        70.0       1.00      0.47      0.64        19
        71.0       0.96      0.91      0.94       357
        72.0       0.67      0.58      0.62        31
        73.0       0.00      0.00      0.00        13
        74.0       0.99      0.96      0.98       128
        75.0       0.82      0.69      0.75        13
        76.0       0.89      0.71      0.79       461
        77.0       0.85      0.80      0.82       104
        78.0       0.28      0.28      0.28        53
        79.0       1.00      0.43      0.61        83
        80.0       0.62      0.52      0.57        79
        81.0       1.00      0.76      0.86        84
        82.0       0.91      0.87      0.89       334
        83.0       0.71      0.21      0.32        24
        84.0       0.79      0.73      0.76       518
        85.0       0.08      0.07      0.07        88
        86.0       0.38      0.25      0.30        12
        87.0       0.63      0.62      0.63       481
        88.0       0.87      0.62      0.72       126
        89.0       1.00      1.00      1.00        24
        90.0       0.83      0.74      0.78       152
        91.0       0.60      0.30      0.40        20
        92.0       1.00      0.22      0.36        27
        93.0       0.58      0.67      0.62        42
        94.0       0.73      0.24      0.36        33
        95.0       0.65      0.42      0.51       100
        96.0       0.87      0.75      0.81       415
        97.0       0.88      0.58      0.70       118
        98.0       0.95      0.80      0.87       100
        99.0       0.78      0.55      0.64       253
       100.0       0.97      0.91      0.94       116
       101.0       0.60      0.79      0.68       423
       102.0       0.73      0.73      0.73        99
       103.0       1.00      0.58      0.74        60
       104.0       0.92      0.74      0.82       265
       105.0       0.82      0.86      0.84        36
       106.0       0.84      0.86      0.85       495
       107.0       1.00      0.87      0.93        15
       108.0       0.81      0.87      0.84       611
       109.0       0.95      0.92      0.94       207
       110.0       0.83      0.45      0.59        22
       111.0       0.91      0.87      0.89       535
       112.0       0.60      0.54      0.57        98
       113.0       0.77      0.62      0.69        87
       114.0       0.91      0.92      0.91       110
       115.0       0.96      0.85      0.90       858
       116.0       0.53      0.35      0.42        60
       117.0       0.78      0.90      0.84       209
       118.0       0.00      0.00      0.00        12
       119.0       0.88      0.74      0.80        66
       120.0       0.94      0.87      0.90       157
       121.0       0.96      0.96      0.96        84
       122.0       0.75      0.49      0.59        55
       123.0       0.86      0.77      0.81       153
       124.0       0.94      0.86      0.90        51
       125.0       0.87      0.92      0.89       146
       126.0       0.88      0.47      0.61        77
       127.0       1.00      0.78      0.88        18
       128.0       0.66      0.90      0.76       197
       129.0       0.97      0.93      0.95       450
       130.0       0.75      0.55      0.63        11
       131.0       0.56      0.57      0.56        42
       132.0       1.00      0.73      0.85        15
       133.0       0.98      0.96      0.97       204
       134.0       0.97      0.96      0.97        76
       135.0       0.63      0.87      0.73       256
       136.0       0.67      0.10      0.17        20
       137.0       0.75      0.92      0.83        13
       138.0       0.65      0.55      0.60        67
       139.0       0.74      1.00      0.85      1464
       140.0       0.91      0.85      0.88       147
       141.0       0.89      0.82      0.85        98
       142.0       0.90      0.90      0.90       455
       143.0       0.97      0.91      0.94        82
       144.0       0.97      0.94      0.95       410
       145.0       0.94      0.90      0.92       406
       146.0       1.00      0.42      0.59        12
       147.0       0.95      0.85      0.90       148
       148.0       0.86      0.97      0.91       702
       149.0       0.99      0.94      0.97       196
       150.0       0.96      0.81      0.88        32
       151.0       0.88      0.84      0.86        69
       152.0       0.95      0.90      0.93        93
       153.0       0.97      0.94      0.95        33
       154.0       0.87      0.92      0.89        50
       155.0       0.86      0.96      0.91       153

    accuracy                           0.83     28655
   macro avg       0.80      0.69      0.72     28655
weighted avg       0.84      0.83      0.83     28655


===confusion_matrix===

[[731   1   0 ...   0   0   0]
 [  0   5   0 ...   0   0   0]
 [  1   0  22 ...   0   0   0]
 ...
 [  0   0   0 ...  31   1   0]
 [  0   0   0 ...   0  46   3]
 [  0   0   0 ...   0   2 147]]

===multilabel confusion matrix===

[[[27749    82]
  [   93   731]]

 [[28637     4]
  [    9     5]]

 [[28616     7]
  [   10    22]]

 [[28643     0]
  [   12     0]]

 [[28601     2]
  [   19    33]]

 [[28429    51]
  [   34   141]]

 [[28421   133]
  [   35    66]]

 [[28511    46]
  [   59    39]]

 [[28638     3]
  [   10     4]]

 [[28556    29]
  [   52    18]]

 [[28535    16]
  [   26    78]]

 [[28634     3]
  [   11     7]]

 [[28639     1]
  [   10     5]]

 [[28600    13]
  [   16    26]]

 [[28609    12]
  [   20    14]]

 [[28562    28]
  [    8    57]]

 [[28640     2]
  [   10     3]]

 [[28634     2]
  [   13     6]]

 [[28582     1]
  [   11    61]]

 [[28620     5]
  [   19    11]]

 [[28559     2]
  [    4    90]]

 [[28588    21]
  [    2    44]]

 [[28630     0]
  [    9    16]]

 [[28267    43]
  [   17   328]]

 [[28624     1]
  [    6    24]]

 [[28635     0]
  [   19     1]]

 [[28453    34]
  [   50   118]]

 [[28583    37]
  [   14    21]]

 [[28593     1]
  [   13    48]]

 [[28587     5]
  [   20    43]]

 [[28640     4]
  [    4     7]]

 [[28639     4]
  [   12     0]]

 [[28613     2]
  [   28    12]]

 [[28572     9]
  [   19    55]]

 [[28598     0]
  [    1    56]]

 [[28639     0]
  [    5    11]]

 [[28600     5]
  [   41     9]]

 [[28628     7]
  [    4    16]]

 [[28625     1]
  [   10    19]]

 [[28540    14]
  [    8    93]]

 [[28643     0]
  [   10     2]]

 [[28641     0]
  [    1    13]]

 [[28578    10]
  [    9    58]]

 [[28576     3]
  [   13    63]]

 [[28644     0]
  [    3     8]]

 [[28618     0]
  [    3    34]]

 [[26853   189]
  [  155  1458]]

 [[28308    48]
  [    8   291]]

 [[28396    16]
  [    6   237]]

 [[28478     9]
  [   15   153]]

 [[27414   217]
  [  157   867]]

 [[28202   100]
  [   98   255]]

 [[28539    31]
  [   10    75]]

 [[27887   162]
  [  136   470]]

 [[28051    61]
  [   60   483]]

 [[28565    11]
  [   18    61]]

 [[27647    54]
  [  120   834]]

 [[28349    59]
  [   23   224]]

 [[28618     3]
  [    4    30]]

 [[27733    46]
  [  178   698]]

 [[28575     4]
  [   12    64]]

 [[27922   167]
  [   83   483]]

 [[28630     1]
  [   17     7]]

 [[28560    40]
  [   14    41]]

 [[28372    28]
  [    9   246]]

 [[28641     1]
  [    9     4]]

 [[28170    28]
  [   18   439]]

 [[28614     4]
  [   16    21]]

 [[27100   366]
  [  142  1047]]

 [[28405    27]
  [   42   181]]

 [[28636     0]
  [   10     9]]

 [[28286    12]
  [   33   324]]

 [[28615     9]
  [   13    18]]

 [[28642     0]
  [   13     0]]

 [[28526     1]
  [    5   123]]

 [[28640     2]
  [    4     9]]

 [[28153    41]
  [  133   328]]

 [[28536    15]
  [   21    83]]

 [[28564    38]
  [   38    15]]

 [[28572     0]
  [   47    36]]

 [[28551    25]
  [   38    41]]

 [[28571     0]
  [   20    64]]

 [[28292    29]
  [   45   289]]

 [[28629     2]
  [   19     5]]

 [[28036   101]
  [  139   379]]

 [[28497    70]
  [   82     6]]

 [[28638     5]
  [    9     3]]

 [[28003   171]
  [  184   297]]

 [[28517    12]
  [   48    78]]

 [[28631     0]
  [    0    24]]

 [[28480    23]
  [   39   113]]

 [[28631     4]
  [   14     6]]

 [[28628     0]
  [   21     6]]

 [[28593    20]
  [   14    28]]

 [[28619     3]
  [   25     8]]

 [[28532    23]
  [   58    42]]

 [[28194    46]
  [  102   313]]

 [[28528     9]
  [   49    69]]

 [[28551     4]
  [   20    80]]

 [[28362    40]
  [  114   139]]

 [[28536     3]
  [   10   106]]

 [[28010   222]
  [   90   333]]

 [[28529    27]
  [   27    72]]

 [[28595     0]
  [   25    35]]

 [[28372    18]
  [   69   196]]

 [[28612     7]
  [    5    31]]

 [[28078    82]
  [   67   428]]

 [[28640     0]
  [    2    13]]

 [[27921   123]
  [   81   530]]

 [[28439     9]
  [   16   191]]

 [[28631     2]
  [   12    10]]

 [[28072    48]
  [   68   467]]

 [[28521    36]
  [   45    53]]

 [[28552    16]
  [   33    54]]

 [[28535    10]
  [    9   101]]

 [[27767    30]
  [  129   729]]

 [[28576    19]
  [   39    21]]

 [[28393    53]
  [   20   189]]

 [[28643     0]
  [   12     0]]

 [[28582     7]
  [   17    49]]

 [[28489     9]
  [   20   137]]

 [[28568     3]
  [    3    81]]

 [[28591     9]
  [   28    27]]

 [[28482    20]
  [   35   118]]

 [[28601     3]
  [    7    44]]

 [[28489    20]
  [   12   134]]

 [[28573     5]
  [   41    36]]

 [[28637     0]
  [    4    14]]

 [[28365    93]
  [   19   178]]

 [[28193    12]
  [   32   418]]

 [[28642     2]
  [    5     6]]

 [[28594    19]
  [   18    24]]

 [[28640     0]
  [    4    11]]

 [[28446     5]
  [    8   196]]

 [[28577     2]
  [    3    73]]

 [[28266   133]
  [   33   223]]

 [[28634     1]
  [   18     2]]

 [[28638     4]
  [    1    12]]

 [[28568    20]
  [   30    37]]

 [[26685   506]
  [    7  1457]]

 [[28495    13]
  [   22   125]]

 [[28547    10]
  [   18    80]]

 [[28155    45]
  [   44   411]]

 [[28571     2]
  [    7    75]]

 [[28232    13]
  [   24   386]]

 [[28227    22]
  [   40   366]]

 [[28643     0]
  [    7     5]]

 [[28500     7]
  [   22   126]]

 [[27841   112]
  [   21   681]]

 [[28458     1]
  [   11   185]]

 [[28622     1]
  [    6    26]]

 [[28578     8]
  [   11    58]]

 [[28558     4]
  [    9    84]]

 [[28621     1]
  [    2    31]]

 [[28598     7]
  [    4    46]]

 [[28479    23]
  [    6   147]]]

===scores report===
metrics	scores
Accuracy	0.8302
MCC	0.8267
log_loss	0.8096
f1 score weighted	0.8268
f1 score macro	0.7173
f1 score micro	0.8302
roc_auc ovr	0.9926
roc_auc ovo	0.9888
precision	0.8376
recall	0.8302

===Callbacks===

generate_callbacks
[<tensorflow.python.keras.callbacks.EarlyStopping object at 0x7fce7c08d940>, <tensorflow.python.keras.callbacks.ReduceLROnPlateau object at 0x7fce7c08d6a0>, <tensorflow.python.keras.callbacks.ModelCheckpoint object at 0x7fce7c08d970>]
===SCORING TEST SET ===

model_complete_evaluate
{'self': <deep_ml.DeepML object at 0x7fce7c08d5e0>, 'x_test': array([[13, 12, 12, ...,  0,  0,  0],
       [13, 12, 12, ...,  0,  0,  0],
       [13, 12, 17, ...,  0,  0,  0],
       ...,
       [10,  6,  6, ...,  8, 16, 11],
       [13, 15,  3, ...,  0,  0,  0],
       [ 9,  5,  1, ...,  8, 11, 15]], dtype=int8), 'y_test': array([ 56.,  56., 115., ...,  96., 109.,  88.], dtype=float32), 'model': None}
report

              precision    recall  f1-score   support

         0.0       0.91      0.87      0.89       824
         1.0       0.00      0.00      0.00        14
         2.0       0.96      0.78      0.86        32
         3.0       0.00      0.00      0.00        11
         4.0       0.73      0.65      0.69        51
         5.0       0.88      0.69      0.77       176
         6.0       0.91      0.30      0.46       102
         7.0       0.82      0.24      0.37        97
         8.0       1.00      0.29      0.44        14
         9.0       0.50      0.07      0.12        70
        10.0       0.89      0.73      0.80       103
        11.0       0.00      0.00      0.00        18
        12.0       0.00      0.00      0.00        15
        13.0       0.86      0.58      0.69        43
        14.0       0.81      0.38      0.52        34
        15.0       1.00      0.52      0.69        65
        16.0       0.75      0.23      0.35        13
        17.0       1.00      0.37      0.54        19
        18.0       0.90      0.88      0.89        72
        19.0       0.50      0.07      0.12        30
        20.0       0.98      0.98      0.98        94
        21.0       0.85      0.63      0.72        46
        22.0       1.00      0.28      0.44        25
        23.0       0.90      0.93      0.92       345
        24.0       0.59      0.33      0.43        30
        25.0       0.33      0.10      0.15        20
        26.0       0.78      0.66      0.72       168
        27.0       0.95      0.57      0.71        35
        28.0       0.98      0.89      0.93        61
        29.0       0.86      0.79      0.83        63
        30.0       0.50      0.18      0.27        11
        31.0       0.00      0.00      0.00        12
        32.0       0.59      0.47      0.53        40
        33.0       0.82      0.54      0.65        74
        34.0       1.00      0.96      0.98        57
        35.0       0.94      1.00      0.97        15
        36.0       0.69      0.18      0.29        50
        37.0       0.72      0.95      0.82        19
        38.0       1.00      0.62      0.77        29
        39.0       1.00      0.85      0.92       101
        40.0       0.00      0.00      0.00        13
        41.0       1.00      0.93      0.96        14
        42.0       0.69      0.74      0.72        66
        43.0       0.98      0.79      0.88        76
        44.0       1.00      0.91      0.95        11
        45.0       0.92      0.62      0.74        37
        46.0       0.96      0.85      0.90      1612
        47.0       0.99      0.95      0.97       299
        48.0       0.95      0.98      0.96       243
        49.0       0.93      0.89      0.91       168
        50.0       0.63      0.84      0.72      1024
        51.0       0.53      0.61      0.57       353
        52.0       0.95      0.85      0.89        85
        53.0       0.54      0.87      0.66       606
        54.0       0.55      0.92      0.69       543
        55.0       0.95      0.72      0.82        78
        56.0       0.84      0.89      0.87       954
        57.0       0.84      0.89      0.87       247
        58.0       1.00      0.91      0.95        34
        59.0       0.80      0.85      0.83       877
        60.0       0.98      0.80      0.88        76
        61.0       0.87      0.83      0.85       566
        62.0       0.75      0.25      0.38        24
        63.0       0.76      0.64      0.69        55
        64.0       0.90      0.96      0.93       255
        65.0       0.45      0.36      0.40        14
        66.0       0.97      0.94      0.95       457
        67.0       0.74      0.54      0.62        37
        68.0       0.86      0.83      0.84      1189
        69.0       0.62      0.87      0.72       224
        70.0       0.87      0.68      0.76        19
        71.0       0.96      0.90      0.93       357
        72.0       0.92      0.38      0.53        32
        73.0       0.00      0.00      0.00        12
        74.0       0.98      0.93      0.96       127
        75.0       1.00      0.58      0.74        12
        76.0       0.73      0.75      0.74       460
        77.0       0.94      0.83      0.88       103
        78.0       1.00      0.17      0.30        52
        79.0       0.79      0.60      0.68        83
        80.0       1.00      0.29      0.45        80
        81.0       0.94      0.74      0.83        84
        82.0       0.90      0.90      0.90       334
        83.0       0.75      0.13      0.22        23
        84.0       0.83      0.71      0.77       519
        85.0       0.38      0.03      0.06        88
        86.0       0.00      0.00      0.00        12
        87.0       0.56      0.59      0.58       480
        88.0       0.71      0.65      0.68       126
        89.0       0.96      1.00      0.98        25
        90.0       0.70      0.68      0.69       152
        91.0       0.00      0.00      0.00        20
        92.0       0.73      0.29      0.41        28
        93.0       0.68      0.71      0.70        42
        94.0       1.00      0.06      0.11        34
        95.0       0.27      0.25      0.26       100
        96.0       0.63      0.81      0.71       415
        97.0       0.67      0.43      0.53       118
        98.0       0.81      0.81      0.81        99
        99.0       0.77      0.53      0.63       253
       100.0       0.95      0.90      0.92       116
       101.0       0.90      0.70      0.79       423
       102.0       0.86      0.69      0.76        99
       103.0       0.82      0.52      0.63        60
       104.0       0.88      0.68      0.77       265
       105.0       1.00      0.70      0.83        37
       106.0       0.85      0.81      0.83       495
       107.0       0.93      0.87      0.90        15
       108.0       0.58      0.92      0.72       611
       109.0       0.96      0.86      0.91       206
       110.0       0.87      0.59      0.70        22
       111.0       0.83      0.85      0.84       534
       112.0       0.72      0.50      0.59        98
       113.0       1.00      0.40      0.57        87
       114.0       0.99      0.78      0.87       110
       115.0       0.76      0.91      0.83       858
       116.0       0.41      0.20      0.27        61
       117.0       0.97      0.91      0.94       209
       118.0       0.00      0.00      0.00        13
       119.0       0.58      0.58      0.58        65
       120.0       0.94      0.94      0.94       156
       121.0       1.00      0.99      0.99        85
       122.0       0.62      0.46      0.53        56
       123.0       0.30      0.70      0.42       154
       124.0       1.00      0.79      0.88        52
       125.0       0.91      0.90      0.90       146
       126.0       0.90      0.48      0.63        77
       127.0       1.00      0.83      0.91        18
       128.0       0.92      0.73      0.81       198
       129.0       0.83      0.92      0.87       450
       130.0       1.00      0.45      0.62        11
       131.0       0.70      0.44      0.54        43
       132.0       0.92      0.80      0.86        15
       133.0       0.95      0.94      0.95       205
       134.0       1.00      0.95      0.97        77
       135.0       0.95      0.64      0.76       255
       136.0       0.00      0.00      0.00        20
       137.0       0.92      0.92      0.92        12
       138.0       0.78      0.31      0.45        67
       139.0       0.96      0.97      0.96      1464
       140.0       0.53      0.89      0.66       147
       141.0       0.99      0.82      0.89        98
       142.0       0.96      0.87      0.91       455
       143.0       0.99      0.95      0.97        82
       144.0       0.93      0.94      0.93       411
       145.0       0.96      0.89      0.92       405
       146.0       0.00      0.00      0.00        11
       147.0       0.79      0.91      0.85       148
       148.0       0.92      0.94      0.93       702
       149.0       0.92      0.97      0.94       196
       150.0       0.88      0.69      0.77        32
       151.0       0.95      0.83      0.88        69
       152.0       0.87      0.84      0.85        93
       153.0       0.97      0.91      0.94        33
       154.0       0.82      0.90      0.86        50
       155.0       0.85      0.92      0.88       154

    accuracy                           0.81     28655
   macro avg       0.77      0.63      0.67     28655
weighted avg       0.82      0.81      0.80     28655


===confusion_matrix===

[[716   0   0 ...   0   1   0]
 [  0   0   0 ...   0   0   0]
 [  0   0  25 ...   0   0   0]
 ...
 [  0   0   0 ...  30   1   0]
 [  0   0   0 ...   1  45   4]
 [  0   0   0 ...   0   4 141]]

===multilabel confusion matrix===

[[[27764    67]
  [  108   716]]

 [[28639     2]
  [   14     0]]

 [[28622     1]
  [    7    25]]

 [[28643     1]
  [   11     0]]

 [[28592    12]
  [   18    33]]

 [[28462    17]
  [   54   122]]

 [[28550     3]
  [   71    31]]

 [[28553     5]
  [   74    23]]

 [[28641     0]
  [   10     4]]

 [[28580     5]
  [   65     5]]

 [[28543     9]
  [   28    75]]

 [[28636     1]
  [   18     0]]

 [[28639     1]
  [   15     0]]

 [[28608     4]
  [   18    25]]

 [[28618     3]
  [   21    13]]

 [[28590     0]
  [   31    34]]

 [[28641     1]
  [   10     3]]

 [[28636     0]
  [   12     7]]

 [[28576     7]
  [    9    63]]

 [[28623     2]
  [   28     2]]

 [[28559     2]
  [    2    92]]

 [[28604     5]
  [   17    29]]

 [[28630     0]
  [   18     7]]

 [[28275    35]
  [   24   321]]

 [[28618     7]
  [   20    10]]

 [[28631     4]
  [   18     2]]

 [[28456    31]
  [   57   111]]

 [[28619     1]
  [   15    20]]

 [[28593     1]
  [    7    54]]

 [[28584     8]
  [   13    50]]

 [[28642     2]
  [    9     2]]

 [[28642     1]
  [   12     0]]

 [[28602    13]
  [   21    19]]

 [[28572     9]
  [   34    40]]

 [[28598     0]
  [    2    55]]

 [[28639     1]
  [    0    15]]

 [[28601     4]
  [   41     9]]

 [[28629     7]
  [    1    18]]

 [[28626     0]
  [   11    18]]

 [[28554     0]
  [   15    86]]

 [[28642     0]
  [   13     0]]

 [[28641     0]
  [    1    13]]

 [[28567    22]
  [   17    49]]

 [[28578     1]
  [   16    60]]

 [[28644     0]
  [    1    10]]

 [[28616     2]
  [   14    23]]

 [[26981    62]
  [  235  1377]]

 [[28353     3]
  [   16   283]]

 [[28399    13]
  [    6   237]]

 [[28475    12]
  [   18   150]]

 [[27117   514]
  [  161   863]]

 [[28111   191]
  [  137   216]]

 [[28566     4]
  [   13    72]]

 [[27593   456]
  [   78   528]]

 [[27708   404]
  [   41   502]]

 [[28574     3]
  [   22    56]]

 [[27544   157]
  [  106   848]]

 [[28367    41]
  [   26   221]]

 [[28621     0]
  [    3    31]]

 [[27596   182]
  [  131   746]]

 [[28578     1]
  [   15    61]]

 [[28022    67]
  [   98   468]]

 [[28629     2]
  [   18     6]]

 [[28589    11]
  [   20    35]]

 [[28374    26]
  [   10   245]]

 [[28635     6]
  [    9     5]]

 [[28183    15]
  [   26   431]]

 [[28611     7]
  [   17    20]]

 [[27300   166]
  [  198   991]]

 [[28309   122]
  [   29   195]]

 [[28634     2]
  [    6    13]]

 [[28285    13]
  [   34   323]]

 [[28622     1]
  [   20    12]]

 [[28643     0]
  [   12     0]]

 [[28526     2]
  [    9   118]]

 [[28643     0]
  [    5     7]]

 [[28067   128]
  [  113   347]]

 [[28547     5]
  [   18    85]]

 [[28603     0]
  [   43     9]]

 [[28559    13]
  [   33    50]]

 [[28575     0]
  [   57    23]]

 [[28567     4]
  [   22    62]]

 [[28288    33]
  [   35   299]]

 [[28631     1]
  [   20     3]]

 [[28061    75]
  [  149   370]]

 [[28562     5]
  [   85     3]]

 [[28643     0]
  [   12     0]]

 [[27954   221]
  [  196   284]]

 [[28495    34]
  [   44    82]]

 [[28629     1]
  [    0    25]]

 [[28458    45]
  [   48   104]]

 [[28632     3]
  [   20     0]]

 [[28624     3]
  [   20     8]]

 [[28599    14]
  [   12    30]]

 [[28621     0]
  [   32     2]]

 [[28489    66]
  [   75    25]]

 [[28047   193]
  [   80   335]]

 [[28512    25]
  [   67    51]]

 [[28537    19]
  [   19    80]]

 [[28362    40]
  [  119   134]]

 [[28534     5]
  [   12   104]]

 [[28199    33]
  [  128   295]]

 [[28545    11]
  [   31    68]]

 [[28588     7]
  [   29    31]]

 [[28366    24]
  [   84   181]]

 [[28618     0]
  [   11    26]]

 [[28089    71]
  [   94   401]]

 [[28639     1]
  [    2    13]]

 [[27642   402]
  [   47   564]]

 [[28442     7]
  [   28   178]]

 [[28631     2]
  [    9    13]]

 [[28030    91]
  [   78   456]]

 [[28538    19]
  [   49    49]]

 [[28568     0]
  [   52    35]]

 [[28544     1]
  [   24    86]]

 [[27549   248]
  [   79   779]]

 [[28577    17]
  [   49    12]]

 [[28441     5]
  [   18   191]]

 [[28642     0]
  [   13     0]]

 [[28563    27]
  [   27    38]]

 [[28490     9]
  [   10   146]]

 [[28570     0]
  [    1    84]]

 [[28583    16]
  [   30    26]]

 [[28248   253]
  [   46   108]]

 [[28603     0]
  [   11    41]]

 [[28496    13]
  [   15   131]]

 [[28574     4]
  [   40    37]]

 [[28637     0]
  [    3    15]]

 [[28444    13]
  [   54   144]]

 [[28123    82]
  [   38   412]]

 [[28644     0]
  [    6     5]]

 [[28604     8]
  [   24    19]]

 [[28639     1]
  [    3    12]]

 [[28440    10]
  [   12   193]]

 [[28578     0]
  [    4    73]]

 [[28392     8]
  [   93   162]]

 [[28635     0]
  [   20     0]]

 [[28642     1]
  [    1    11]]

 [[28582     6]
  [   46    21]]

 [[27128    63]
  [   42  1422]]

 [[28390   118]
  [   16   131]]

 [[28556     1]
  [   18    80]]

 [[28182    18]
  [   60   395]]

 [[28572     1]
  [    4    78]]

 [[28214    30]
  [   26   385]]

 [[28233    17]
  [   44   361]]

 [[28643     1]
  [   11     0]]

 [[28472    35]
  [   13   135]]

 [[27892    61]
  [   41   661]]

 [[28442    17]
  [    6   190]]

 [[28620     3]
  [   10    22]]

 [[28583     3]
  [   12    57]]

 [[28550    12]
  [   15    78]]

 [[28621     1]
  [    3    30]]

 [[28595    10]
  [    5    45]]

 [[28476    25]
  [   13   141]]]

===scores report===
metrics	scores
Accuracy	0.8074
MCC	0.8036
log_loss	0.9216
f1 score weighted	0.8027
f1 score macro	0.6703
f1 score micro	0.8074
roc_auc ovr	0.9910
roc_auc ovo	0.9865
precision	0.8242
recall	0.8074

===TRAIN MODELS with CV===

train_model_cv	Accuracy	MCC	log_loss	f1 score weighted	f1 score macro	f1 score micro	roc_auc ovr	roc_auc ovo	precision	recall
0	0.8209450027917364	0.8175873830996615	0.8372941722509908	0.8193099920625275	0.6913168810100743	0.8209450027917364	0.9923257962908807	0.989012975307499	0.8394954931540712	0.8209450027917364
1	0.8128424358750654	0.809110355199498	0.8844619806379608	0.8090003759558628	0.6884966663156226	0.8128424358750654	0.9913842210924344	0.9877198970603133	0.8275922789111415	0.8128424358750654
2	0.8054440760774734	0.8017248553539357	0.9255165815116497	0.8017151150555422	0.6703693180634019	0.8054440760774734	0.990789798683569	0.9865093292626022	0.8235755031435389	0.8054440760774734
3	0.8301518059675449	0.8266923730206754	0.8095958382370314	0.8268494837418489	0.7173039208380046	0.8301518059675449	0.9925859188305733	0.9887874348349678	0.8376018351704035	0.8301518059675449
4	0.807398359797592	0.8036278498031912	0.9215652376818289	0.8026569691451205	0.6702507098440881	0.807398359797592	0.9909818989344441	0.9865410154233883	0.8242223802755495	0.807398359797592
mean	0.8153563361018824	0.8117485632953925	0.8756867620638923	0.8119063871921804	0.6875474992142383	0.8153563361018824	0.9916135267663803	0.9877141303777541	0.8304974981309409	0.8153563361018824
std	0.009143753101626774	0.009282134628278909	0.0458407047438715	0.009756722429656804	0.01729059059330693	0.009143753101626774	0.0007187401431156933	0.0010645899010656111	0.006740429313127189	0.009143753101626774

Accuracy
MCC
log_loss
f1 score weighted
f1 score macro
f1 score micro
roc_auc ovr
roc_auc ovo
precision
recallFinished train_model_cv in 80762.2971 secs

