/home/amsequeira/enzymeClassification/models/embedding/bi_attetion_emb5_50_2_new
self
x_train
y_train
x_test
y_test
number_classes
problem_type
x_dval
y_dval
model
epochs
batch_size
callbacks
reduce_lr
early_stopping
checkpoint
tensorboard
early_stopping_patience
reduce_lr_patience
reduce_lr_factor
reduce_lr_min
path
report_name
verbose
validation_split
shuffle
class_weights
===Callbacks===

generate_callbacks
[<tensorflow.python.keras.callbacks.EarlyStopping object at 0x7fb5fc575910>, <tensorflow.python.keras.callbacks.ReduceLROnPlateau object at 0x7fb5fc575850>, <tensorflow.python.keras.callbacks.ModelCheckpoint object at 0x7fb5fc575940>]
===SCORING TEST SET ===

model_complete_evaluate
{'self': <deep_ml.DeepML object at 0x7fb5fc575670>, 'x_test': array([[13, 13,  2, ...,  0,  0,  0],
       [13,  4, 12, ...,  0,  0,  0],
       [13, 16,  8, ...,  0,  0,  0],
       ...,
       [13,  1, 20, ...,  0,  0,  0],
       [10,  6,  6, ...,  8, 16, 11],
       [13, 15,  3, ...,  0,  0,  0]], dtype=int8), 'y_test': array([21., 21., 21., ..., 19., 28., 30.], dtype=float32), 'model': None}
report

              precision    recall  f1-score   support

         0.0       0.52      0.85      0.64       402
         1.0       0.33      0.05      0.09        19
         2.0       0.15      0.22      0.18        82
         3.0       0.00      0.00      0.00        16
         4.0       0.33      0.08      0.13        62
         5.0       0.58      0.44      0.50       277
         6.0       0.88      0.58      0.70        36
         7.0       0.00      0.00      0.00        26
         8.0       0.77      0.33      0.47        72
         9.0       0.50      0.43      0.46        30
        10.0       0.77      0.60      0.68       156
        11.0       0.61      0.27      0.38       168
        12.0       0.51      0.37      0.43        83
        13.0       0.00      0.00      0.00        53
        14.0       0.43      0.29      0.35        31
        15.0       0.90      0.17      0.29        52
        16.0       0.58      0.48      0.52        94
        17.0       0.93      0.74      0.83       885
        18.0       0.69      0.38      0.49        48
        19.0       0.46      0.72      0.56       781
        20.0       0.80      0.65      0.72       591
        21.0       0.82      0.68      0.75       385
        22.0       0.79      0.69      0.74       128
        23.0       0.63      0.84      0.72      1888
        24.0       0.80      0.62      0.70       169
        25.0       0.60      0.58      0.59      1296
        26.0       0.76      0.27      0.40       381
        27.0       0.80      0.29      0.42        14
        28.0       0.43      0.59      0.50       769
        29.0       0.36      0.34      0.35       372
        30.0       0.64      0.77      0.70       631
        31.0       1.00      0.09      0.17        11
        32.0       0.39      0.49      0.44       316
        33.0       0.93      0.42      0.58       405
        34.0       0.81      0.50      0.62        96
        35.0       0.00      0.00      0.00        26
        36.0       0.88      0.23      0.37        65
        37.0       0.47      0.38      0.42        21
        38.0       0.88      0.53      0.66       121
        39.0       0.66      0.57      0.61       114
        40.0       0.95      0.56      0.71       207
        41.0       0.45      0.70      0.55       194
        42.0       0.59      0.34      0.43        47
        43.0       0.97      0.83      0.89       431
        44.0       0.94      0.67      0.78        67
        45.0       0.90      0.68      0.77       488
        46.0       0.97      0.45      0.62        62
        47.0       0.81      0.84      0.82       264
        48.0       0.74      0.51      0.60        49
        49.0       0.80      0.27      0.40        30
        50.0       0.39      0.80      0.52        15
        51.0       0.68      0.71      0.70        21
        52.0       0.70      0.79      0.74        73

    accuracy                           0.63     13120
   macro avg       0.63      0.47      0.50     13120
weighted avg       0.67      0.63      0.63     13120


===confusion_matrix===

[[340   0   5 ...   0   0   0]
 [  0   1   1 ...   0   0   0]
 [  9   0  18 ...   0   0   0]
 ...
 [  0   0   0 ...  12   2   1]
 [  0   0   0 ...   0  15   2]
 [  0   0   0 ...   7   3  58]]

===multilabel confusion matrix===

[[[12403   315]
  [   62   340]]

 [[13099     2]
  [   18     1]]

 [[12938   100]
  [   64    18]]

 [[13104     0]
  [   16     0]]

 [[13048    10]
  [   57     5]]

 [[12754    89]
  [  154   123]]

 [[13081     3]
  [   15    21]]

 [[13093     1]
  [   26     0]]

 [[13041     7]
  [   48    24]]

 [[13077    13]
  [   17    13]]

 [[12936    28]
  [   62    94]]

 [[12922    30]
  [  122    46]]

 [[13007    30]
  [   52    31]]

 [[13067     0]
  [   53     0]]

 [[13077    12]
  [   22     9]]

 [[13067     1]
  [   43     9]]

 [[12993    33]
  [   49    45]]

 [[12189    46]
  [  229   656]]

 [[13064     8]
  [   30    18]]

 [[11678   661]
  [  217   564]]

 [[12433    96]
  [  206   385]]

 [[12678    57]
  [  122   263]]

 [[12969    23]
  [   40    88]]

 [[10292   940]
  [  294  1594]]

 [[12925    26]
  [   65   104]]

 [[11320   504]
  [  542   754]]

 [[12707    32]
  [  279   102]]

 [[13105     1]
  [   10     4]]

 [[11748   603]
  [  312   457]]

 [[12517   231]
  [  244   128]]

 [[12215   274]
  [  143   488]]

 [[13109     0]
  [   10     1]]

 [[12562   242]
  [  160   156]]

 [[12703    12]
  [  236   169]]

 [[13013    11]
  [   48    48]]

 [[13094     0]
  [   26     0]]

 [[13053     2]
  [   50    15]]

 [[13090     9]
  [   13     8]]

 [[12990     9]
  [   57    64]]

 [[12973    33]
  [   49    65]]

 [[12907     6]
  [   91   116]]

 [[12761   165]
  [   59   135]]

 [[13062    11]
  [   31    16]]

 [[12679    10]
  [   75   356]]

 [[13050     3]
  [   22    45]]

 [[12594    38]
  [  157   331]]

 [[13057     1]
  [   34    28]]

 [[12803    53]
  [   42   222]]

 [[13062     9]
  [   24    25]]

 [[13088     2]
  [   22     8]]

 [[13086    19]
  [    3    12]]

 [[13092     7]
  [    6    15]]

 [[13022    25]
  [   15    58]]]

===scores report===
metrics	scores
Accuracy	0.6309
MCC	0.6076
log_loss	1.4763
f1 score weighted	0.6256
f1 score macro	0.5032
f1 score micro	0.6309
roc_auc ovr	0.9507
roc_auc ovo	0.9457
precision	0.6666
recall	0.6309

===Callbacks===

generate_callbacks
[<tensorflow.python.keras.callbacks.EarlyStopping object at 0x7fb5fc575910>, <tensorflow.python.keras.callbacks.ReduceLROnPlateau object at 0x7fb5fc575850>, <tensorflow.python.keras.callbacks.ModelCheckpoint object at 0x7fb5fc575940>]
===SCORING TEST SET ===

model_complete_evaluate
{'self': <deep_ml.DeepML object at 0x7fb5fc575670>, 'x_test': array([[13, 16,  7, ...,  0,  0,  0],
       [13, 16, 12, ...,  0,  0,  0],
       [13, 16,  4, ...,  0,  0,  0],
       ...,
       [12, 20, 14, ...,  9, 15, 11],
       [ 3, 16, 15, ..., 11, 19,  1],
       [13,  4, 11, ...,  0,  0,  0]], dtype=int8), 'y_test': array([21., 11., 11., ..., 25., 30., 28.], dtype=float32), 'model': None}
report

              precision    recall  f1-score   support

         0.0       0.45      0.83      0.58       402
         1.0       0.46      0.32      0.37        19
         2.0       0.50      0.26      0.34        81
         3.0       0.00      0.00      0.00        16
         4.0       0.77      0.16      0.27        62
         5.0       0.67      0.51      0.58       277
         6.0       0.60      0.83      0.70        36
         7.0       0.75      0.23      0.35        26
         8.0       0.55      0.33      0.41        73
         9.0       0.37      0.38      0.37        29
        10.0       0.71      0.63      0.67       156
        11.0       0.71      0.46      0.56       168
        12.0       0.47      0.42      0.45        83
        13.0       0.09      0.02      0.03        53
        14.0       0.59      0.31      0.41        32
        15.0       0.73      0.31      0.43        52
        16.0       0.55      0.49      0.52        95
        17.0       0.70      0.86      0.77       884
        18.0       0.77      0.42      0.54        48
        19.0       0.57      0.74      0.64       782
        20.0       0.66      0.75      0.70       591
        21.0       0.89      0.65      0.75       385
        22.0       0.91      0.68      0.78       128
        23.0       0.61      0.87      0.72      1888
        24.0       0.93      0.67      0.78       169
        25.0       0.81      0.46      0.59      1295
        26.0       0.53      0.48      0.50       381
        27.0       1.00      0.50      0.67        14
        28.0       0.53      0.64      0.58       769
        29.0       0.65      0.41      0.50       371
        30.0       0.53      0.81      0.64       631
        31.0       1.00      0.18      0.31        11
        32.0       0.52      0.44      0.48       316
        33.0       0.86      0.39      0.53       405
        34.0       0.91      0.41      0.56        96
        35.0       0.00      0.00      0.00        26
        36.0       0.91      0.15      0.26        65
        37.0       0.93      0.59      0.72        22
        38.0       0.64      0.50      0.56       121
        39.0       0.89      0.58      0.70       113
        40.0       0.93      0.66      0.77       208
        41.0       0.87      0.46      0.60       193
        42.0       0.49      0.43      0.46        46
        43.0       1.00      0.75      0.86       431
        44.0       0.88      0.70      0.78        66
        45.0       0.84      0.73      0.78       489
        46.0       0.79      0.68      0.73        62
        47.0       0.83      0.83      0.83       264
        48.0       0.80      0.41      0.54        49
        49.0       0.83      0.61      0.70        31
        50.0       0.80      0.75      0.77        16
        51.0       0.69      0.95      0.80        21
        52.0       0.70      0.79      0.74        73

    accuracy                           0.65     13120
   macro avg       0.68      0.52      0.56     13120
weighted avg       0.69      0.65      0.64     13120


===confusion_matrix===

[[332   0   0 ...   0   0   0]
 [  0   6   0 ...   0   0   0]
 [  7   0  21 ...   0   0   0]
 ...
 [  0   0   0 ...  12   1   3]
 [  0   0   0 ...   0  20   1]
 [  0   0   0 ...   1   5  58]]

===multilabel confusion matrix===

[[[12306   412]
  [   70   332]]

 [[13094     7]
  [   13     6]]

 [[13018    21]
  [   60    21]]

 [[13104     0]
  [   16     0]]

 [[13055     3]
  [   52    10]]

 [[12773    70]
  [  136   141]]

 [[13064    20]
  [    6    30]]

 [[13092     2]
  [   20     6]]

 [[13027    20]
  [   49    24]]

 [[13072    19]
  [   18    11]]

 [[12924    40]
  [   57    99]]

 [[12920    32]
  [   91    77]]

 [[12998    39]
  [   48    35]]

 [[13057    10]
  [   52     1]]

 [[13081     7]
  [   22    10]]

 [[13062     6]
  [   36    16]]

 [[12987    38]
  [   48    47]]

 [[11909   327]
  [  124   760]]

 [[13066     6]
  [   28    20]]

 [[11901   437]
  [  202   580]]

 [[12301   228]
  [  149   442]]

 [[12704    31]
  [  134   251]]

 [[12983     9]
  [   41    87]]

 [[10162  1070]
  [  237  1651]]

 [[12943     8]
  [   55   114]]

 [[11684   141]
  [  696   599]]

 [[12577   162]
  [  198   183]]

 [[13106     0]
  [    7     7]]

 [[11920   431]
  [  277   492]]

 [[12667    82]
  [  218   153]]

 [[12035   454]
  [  122   509]]

 [[13109     0]
  [    9     2]]

 [[12676   128]
  [  177   139]]

 [[12690    25]
  [  249   156]]

 [[13020     4]
  [   57    39]]

 [[13094     0]
  [   26     0]]

 [[13054     1]
  [   55    10]]

 [[13097     1]
  [    9    13]]

 [[12964    35]
  [   60    61]]

 [[12999     8]
  [   48    65]]

 [[12902    10]
  [   71   137]]

 [[12914    13]
  [  104    89]]

 [[13053    21]
  [   26    20]]

 [[12688     1]
  [  106   325]]

 [[13048     6]
  [   20    46]]

 [[12562    69]
  [  132   357]]

 [[13047    11]
  [   20    42]]

 [[12811    45]
  [   44   220]]

 [[13066     5]
  [   29    20]]

 [[13085     4]
  [   12    19]]

 [[13101     3]
  [    4    12]]

 [[13090     9]
  [    1    20]]

 [[13022    25]
  [   15    58]]]

===scores report===
metrics	scores
Accuracy	0.6527
MCC	0.6320
log_loss	1.4391
f1 score weighted	0.6436
f1 score macro	0.5607
f1 score micro	0.6527
roc_auc ovr	0.9578
roc_auc ovo	0.9538
precision	0.6861
recall	0.6527

===Callbacks===

generate_callbacks
[<tensorflow.python.keras.callbacks.EarlyStopping object at 0x7fb5fc575910>, <tensorflow.python.keras.callbacks.ReduceLROnPlateau object at 0x7fb5fc575850>, <tensorflow.python.keras.callbacks.ModelCheckpoint object at 0x7fb5fc575940>]
===SCORING TEST SET ===

model_complete_evaluate
{'self': <deep_ml.DeepML object at 0x7fb5fc575670>, 'x_test': array([[13,  7,  1, ...,  0,  0,  0],
       [13,  1,  1, ...,  0,  0,  0],
       [13,  7, 17, ...,  0,  0,  0],
       ...,
       [17, 19, 16, ...,  6, 14,  4],
       [20, 20, 20, ...,  1,  7,  1],
       [17, 12, 15, ...,  3,  9, 11]], dtype=int8), 'y_test': array([21., 21., 21., ..., 28., 28., 17.], dtype=float32), 'model': None}
report

              precision    recall  f1-score   support

         0.0       0.58      0.72      0.64       401
         1.0       1.00      0.05      0.10        20
         2.0       1.00      0.02      0.05        82
         3.0       1.00      0.06      0.12        16
         4.0       0.00      0.00      0.00        62
         5.0       0.83      0.34      0.49       277
         6.0       0.88      0.64      0.74        36
         7.0       0.00      0.00      0.00        25
         8.0       0.55      0.33      0.41        73
         9.0       0.63      0.41      0.50        29
        10.0       0.72      0.58      0.65       156
        11.0       0.33      0.26      0.29       168
        12.0       0.54      0.18      0.27        83
        13.0       0.00      0.00      0.00        54
        14.0       0.17      0.13      0.15        31
        15.0       0.75      0.17      0.28        53
        16.0       0.50      0.20      0.29        95
        17.0       0.80      0.78      0.79       884
        18.0       0.72      0.28      0.40        47
        19.0       0.55      0.63      0.59       782
        20.0       0.59      0.68      0.63       592
        21.0       0.68      0.69      0.68       385
        22.0       0.82      0.66      0.73       128
        23.0       0.60      0.84      0.70      1887
        24.0       0.92      0.52      0.67       168
        25.0       0.52      0.63      0.57      1295
        26.0       0.42      0.50      0.46       381
        27.0       0.00      0.00      0.00        14
        28.0       0.49      0.54      0.52       768
        29.0       0.30      0.19      0.23       372
        30.0       0.86      0.65      0.74       631
        31.0       0.00      0.00      0.00        10
        32.0       0.26      0.35      0.30       316
        33.0       0.47      0.41      0.44       405
        34.0       0.82      0.39      0.52        96
        35.0       0.00      0.00      0.00        26
        36.0       0.00      0.00      0.00        66
        37.0       0.50      0.05      0.08        22
        38.0       0.59      0.60      0.59       121
        39.0       0.95      0.65      0.77       113
        40.0       0.87      0.59      0.70       208
        41.0       0.67      0.57      0.61       194
        42.0       1.00      0.24      0.39        46
        43.0       0.71      0.93      0.80       431
        44.0       0.92      0.53      0.67        66
        45.0       0.89      0.71      0.79       489
        46.0       0.83      0.61      0.70        62
        47.0       0.80      0.78      0.79       263
        48.0       0.82      0.56      0.67        50
        49.0       0.40      0.06      0.11        31
        50.0       0.80      0.50      0.62        16
        51.0       1.00      0.38      0.55        21
        52.0       0.50      0.89      0.64        73

    accuracy                           0.61     13120
   macro avg       0.60      0.40      0.44     13120
weighted avg       0.62      0.61      0.59     13120


===confusion_matrix===

[[287   0   0 ...   0   0   0]
 [  0   1   0 ...   0   0   0]
 [  0   0   2 ...   0   0   0]
 ...
 [  0   0   0 ...   8   0   5]
 [  0   0   0 ...   0   8  11]
 [  0   0   0 ...   0   0  65]]

===multilabel confusion matrix===

[[[12514   205]
  [  114   287]]

 [[13100     0]
  [   19     1]]

 [[13038     0]
  [   80     2]]

 [[13104     0]
  [   15     1]]

 [[13057     1]
  [   62     0]]

 [[12824    19]
  [  182    95]]

 [[13081     3]
  [   13    23]]

 [[13095     0]
  [   25     0]]

 [[13027    20]
  [   49    24]]

 [[13084     7]
  [   17    12]]

 [[12929    35]
  [   65    91]]

 [[12863    89]
  [  125    43]]

 [[13024    13]
  [   68    15]]

 [[13066     0]
  [   54     0]]

 [[13070    19]
  [   27     4]]

 [[13064     3]
  [   44     9]]

 [[13006    19]
  [   76    19]]

 [[12068   168]
  [  196   688]]

 [[13068     5]
  [   34    13]]

 [[11943   395]
  [  292   490]]

 [[12249   279]
  [  187   405]]

 [[12609   126]
  [  120   265]]

 [[12974    18]
  [   44    84]]

 [[10186  1047]
  [  304  1583]]

 [[12944     8]
  [   80    88]]

 [[11065   760]
  [  480   815]]

 [[12477   262]
  [  191   190]]

 [[13106     0]
  [   14     0]]

 [[11925   427]
  [  353   415]]

 [[12584   164]
  [  302    70]]

 [[12425    64]
  [  224   407]]

 [[13110     0]
  [   10     0]]

 [[12490   314]
  [  205   111]]

 [[12529   186]
  [  238   167]]

 [[13016     8]
  [   59    37]]

 [[13094     0]
  [   26     0]]

 [[13054     0]
  [   66     0]]

 [[13097     1]
  [   21     1]]

 [[12948    51]
  [   49    72]]

 [[13003     4]
  [   40    73]]

 [[12893    19]
  [   85   123]]

 [[12871    55]
  [   84   110]]

 [[13074     0]
  [   35    11]]

 [[12522   167]
  [   31   400]]

 [[13051     3]
  [   31    35]]

 [[12588    43]
  [  143   346]]

 [[13050     8]
  [   24    38]]

 [[12807    50]
  [   59   204]]

 [[13064     6]
  [   22    28]]

 [[13086     3]
  [   29     2]]

 [[13102     2]
  [    8     8]]

 [[13099     0]
  [   13     8]]

 [[12981    66]
  [    8    65]]]

===scores report===
metrics	scores
Accuracy	0.6081
MCC	0.5818
log_loss	1.4923
f1 score weighted	0.5936
f1 score macro	0.4416
f1 score micro	0.6081
roc_auc ovr	0.9423
roc_auc ovo	0.9375
precision	0.6181
recall	0.6081

===Callbacks===

generate_callbacks
[<tensorflow.python.keras.callbacks.EarlyStopping object at 0x7fb5fc575910>, <tensorflow.python.keras.callbacks.ReduceLROnPlateau object at 0x7fb5fc575850>, <tensorflow.python.keras.callbacks.ModelCheckpoint object at 0x7fb5fc575940>]
===SCORING TEST SET ===

model_complete_evaluate
{'self': <deep_ml.DeepML object at 0x7fb5fc575670>, 'x_test': array([[13, 12, 12, ...,  0,  0,  0],
       [13, 16, 11, ...,  0,  0,  0],
       [13, 20,  8, ...,  0,  0,  0],
       ...,
       [12, 12, 11, ..., 16,  9, 20],
       [13,  6, 12, ...,  0,  0,  0],
       [11, 11,  2, ...,  1, 16,  1]], dtype=int8), 'y_test': array([21., 11., 11., ..., 17., 19., 50.], dtype=float32), 'model': None}
report

              precision    recall  f1-score   support

         0.0       0.57      0.72      0.64       401
         1.0       0.00      0.00      0.00        20
         2.0       0.00      0.00      0.00        82
         3.0       0.00      0.00      0.00        15
         4.0       0.00      0.00      0.00        62
         5.0       0.89      0.33      0.49       278
         6.0       1.00      0.14      0.24        36
         7.0       0.00      0.00      0.00        25
         8.0       0.19      0.04      0.07        73
         9.0       0.57      0.28      0.37        29
        10.0       0.82      0.67      0.73       156
        11.0       0.48      0.15      0.23       168
        12.0       0.50      0.06      0.11        83
        13.0       0.00      0.00      0.00        54
        14.0       0.55      0.19      0.29        31
        15.0       0.00      0.00      0.00        53
        16.0       0.57      0.24      0.34        95
        17.0       0.75      0.81      0.78       884
        18.0       0.64      0.45      0.52        47
        19.0       0.46      0.62      0.53       781
        20.0       0.77      0.61      0.68       592
        21.0       0.82      0.62      0.71       385
        22.0       0.81      0.71      0.76       129
        23.0       0.54      0.87      0.66      1887
        24.0       0.96      0.57      0.71       168
        25.0       0.46      0.64      0.54      1295
        26.0       0.69      0.29      0.40       381
        27.0       1.00      0.46      0.63        13
        28.0       0.65      0.43      0.52       769
        29.0       0.26      0.33      0.29       372
        30.0       0.91      0.65      0.76       631
        31.0       0.00      0.00      0.00        11
        32.0       0.23      0.45      0.31       316
        33.0       0.61      0.46      0.53       405
        34.0       0.75      0.53      0.62        95
        35.0       0.00      0.00      0.00        25
        36.0       1.00      0.02      0.03        66
        37.0       1.00      0.14      0.24        22
        38.0       0.70      0.53      0.60       121
        39.0       0.98      0.58      0.73       113
        40.0       0.93      0.65      0.76       208
        41.0       0.65      0.52      0.58       194
        42.0       0.70      0.15      0.25        46
        43.0       0.93      0.82      0.87       431
        44.0       0.80      0.67      0.73        66
        45.0       0.86      0.73      0.79       489
        46.0       0.72      0.63      0.67        62
        47.0       0.87      0.76      0.81       263
        48.0       0.86      0.48      0.62        50
        49.0       0.71      0.39      0.50        31
        50.0       0.50      0.62      0.56        16
        51.0       0.75      0.55      0.63        22
        52.0       0.63      0.82      0.71        73

    accuracy                           0.60     13120
   macro avg       0.59      0.40      0.44     13120
weighted avg       0.63      0.60      0.59     13120


===confusion_matrix===

[[288   0   0 ...   0   0   0]
 [  0   0   0 ...   0   0   0]
 [  0   0   0 ...   0   0   0]
 ...
 [  0   0   0 ...  10   0   4]
 [  0   0   0 ...   3  12   4]
 [  0   0   0 ...   2   3  60]]

===multilabel confusion matrix===

[[[12506   213]
  [  113   288]]

 [[13100     0]
  [   20     0]]

 [[13038     0]
  [   82     0]]

 [[13105     0]
  [   15     0]]

 [[13058     0]
  [   62     0]]

 [[12831    11]
  [  185    93]]

 [[13084     0]
  [   31     5]]

 [[13095     0]
  [   25     0]]

 [[13034    13]
  [   70     3]]

 [[13085     6]
  [   21     8]]

 [[12941    23]
  [   52   104]]

 [[12925    27]
  [  143    25]]

 [[13032     5]
  [   78     5]]

 [[13066     0]
  [   54     0]]

 [[13084     5]
  [   25     6]]

 [[13067     0]
  [   53     0]]

 [[13008    17]
  [   72    23]]

 [[11991   245]
  [  165   719]]

 [[13061    12]
  [   26    21]]

 [[11761   578]
  [  294   487]]

 [[12419   109]
  [  232   360]]

 [[12683    52]
  [  145   240]]

 [[12970    21]
  [   37    92]]

 [[ 9820  1413]
  [  248  1639]]

 [[12948     4]
  [   73    95]]

 [[10855   970]
  [  460   835]]

 [[12689    50]
  [  272   109]]

 [[13107     0]
  [    7     6]]

 [[12178   173]
  [  441   328]]

 [[12405   343]
  [  250   122]]

 [[12451    38]
  [  222   409]]

 [[13109     0]
  [   11     0]]

 [[12337   467]
  [  175   141]]

 [[12595   120]
  [  217   188]]

 [[13008    17]
  [   45    50]]

 [[13095     0]
  [   25     0]]

 [[13054     0]
  [   65     1]]

 [[13098     0]
  [   19     3]]

 [[12972    27]
  [   57    64]]

 [[13006     1]
  [   48    65]]

 [[12902    10]
  [   73   135]]

 [[12871    55]
  [   93   101]]

 [[13071     3]
  [   39     7]]

 [[12663    26]
  [   78   353]]

 [[13043    11]
  [   22    44]]

 [[12571    60]
  [  130   359]]

 [[13043    15]
  [   23    39]]

 [[12826    31]
  [   62   201]]

 [[13066     4]
  [   26    24]]

 [[13084     5]
  [   19    12]]

 [[13094    10]
  [    6    10]]

 [[13094     4]
  [   10    12]]

 [[13012    35]
  [   13    60]]]

===scores report===
metrics	scores
Accuracy	0.6014
MCC	0.5749
log_loss	1.5157
f1 score weighted	0.5894
f1 score macro	0.4440
f1 score micro	0.6014
roc_auc ovr	0.9447
roc_auc ovo	0.9387
precision	0.6344
recall	0.6014

===Callbacks===

generate_callbacks
[<tensorflow.python.keras.callbacks.EarlyStopping object at 0x7fb5fc575910>, <tensorflow.python.keras.callbacks.ReduceLROnPlateau object at 0x7fb5fc575850>, <tensorflow.python.keras.callbacks.ModelCheckpoint object at 0x7fb5fc575940>]
===SCORING TEST SET ===

model_complete_evaluate
{'self': <deep_ml.DeepML object at 0x7fb5fc575670>, 'x_test': array([[13, 17, 12, ...,  0,  0,  0],
       [13, 12,  3, ...,  0,  0,  0],
       [13,  3, 10, ...,  0,  0,  0],
       ...,
       [ 8, 20,  4, ...,  0,  0,  0],
       [20,  6, 15, ...,  4,  2,  3],
       [ 8, 15, 15, ...,  9, 17, 11]], dtype=int8), 'y_test': array([21., 21., 21., ..., 47., 26., 30.], dtype=float32), 'model': None}
report

              precision    recall  f1-score   support

         0.0       0.61      0.80      0.69       402
         1.0       0.00      0.00      0.00        19
         2.0       0.95      0.26      0.40        82
         3.0       0.00      0.00      0.00        16
         4.0       0.00      0.00      0.00        62
         5.0       0.66      0.39      0.49       278
         6.0       0.89      0.44      0.59        36
         7.0       0.00      0.00      0.00        26
         8.0       0.52      0.47      0.49        73
         9.0       0.33      0.63      0.44        30
        10.0       0.86      0.65      0.74       156
        11.0       0.72      0.43      0.54       169
        12.0       0.77      0.28      0.41        83
        13.0       0.00      0.00      0.00        53
        14.0       0.80      0.13      0.22        31
        15.0       0.78      0.13      0.23        52
        16.0       0.63      0.23      0.34        95
        17.0       0.77      0.82      0.79       885
        18.0       0.65      0.54      0.59        48
        19.0       0.69      0.61      0.65       781
        20.0       0.68      0.67      0.68       592
        21.0       0.52      0.80      0.63       384
        22.0       0.67      0.75      0.71       128
        23.0       0.61      0.86      0.71      1887
        24.0       0.92      0.62      0.74       168
        25.0       0.63      0.54      0.58      1295
        26.0       0.74      0.42      0.54       381
        27.0       0.88      0.50      0.64        14
        28.0       0.61      0.53      0.57       769
        29.0       0.37      0.30      0.33       372
        30.0       0.62      0.72      0.67       630
        31.0       0.00      0.00      0.00        11
        32.0       0.44      0.46      0.45       316
        33.0       0.39      0.63      0.48       405
        34.0       0.55      0.59      0.57        95
        35.0       0.00      0.00      0.00        25
        36.0       0.81      0.20      0.32        65
        37.0       1.00      0.45      0.62        22
        38.0       0.79      0.47      0.59       121
        39.0       0.81      0.69      0.75       113
        40.0       0.87      0.68      0.76       208
        41.0       0.68      0.55      0.61       194
        42.0       0.88      0.30      0.44        47
        43.0       0.86      0.86      0.86       431
        44.0       0.95      0.86      0.90        66
        45.0       0.65      0.75      0.70       488
        46.0       0.91      0.67      0.77        63
        47.0       0.78      0.77      0.77       263
        48.0       0.62      0.31      0.41        49
        49.0       0.43      0.53      0.48        30
        50.0       1.00      0.13      0.24        15
        51.0       0.70      0.64      0.67        22
        52.0       0.64      0.86      0.73        73

    accuracy                           0.64     13119
   macro avg       0.62      0.47      0.50     13119
weighted avg       0.65      0.64      0.63     13119


===confusion_matrix===

[[322   0   0 ...   0   0   0]
 [  0   0   0 ...   0   0   0]
 [  0   0  21 ...   0   0   0]
 ...
 [  0   0   0 ...   2   0   1]
 [  0   0   0 ...   0  14   8]
 [  0   0   0 ...   0   1  63]]

===multilabel confusion matrix===

[[[12507   210]
  [   80   322]]

 [[13100     0]
  [   19     0]]

 [[13036     1]
  [   61    21]]

 [[13103     0]
  [   16     0]]

 [[13057     0]
  [   62     0]]

 [[12784    57]
  [  169   109]]

 [[13081     2]
  [   20    16]]

 [[13093     0]
  [   26     0]]

 [[13015    31]
  [   39    34]]

 [[13051    38]
  [   11    19]]

 [[12947    16]
  [   55   101]]

 [[12922    28]
  [   97    72]]

 [[13029     7]
  [   60    23]]

 [[13066     0]
  [   53     0]]

 [[13087     1]
  [   27     4]]

 [[13065     2]
  [   45     7]]

 [[13011    13]
  [   73    22]]

 [[12012   222]
  [  158   727]]

 [[13057    14]
  [   22    26]]

 [[12124   214]
  [  303   478]]

 [[12340   187]
  [  193   399]]

 [[12449   286]
  [   76   308]]

 [[12944    47]
  [   32    96]]

 [[10190  1042]
  [  270  1617]]

 [[12942     9]
  [   64   104]]

 [[11408   416]
  [  596   699]]

 [[12682    56]
  [  221   160]]

 [[13104     1]
  [    7     7]]

 [[12095   255]
  [  362   407]]

 [[12560   187]
  [  261   111]]

 [[12213   276]
  [  175   455]]

 [[13108     0]
  [   11     0]]

 [[12617   186]
  [  171   145]]

 [[12316   398]
  [  148   257]]

 [[12978    46]
  [   39    56]]

 [[13094     0]
  [   25     0]]

 [[13051     3]
  [   52    13]]

 [[13097     0]
  [   12    10]]

 [[12983    15]
  [   64    57]]

 [[12988    18]
  [   35    78]]

 [[12889    22]
  [   66   142]]

 [[12875    50]
  [   88   106]]

 [[13070     2]
  [   33    14]]

 [[12628    60]
  [   60   371]]

 [[13050     3]
  [    9    57]]

 [[12435   196]
  [  123   365]]

 [[13052     4]
  [   21    42]]

 [[12799    57]
  [   61   202]]

 [[13061     9]
  [   34    15]]

 [[13068    21]
  [   14    16]]

 [[13104     0]
  [   13     2]]

 [[13091     6]
  [    8    14]]

 [[13010    36]
  [   10    63]]]

===scores report===
metrics	scores
Accuracy	0.6379
MCC	0.6151
log_loss	1.4441
f1 score weighted	0.6250
f1 score macro	0.5005
f1 score micro	0.6379
roc_auc ovr	0.9513
roc_auc ovo	0.9463
precision	0.6462
recall	0.6379

===TRAIN MODELS with CV===

train_model_cv	Accuracy	MCC	log_loss	f1 score weighted	f1 score macro	f1 score micro	roc_auc ovr	roc_auc ovo	precision	recall
0	0.6308689024390244	0.6075558442146256	1.476285495476187	0.6256372662844156	0.5031884078800127	0.6308689024390244	0.9506981606103552	0.9456674659904233	0.6665644119275286	0.6308689024390244
1	0.6527439024390244	0.6319781058899026	1.4391441700632168	0.6436358260287661	0.5606652363381943	0.6527439024390244	0.9577938640671617	0.9538207963672575	0.6860510491151328	0.6527439024390244
2	0.6080792682926829	0.581827762452968	1.4922987693885799	0.5936168006833489	0.44159979980493536	0.6080792682926829	0.9422888193378789	0.9375472557783854	0.6181407460682333	0.6080792682926829
3	0.6014481707317073	0.5749239295160508	1.515655665094884	0.5893903232734726	0.4440133640863853	0.6014481707317073	0.9446914162532488	0.9386633803318671	0.6344396374398039	0.6014481707317073
4	0.637929720253068	0.6150672432378056	1.4440889278796223	0.6250135020936755	0.500524646560745	0.637929720253068	0.9512947162656913	0.9462645478518108	0.6461793347094495	0.637929720253068
mean	0.6262139928311015	0.6022705770622705	1.4734946055804978	0.6154587436727358	0.48999829093405456	0.6262139928311015	0.9493533953068672	0.9443926892639489	0.6502750358520297	0.6262139928311015
std	0.018999877550297386	0.021165886630575705	0.028926067425702053	0.020714616659749507	0.044126246070428886	0.018999877550297386	0.005449053422350089	0.005894116630527035	0.023855456770152276	0.018999877550297386

Accuracy
MCC
log_loss
f1 score weighted
f1 score macro
f1 score micro
roc_auc ovr
roc_auc ovo
precision
recallFinished train_model_cv in 41279.3854 secs

