,0,1,2,3,4
0,0.03255293,-0.028468562,0.040690947,0.027771655,0.0073738806
1,-0.14903836,-0.24009757,-0.0032021562,0.13375853,-0.023974413
2,-0.06080145,1.5192873,-0.38326257,0.23178916,0.25311175
3,0.6499748,0.002017489,-0.37959024,-0.4484444,0.44635525
4,2.6827686,-1.107932,-1.285348,0.6501674,1.077978
5,-0.36963728,-0.2381429,0.30748263,-0.22549808,-0.22948883
6,1.2862194,-0.09189381,-0.73568755,0.85146236,0.6184158
7,0.4953963,0.46514875,-0.2034928,0.2422638,0.17876647
8,0.09647329,-2.651843,0.17039526,-2.9916062,0.35601127
9,0.47111237,0.2794198,0.00088136725,-0.44275793,0.1493071
10,-1.2978673,-0.22253084,1.4914075,0.9029098,-1.3373129
11,-0.77248096,0.43867406,1.0415424,0.93748236,-1.5341021
12,0.32242134,1.1322676,-0.37833223,0.095075004,0.31374723
13,-0.9639367,0.21658897,0.42843163,0.16489655,-0.47383887
14,0.025506005,-0.12487242,0.9474334,0.47715628,-0.85129476
15,-0.0848521,0.5202994,-3.7085881,-0.6231992,3.7541342
16,-0.1001498,0.12504251,-0.11941493,-0.4900488,0.12860069
17,-0.2734049,0.058485318,-0.014054618,-0.26557323,0.008490173
18,0.6552659,-0.082487844,0.46272773,0.23344779,-0.38220623
19,0.32311377,-0.13651033,0.33728334,0.2753556,-0.28432363
20,-0.6948479,-0.17948925,1.1020492,0.54211956,-1.1698699
