/home/amsequeira/enzymeClassification/models/hot_encoded/64_64_32_500_post_terminals_bilstm_attentio_cv_only_enz_hot_lev4_ec50
self
x_train
y_train
x_test
y_test
number_classes
problem_type
x_dval
y_dval
model
epochs
batch_size
callbacks
reduce_lr
early_stopping
checkpoint
tensorboard
early_stopping_patience
reduce_lr_patience
reduce_lr_factor
reduce_lr_min
path
report_name
verbose
validation_split
shuffle
class_weights
===Callbacks===

generate_callbacks
[<tensorflow.python.keras.callbacks.EarlyStopping object at 0x7f3b605718b0>, <tensorflow.python.keras.callbacks.ReduceLROnPlateau object at 0x7f3b60571a90>, <tensorflow.python.keras.callbacks.ModelCheckpoint object at 0x7f3b60571af0>]
===SCORING TEST SET ===

model_complete_evaluate
{'self': <deep_ml.DeepML object at 0x7f3b605717f0>, 'x_test': array([[[0, 0, 0, ..., 0, 0, 0],
        [0, 0, 0, ..., 0, 0, 0],
        [0, 0, 0, ..., 0, 0, 0],
        ...,
        [1, 0, 0, ..., 0, 0, 0],
        [1, 0, 0, ..., 0, 0, 0],
        [1, 0, 0, ..., 0, 0, 0]],

       [[0, 0, 0, ..., 0, 0, 0],
        [0, 1, 0, ..., 0, 0, 0],
        [0, 1, 0, ..., 0, 0, 0],
        ...,
        [1, 0, 0, ..., 0, 0, 0],
        [1, 0, 0, ..., 0, 0, 0],
        [1, 0, 0, ..., 0, 0, 0]],

       [[0, 0, 0, ..., 0, 0, 0],
        [0, 0, 0, ..., 0, 0, 0],
        [0, 0, 0, ..., 0, 0, 0],
        ...,
        [0, 0, 0, ..., 0, 0, 0],
        [0, 0, 0, ..., 0, 0, 0],
        [0, 0, 0, ..., 0, 0, 0]],

       ...,

       [[0, 0, 0, ..., 0, 0, 0],
        [0, 1, 0, ..., 0, 0, 0],
        [0, 0, 0, ..., 0, 0, 0],
        ...,
        [0, 0, 0, ..., 0, 0, 0],
        [0, 0, 1, ..., 0, 0, 0],
        [0, 0, 0, ..., 0, 0, 0]],

       [[0, 0, 0, ..., 0, 0, 0],
        [0, 1, 0, ..., 0, 0, 0],
        [0, 0, 0, ..., 0, 0, 0],
        ...,
        [0, 0, 0, ..., 0, 0, 0],
        [0, 1, 0, ..., 0, 0, 0],
        [0, 0, 0, ..., 0, 0, 0]],

       [[0, 0, 0, ..., 0, 0, 0],
        [0, 0, 0, ..., 0, 0, 0],
        [0, 0, 0, ..., 0, 0, 0],
        ...,
        [1, 0, 0, ..., 0, 0, 0],
        [1, 0, 0, ..., 0, 0, 0],
        [1, 0, 0, ..., 0, 0, 0]]], dtype=int8), 'y_test': array([ 84.,  84., 213., ...,  62.,  62.,  62.], dtype=float32), 'model': None}
report

              precision    recall  f1-score   support

         0.0       0.75      0.90      0.82        10
         1.0       0.92      0.96      0.94        25
         2.0       0.88      0.88      0.88        16
         3.0       1.00      0.50      0.67        12
         4.0       0.50      0.67      0.57        15
         5.0       1.00      0.90      0.95        10
         6.0       0.95      0.86      0.90        21
         7.0       0.90      0.78      0.84        23
         8.0       0.42      0.68      0.52        22
         9.0       0.79      0.74      0.76        35
        10.0       1.00      0.36      0.53        11
        11.0       1.00      0.84      0.91        19
        12.0       0.55      0.33      0.41        18
        13.0       0.93      1.00      0.97        14
        14.0       0.87      0.93      0.90        14
        15.0       1.00      0.90      0.95        10
        16.0       0.79      0.94      0.86        16
        17.0       0.90      0.75      0.82        12
        18.0       0.87      0.77      0.82        26
        19.0       0.87      1.00      0.93        26
        20.0       0.81      1.00      0.90        13
        21.0       0.88      0.94      0.91        16
        22.0       0.81      1.00      0.89        17
        23.0       0.69      0.82      0.75        11
        24.0       0.93      0.78      0.85        18
        25.0       0.86      1.00      0.92        18
        26.0       0.75      0.90      0.82        10
        27.0       0.92      0.92      0.92        13
        28.0       1.00      0.85      0.92        20
        29.0       0.72      1.00      0.84        23
        30.0       0.88      1.00      0.94        29
        31.0       0.90      1.00      0.95        18
        32.0       0.86      0.60      0.71        10
        33.0       0.88      0.97      0.92        31
        34.0       0.97      0.91      0.94        32
        35.0       0.91      0.83      0.87        12
        36.0       0.93      0.93      0.93        27
        37.0       0.53      0.60      0.56        15
        38.0       0.90      0.82      0.86        11
        39.0       0.57      0.31      0.40        13
        40.0       0.88      1.00      0.94        15
        41.0       0.75      1.00      0.86        12
        42.0       0.60      0.60      0.60        10
        43.0       0.94      1.00      0.97        17
        44.0       0.90      0.93      0.91        28
        45.0       1.00      0.86      0.92        21
        46.0       0.71      0.94      0.81        16
        47.0       0.85      0.85      0.85        13
        48.0       0.80      0.36      0.50        11
        49.0       0.53      0.83      0.65        12
        50.0       0.80      1.00      0.89        12
        51.0       1.00      1.00      1.00        14
        52.0       0.75      0.81      0.78        26
        53.0       0.79      0.96      0.87        27
        54.0       0.85      1.00      0.92        22
        55.0       0.87      1.00      0.93        20
        56.0       0.92      0.96      0.94        25
        57.0       0.85      0.81      0.83        21
        58.0       0.78      0.64      0.70        11
        59.0       0.75      0.19      0.30        16
        60.0       1.00      0.88      0.93        24
        61.0       0.67      0.29      0.40        14
        62.0       0.84      0.77      0.80       133
        63.0       1.00      0.94      0.97        16
        64.0       1.00      0.82      0.90        11
        65.0       0.94      0.88      0.91        17
        66.0       0.82      1.00      0.90        14
        67.0       0.91      0.91      0.91        11
        68.0       0.77      0.89      0.83        19
        69.0       1.00      1.00      1.00        30
        70.0       0.95      1.00      0.97        18
        71.0       0.88      0.93      0.90        15
        72.0       1.00      0.95      0.98        22
        73.0       0.77      0.91      0.83        11
        74.0       1.00      1.00      1.00        22
        75.0       0.76      0.94      0.84        17
        76.0       0.88      1.00      0.94        15
        77.0       0.94      0.71      0.81        21
        78.0       0.91      0.95      0.93        21
        79.0       1.00      0.70      0.82        10
        80.0       0.80      0.52      0.63        31
        81.0       1.00      0.81      0.89        21
        82.0       0.76      0.96      0.85        27
        83.0       0.92      0.85      0.88        13
        84.0       0.83      0.91      0.87        22
        85.0       0.75      1.00      0.86        12
        86.0       1.00      1.00      1.00        39
        87.0       1.00      1.00      1.00        17
        88.0       0.96      0.96      0.96        27
        89.0       0.79      0.92      0.85        12
        90.0       0.88      1.00      0.93        21
        91.0       1.00      0.97      0.98        30
        92.0       0.71      1.00      0.83        12
        93.0       0.70      0.50      0.58        14
        94.0       0.93      1.00      0.97        28
        95.0       0.96      1.00      0.98        26
        96.0       0.92      1.00      0.96        11
        97.0       0.77      1.00      0.87        30
        98.0       0.87      0.81      0.84        16
        99.0       0.94      0.94      0.94        17
       100.0       0.92      0.96      0.94        24
       101.0       0.81      0.89      0.85        28
       102.0       0.80      0.42      0.55        19
       103.0       0.89      0.84      0.86       291
       104.0       0.58      0.54      0.56        13
       105.0       0.58      0.88      0.70        16
       106.0       0.86      0.68      0.76        44
       107.0       0.80      1.00      0.89        12
       108.0       1.00      1.00      1.00        16
       109.0       1.00      1.00      1.00        19
       110.0       0.89      1.00      0.94        16
       111.0       1.00      1.00      1.00        14
       112.0       0.92      0.96      0.94        23
       113.0       0.94      0.91      0.93        34
       114.0       0.90      1.00      0.95        18
       115.0       1.00      0.86      0.92        21
       116.0       0.94      0.97      0.96        34
       117.0       0.92      0.92      0.92        13
       118.0       0.88      1.00      0.93        28
       119.0       0.96      0.92      0.94        26
       120.0       1.00      0.93      0.96        14
       121.0       0.62      0.73      0.67        11
       122.0       0.30      0.16      0.21        19
       123.0       0.88      0.81      0.84       136
       124.0       0.86      0.90      0.88        20
       125.0       0.35      0.67      0.46        58
       126.0       0.85      0.85      0.85        13
       127.0       0.81      1.00      0.89        17
       128.0       0.63      1.00      0.77        17
       129.0       0.93      0.82      0.87        17
       130.0       1.00      0.75      0.86        32
       131.0       0.77      1.00      0.87        20
       132.0       0.89      1.00      0.94        17
       133.0       0.87      0.87      0.87        15
       134.0       0.89      0.94      0.91        17
       135.0       0.63      0.92      0.75        13
       136.0       0.67      0.62      0.64        13
       137.0       0.97      0.87      0.92        38
       138.0       0.46      0.40      0.43        15
       139.0       0.60      0.63      0.62        19
       140.0       0.79      0.71      0.75        21
       141.0       1.00      0.96      0.98        45
       142.0       0.67      0.18      0.29        11
       143.0       0.84      1.00      0.91        16
       144.0       0.60      0.60      0.60        10
       145.0       0.44      0.22      0.30        18
       146.0       0.76      0.89      0.82        28
       147.0       0.82      0.82      0.82        11
       148.0       1.00      0.70      0.82        23
       149.0       1.00      0.92      0.96        52
       150.0       0.73      0.83      0.78        54
       151.0       0.85      0.69      0.76        16
       152.0       0.87      0.81      0.84        67
       153.0       0.33      0.18      0.24        11
       154.0       0.85      0.70      0.77        40
       155.0       0.67      0.67      0.67        24
       156.0       0.33      0.08      0.13        12
       157.0       0.53      0.56      0.54        18
       158.0       0.89      0.47      0.62        17
       159.0       0.60      0.79      0.68        19
       160.0       0.44      0.27      0.33        15
       161.0       0.40      0.56      0.47        25
       162.0       0.18      0.18      0.18        11
       163.0       0.40      0.25      0.31        16
       164.0       0.85      0.94      0.89        18
       165.0       0.80      0.67      0.73        12
       166.0       0.50      0.33      0.40        48
       167.0       1.00      1.00      1.00        21
       168.0       0.68      0.87      0.76        15
       169.0       0.94      0.94      0.94        17
       170.0       1.00      0.88      0.93        24
       171.0       0.92      0.94      0.93        36
       172.0       0.71      0.71      0.71        14
       173.0       0.68      0.76      0.72        17
       174.0       0.89      0.92      0.91        26
       175.0       0.89      0.73      0.80        11
       176.0       0.55      0.50      0.52        12
       177.0       1.00      0.76      0.86        21
       178.0       1.00      0.93      0.97        15
       179.0       1.00      0.36      0.53        14
       180.0       0.54      0.47      0.50        15
       181.0       0.72      0.91      0.81        23
       182.0       0.97      0.97      0.97        30
       183.0       1.00      0.83      0.91        12
       184.0       0.91      0.95      0.93        22
       185.0       0.90      1.00      0.95        28
       186.0       0.85      0.58      0.69       128
       187.0       0.82      0.87      0.84       119
       188.0       0.87      0.93      0.90        14
       189.0       0.90      0.78      0.84        23
       190.0       0.61      1.00      0.76        14
       191.0       1.00      0.42      0.59        12
       192.0       0.87      0.87      0.87        15
       193.0       0.80      0.33      0.47        12
       194.0       0.77      0.85      0.81        20
       195.0       1.00      0.64      0.78        11
       196.0       0.82      0.69      0.75        13
       197.0       0.67      0.62      0.64        13
       198.0       0.93      0.93      0.93        14
       199.0       0.71      0.67      0.69        15
       200.0       0.86      0.73      0.79        26
       201.0       0.94      0.88      0.91        17
       202.0       0.74      0.93      0.82        15
       203.0       1.00      0.79      0.88        29
       204.0       1.00      0.95      0.98        22
       205.0       1.00      1.00      1.00        15
       206.0       0.86      0.95      0.90        19
       207.0       0.95      1.00      0.97        19
       208.0       0.94      0.94      0.94        17
       209.0       0.94      0.94      0.94        16
       210.0       0.95      1.00      0.98        20
       211.0       0.76      1.00      0.87        13
       212.0       1.00      0.86      0.92        14
       213.0       0.88      0.88      0.88        17
       214.0       0.57      0.91      0.70        22
       215.0       0.93      1.00      0.97        14
       216.0       0.89      0.94      0.91        17
       217.0       0.71      1.00      0.83        10
       218.0       0.90      0.86      0.88       110
       219.0       0.92      0.79      0.85        29
       220.0       0.84      1.00      0.91        21
       221.0       1.00      0.92      0.96        13
       222.0       1.00      1.00      1.00        26
       223.0       0.88      0.88      0.88        16
       224.0       0.94      0.76      0.84        21
       225.0       1.00      0.53      0.69        17
       226.0       0.75      1.00      0.86        12
       227.0       0.71      0.92      0.80        13
       228.0       0.92      1.00      0.96        12
       229.0       0.94      0.94      0.94        31
       230.0       0.86      0.88      0.87        34
       231.0       0.67      0.46      0.55        13
       232.0       0.74      0.79      0.77        29
       233.0       0.95      0.95      0.95        20
       234.0       0.91      1.00      0.95        20
       235.0       0.91      0.95      0.93        21
       236.0       0.85      0.77      0.81        22
       237.0       0.78      0.90      0.84        20
       238.0       1.00      0.93      0.96        27
       239.0       0.81      1.00      0.90        30
       240.0       0.72      0.91      0.81        23
       241.0       0.87      1.00      0.93        13
       242.0       0.84      0.84      0.84        45
       243.0       1.00      0.85      0.92        26
       244.0       1.00      0.92      0.96        12
       245.0       1.00      0.89      0.94        19
       246.0       1.00      1.00      1.00        21
       247.0       1.00      0.95      0.98        21
       248.0       0.76      0.81      0.79        16
       249.0       0.96      0.92      0.94        26
       250.0       0.95      0.95      0.95        19
       251.0       0.83      0.83      0.83        12
       252.0       1.00      0.64      0.78        11
       253.0       1.00      0.91      0.95        22
       254.0       0.92      1.00      0.96        12
       255.0       0.39      0.47      0.42        15
       256.0       0.86      1.00      0.92        24
       257.0       0.91      0.67      0.77        15
       258.0       0.89      0.94      0.92        18
       259.0       0.96      0.96      0.96        26
       260.0       0.71      0.94      0.81        18
       261.0       0.83      0.94      0.88        31
       262.0       0.85      1.00      0.92        11
       263.0       1.00      0.93      0.97        15
       264.0       0.95      1.00      0.97        18
       265.0       0.92      1.00      0.96        11
       266.0       0.75      1.00      0.86        15
       267.0       0.91      0.77      0.83        13
       268.0       0.65      1.00      0.78        20
       269.0       1.00      1.00      1.00        19
       270.0       0.33      0.29      0.31        14
       271.0       0.73      0.95      0.83        38
       272.0       0.82      0.94      0.88        53
       273.0       0.92      0.74      0.82        31
       274.0       0.91      0.94      0.92        32
       275.0       0.92      1.00      0.96        11
       276.0       0.61      1.00      0.76        11
       277.0       0.92      0.92      0.92        12

    accuracy                           0.84      6280
   macro avg       0.83      0.83      0.82      6280
weighted avg       0.84      0.84      0.83      6280


===confusion_matrix===

[[ 9  0  0 ...  0  0  0]
 [ 0 24  0 ...  0  0  0]
 [ 0  0 14 ...  0  0  0]
 ...
 [ 0  0  0 ... 11  0  0]
 [ 0  0  0 ...  0 11  0]
 [ 0  0  0 ...  0  1 11]]

===multilabel confusion matrix===

[[[6267    3]
  [   1    9]]

 [[6253    2]
  [   1   24]]

 [[6262    2]
  [   2   14]]

 ...

 [[6268    1]
  [   0   11]]

 [[6262    7]
  [   0   11]]

 [[6267    1]
  [   1   11]]]

===scores report===
metrics	scores
Accuracy	0.8350
MCC	0.8339
log_loss	0.7776
f1 score weighted	0.8310
f1 score macro	0.8196
f1 score micro	0.8350
roc_auc ovr	0.9960
roc_auc ovo	0.9963
precision	0.8447
recall	0.8350

===Callbacks===

generate_callbacks
[<tensorflow.python.keras.callbacks.EarlyStopping object at 0x7f3b605718b0>, <tensorflow.python.keras.callbacks.ReduceLROnPlateau object at 0x7f3b60571a90>, <tensorflow.python.keras.callbacks.ModelCheckpoint object at 0x7f3b60571af0>]
===SCORING TEST SET ===

model_complete_evaluate
{'self': <deep_ml.DeepML object at 0x7f3b605717f0>, 'x_test': array([[[0, 0, 0, ..., 0, 0, 0],
        [0, 0, 0, ..., 0, 0, 0],
        [0, 1, 0, ..., 0, 0, 0],
        ...,
        [1, 0, 0, ..., 0, 0, 0],
        [1, 0, 0, ..., 0, 0, 0],
        [1, 0, 0, ..., 0, 0, 0]],

       [[0, 0, 0, ..., 0, 0, 0],
        [0, 0, 0, ..., 0, 0, 0],
        [0, 0, 0, ..., 0, 0, 0],
        ...,
        [1, 0, 0, ..., 0, 0, 0],
        [1, 0, 0, ..., 0, 0, 0],
        [1, 0, 0, ..., 0, 0, 0]],

       [[0, 0, 0, ..., 0, 0, 0],
        [0, 0, 0, ..., 0, 0, 0],
        [0, 0, 0, ..., 0, 0, 0],
        ...,
        [1, 0, 0, ..., 0, 0, 0],
        [1, 0, 0, ..., 0, 0, 0],
        [1, 0, 0, ..., 0, 0, 0]],

       ...,

       [[0, 0, 0, ..., 0, 0, 0],
        [0, 1, 0, ..., 0, 0, 0],
        [0, 0, 0, ..., 0, 0, 0],
        ...,
        [0, 0, 0, ..., 0, 0, 0],
        [0, 0, 1, ..., 0, 0, 0],
        [0, 0, 0, ..., 1, 0, 0]],

       [[0, 0, 0, ..., 0, 0, 0],
        [0, 0, 0, ..., 0, 0, 0],
        [0, 0, 0, ..., 0, 0, 1],
        ...,
        [0, 0, 0, ..., 0, 0, 0],
        [0, 1, 0, ..., 0, 0, 0],
        [0, 0, 0, ..., 0, 0, 0]],

       [[0, 0, 0, ..., 0, 0, 0],
        [0, 0, 0, ..., 0, 0, 0],
        [0, 0, 0, ..., 0, 0, 0],
        ...,
        [0, 0, 0, ..., 0, 0, 0],
        [0, 0, 0, ..., 0, 0, 0],
        [0, 0, 0, ..., 0, 0, 0]]], dtype=int8), 'y_test': array([ 84.,  84.,  84., ..., 186.,  62., 139.], dtype=float32), 'model': None}
report

              precision    recall  f1-score   support

         0.0       0.50      0.91      0.65        11
         1.0       0.83      0.96      0.89        25
         2.0       0.88      0.94      0.91        16
         3.0       0.83      0.77      0.80        13
         4.0       0.76      0.81      0.79        16
         5.0       1.00      0.90      0.95        10
         6.0       1.00      0.95      0.98        21
         7.0       0.77      0.74      0.76        23
         8.0       0.69      0.50      0.58        22
         9.0       0.64      0.88      0.74        34
        10.0       0.83      0.45      0.59        11
        11.0       0.94      0.89      0.92        19
        12.0       0.52      0.65      0.58        17
        13.0       0.92      0.79      0.85        14
        14.0       0.62      0.71      0.67        14
        15.0       1.00      0.80      0.89        10
        16.0       0.94      0.94      0.94        16
        17.0       0.86      1.00      0.92        12
        18.0       0.84      0.81      0.82        26
        19.0       0.96      0.92      0.94        26
        20.0       0.92      0.92      0.92        13
        21.0       1.00      0.94      0.97        16
        22.0       1.00      0.53      0.69        17
        23.0       0.62      0.67      0.64        12
        24.0       0.90      0.95      0.92        19
        25.0       0.78      0.95      0.86        19
        26.0       1.00      1.00      1.00        10
        27.0       0.92      0.85      0.88        13
        28.0       1.00      0.90      0.95        20
        29.0       1.00      1.00      1.00        22
        30.0       0.96      0.86      0.91        29
        31.0       1.00      1.00      1.00        18
        32.0       0.80      0.80      0.80        10
        33.0       1.00      0.97      0.98        30
        34.0       1.00      0.88      0.93        32
        35.0       1.00      0.58      0.74        12
        36.0       1.00      0.81      0.90        27
        37.0       0.89      0.53      0.67        15
        38.0       0.91      0.91      0.91        11
        39.0       0.29      0.15      0.20        13
        40.0       0.94      1.00      0.97        15
        41.0       0.46      0.92      0.61        12
        42.0       0.77      0.91      0.83        11
        43.0       1.00      0.94      0.97        16
        44.0       1.00      0.96      0.98        28
        45.0       1.00      0.76      0.86        21
        46.0       0.75      0.94      0.83        16
        47.0       0.92      0.92      0.92        13
        48.0       0.82      0.82      0.82        11
        49.0       0.92      1.00      0.96        12
        50.0       0.83      0.83      0.83        12
        51.0       0.68      0.93      0.79        14
        52.0       0.95      0.81      0.88        26
        53.0       1.00      0.96      0.98        27
        54.0       0.68      0.95      0.79        22
        55.0       0.87      1.00      0.93        20
        56.0       0.80      0.96      0.87        25
        57.0       1.00      0.81      0.89        21
        58.0       0.60      0.82      0.69        11
        59.0       0.40      0.25      0.31        16
        60.0       0.92      0.96      0.94        25
        61.0       1.00      0.21      0.35        14
        62.0       0.93      0.82      0.87       133
        63.0       0.68      0.94      0.79        16
        64.0       0.78      0.58      0.67        12
        65.0       1.00      0.65      0.79        17
        66.0       0.79      0.79      0.79        14
        67.0       0.90      0.82      0.86        11
        68.0       0.47      0.94      0.63        18
        69.0       1.00      0.97      0.98        30
        70.0       0.89      0.94      0.92        18
        71.0       0.71      0.80      0.75        15
        72.0       1.00      1.00      1.00        21
        73.0       1.00      0.82      0.90        11
        74.0       0.95      1.00      0.98        21
        75.0       1.00      1.00      1.00        18
        76.0       1.00      1.00      1.00        15
        77.0       0.91      0.95      0.93        21
        78.0       0.72      1.00      0.84        21
        79.0       0.92      1.00      0.96        11
        80.0       0.45      0.65      0.53        31
        81.0       0.54      0.90      0.68        21
        82.0       1.00      0.89      0.94        27
        83.0       1.00      0.92      0.96        13
        84.0       0.89      0.77      0.83        22
        85.0       0.85      0.92      0.88        12
        86.0       1.00      0.97      0.99        39
        87.0       0.94      0.88      0.91        17
        88.0       0.96      1.00      0.98        26
        89.0       1.00      0.92      0.96        12
        90.0       0.95      1.00      0.98        21
        91.0       0.94      1.00      0.97        30
        92.0       0.83      0.83      0.83        12
        93.0       0.89      0.57      0.70        14
        94.0       1.00      0.86      0.92        28
        95.0       0.92      0.92      0.92        26
        96.0       0.91      0.91      0.91        11
        97.0       0.74      0.90      0.81        31
        98.0       0.59      0.81      0.68        16
        99.0       1.00      1.00      1.00        17
       100.0       1.00      0.88      0.94        25
       101.0       0.89      0.57      0.70        28
       102.0       0.69      0.58      0.63        19
       103.0       0.81      0.88      0.85       292
       104.0       0.90      0.69      0.78        13
       105.0       0.88      0.88      0.88        17
       106.0       0.82      0.72      0.77        43
       107.0       0.79      0.85      0.81        13
       108.0       1.00      0.69      0.81        16
       109.0       0.74      0.94      0.83        18
       110.0       1.00      0.94      0.97        16
       111.0       0.93      1.00      0.96        13
       112.0       0.91      0.91      0.91        23
       113.0       0.94      0.91      0.93        34
       114.0       0.62      0.72      0.67        18
       115.0       1.00      0.95      0.98        21
       116.0       1.00      0.97      0.99        34
       117.0       0.92      0.92      0.92        12
       118.0       0.97      1.00      0.98        28
       119.0       0.96      0.96      0.96        25
       120.0       1.00      0.93      0.96        14
       121.0       0.67      0.73      0.70        11
       122.0       0.10      0.16      0.12        19
       123.0       0.93      0.82      0.87       136
       124.0       0.87      1.00      0.93        20
       125.0       0.44      0.34      0.39        58
       126.0       1.00      0.79      0.88        14
       127.0       1.00      1.00      1.00        17
       128.0       0.89      1.00      0.94        16
       129.0       0.93      0.78      0.85        18
       130.0       0.89      1.00      0.94        31
       131.0       1.00      0.85      0.92        20
       132.0       1.00      0.94      0.97        18
       133.0       1.00      1.00      1.00        15
       134.0       0.94      1.00      0.97        16
       135.0       1.00      0.92      0.96        13
       136.0       0.52      0.85      0.65        13
       137.0       1.00      0.92      0.96        39
       138.0       0.29      0.29      0.29        14
       139.0       0.48      0.63      0.55        19
       140.0       0.95      0.90      0.93        21
       141.0       0.96      0.96      0.96        46
       142.0       0.22      0.50      0.31        12
       143.0       1.00      0.94      0.97        16
       144.0       0.89      0.80      0.84        10
       145.0       0.25      0.11      0.15        19
       146.0       0.84      0.75      0.79        28
       147.0       0.73      0.67      0.70        12
       148.0       0.88      0.96      0.92        24
       149.0       0.94      0.98      0.96        52
       150.0       0.91      0.74      0.81        53
       151.0       0.53      0.67      0.59        15
       152.0       0.65      0.75      0.69        67
       153.0       0.36      0.45      0.40        11
       154.0       0.74      0.70      0.72        40
       155.0       0.95      0.88      0.91        24
       156.0       0.25      0.08      0.12        12
       157.0       0.75      0.33      0.46        18
       158.0       0.44      0.41      0.42        17
       159.0       0.54      0.72      0.62        18
       160.0       0.40      0.27      0.32        15
       161.0       0.42      0.52      0.46        25
       162.0       0.16      0.30      0.21        10
       163.0       0.38      0.50      0.43        16
       164.0       0.85      0.94      0.89        18
       165.0       1.00      0.54      0.70        13
       166.0       0.56      0.40      0.46        48
       167.0       1.00      0.95      0.98        21
       168.0       0.79      1.00      0.88        15
       169.0       0.94      0.94      0.94        17
       170.0       0.76      0.92      0.83        24
       171.0       0.67      0.97      0.80        36
       172.0       0.62      0.93      0.74        14
       173.0       0.93      0.82      0.87        17
       174.0       0.92      0.85      0.88        26
       175.0       0.50      0.91      0.65        11
       176.0       0.70      0.58      0.64        12
       177.0       0.93      0.67      0.78        21
       178.0       0.88      0.93      0.90        15
       179.0       0.42      0.71      0.53        14
       180.0       0.86      0.80      0.83        15
       181.0       0.86      0.83      0.84        23
       182.0       0.90      0.90      0.90        30
       183.0       1.00      0.92      0.96        12
       184.0       1.00      0.90      0.95        21
       185.0       0.84      0.96      0.90        28
       186.0       0.93      0.43      0.59       128
       187.0       0.70      0.87      0.77       119
       188.0       0.85      0.79      0.81        14
       189.0       0.66      0.91      0.76        23
       190.0       1.00      0.93      0.96        14
       191.0       0.86      0.50      0.63        12
       192.0       0.93      0.93      0.93        15
       193.0       0.71      0.91      0.80        11
       194.0       0.69      0.55      0.61        20
       195.0       0.67      0.36      0.47        11
       196.0       1.00      0.62      0.76        13
       197.0       0.88      0.54      0.67        13
       198.0       1.00      1.00      1.00        13
       199.0       0.54      0.50      0.52        14
       200.0       0.89      0.96      0.93        26
       201.0       1.00      0.88      0.93        16
       202.0       0.93      0.93      0.93        15
       203.0       0.96      0.93      0.95        29
       204.0       0.85      0.81      0.83        21
       205.0       1.00      1.00      1.00        15
       206.0       0.90      1.00      0.95        19
       207.0       1.00      1.00      1.00        20
       208.0       0.80      0.94      0.86        17
       209.0       0.47      1.00      0.64        16
       210.0       0.95      1.00      0.98        20
       211.0       0.92      0.85      0.88        13
       212.0       0.92      0.86      0.89        14
       213.0       1.00      0.88      0.94        17
       214.0       0.46      1.00      0.63        22
       215.0       1.00      0.79      0.88        14
       216.0       0.88      0.82      0.85        17
       217.0       0.77      0.91      0.83        11
       218.0       0.90      0.76      0.82       111
       219.0       0.94      1.00      0.97        30
       220.0       0.88      1.00      0.93        21
       221.0       0.81      1.00      0.90        13
       222.0       0.96      0.85      0.90        26
       223.0       1.00      0.88      0.94        17
       224.0       0.82      0.90      0.86        20
       225.0       1.00      0.82      0.90        17
       226.0       0.92      0.92      0.92        12
       227.0       0.46      0.46      0.46        13
       228.0       0.60      1.00      0.75        12
       229.0       0.85      0.94      0.89        31
       230.0       0.86      0.88      0.87        34
       231.0       0.67      0.33      0.44        12
       232.0       0.79      0.79      0.79        28
       233.0       0.81      0.89      0.85        19
       234.0       0.90      0.95      0.93        20
       235.0       0.82      0.90      0.86        20
       236.0       0.87      0.57      0.68        23
       237.0       0.59      0.85      0.69        20
       238.0       0.93      1.00      0.96        27
       239.0       1.00      0.94      0.97        31
       240.0       0.85      1.00      0.92        23
       241.0       0.93      0.93      0.93        14
       242.0       0.93      0.57      0.70        44
       243.0       0.96      0.92      0.94        26
       244.0       1.00      0.91      0.95        11
       245.0       0.93      0.70      0.80        20
       246.0       0.96      1.00      0.98        22
       247.0       1.00      0.90      0.95        20
       248.0       1.00      0.75      0.86        16
       249.0       0.96      0.88      0.92        26
       250.0       1.00      0.89      0.94        19
       251.0       1.00      1.00      1.00        11
       252.0       0.57      0.73      0.64        11
       253.0       1.00      0.91      0.95        23
       254.0       1.00      0.83      0.91        12
       255.0       0.62      0.62      0.62        16
       256.0       0.86      1.00      0.92        24
       257.0       0.67      0.71      0.69        14
       258.0       1.00      1.00      1.00        18
       259.0       0.90      1.00      0.95        26
       260.0       1.00      1.00      1.00        18
       261.0       0.97      1.00      0.98        31
       262.0       0.91      0.91      0.91        11
       263.0       1.00      1.00      1.00        15
       264.0       0.95      0.95      0.95        19
       265.0       0.83      0.91      0.87        11
       266.0       0.87      0.93      0.90        14
       267.0       1.00      0.69      0.82        13
       268.0       0.95      0.95      0.95        20
       269.0       0.90      1.00      0.95        19
       270.0       0.56      0.36      0.43        14
       271.0       0.97      0.79      0.87        38
       272.0       0.98      0.79      0.88        53
       273.0       0.60      0.90      0.72        31
       274.0       0.96      0.84      0.90        32
       275.0       1.00      0.90      0.95        10
       276.0       0.92      1.00      0.96        11
       277.0       0.92      0.92      0.92        12

    accuracy                           0.83      6279
   macro avg       0.84      0.82      0.82      6279
weighted avg       0.85      0.83      0.82      6279


===confusion_matrix===

[[10  0  0 ...  0  0  0]
 [ 0 24  0 ...  0  0  0]
 [ 0  0 15 ...  0  0  0]
 ...
 [ 0  0  0 ...  9  1  0]
 [ 0  0  0 ...  0 11  0]
 [ 0  0  0 ...  0  0 11]]

===multilabel confusion matrix===

[[[6258   10]
  [   1   10]]

 [[6249    5]
  [   1   24]]

 [[6261    2]
  [   1   15]]

 ...

 [[6269    0]
  [   1    9]]

 [[6267    1]
  [   0   11]]

 [[6266    1]
  [   1   11]]]

===scores report===
metrics	scores
Accuracy	0.8251
MCC	0.8240
log_loss	0.8197
f1 score weighted	0.8247
f1 score macro	0.8190
f1 score micro	0.8251
roc_auc ovr	0.9958
roc_auc ovo	0.9964
precision	0.8453
recall	0.8251

===Callbacks===

generate_callbacks
[<tensorflow.python.keras.callbacks.EarlyStopping object at 0x7f3b605718b0>, <tensorflow.python.keras.callbacks.ReduceLROnPlateau object at 0x7f3b60571a90>, <tensorflow.python.keras.callbacks.ModelCheckpoint object at 0x7f3b60571af0>]
===SCORING TEST SET ===

model_complete_evaluate
{'self': <deep_ml.DeepML object at 0x7f3b605717f0>, 'x_test': array([[[0, 0, 0, ..., 0, 0, 0],
        [0, 0, 0, ..., 0, 0, 0],
        [0, 0, 1, ..., 0, 0, 0],
        ...,
        [1, 0, 0, ..., 0, 0, 0],
        [1, 0, 0, ..., 0, 0, 0],
        [1, 0, 0, ..., 0, 0, 0]],

       [[0, 0, 0, ..., 0, 0, 0],
        [0, 0, 0, ..., 0, 0, 0],
        [0, 0, 0, ..., 0, 0, 0],
        ...,
        [1, 0, 0, ..., 0, 0, 0],
        [1, 0, 0, ..., 0, 0, 0],
        [1, 0, 0, ..., 0, 0, 0]],

       [[0, 0, 0, ..., 0, 0, 0],
        [0, 0, 0, ..., 0, 0, 0],
        [0, 0, 0, ..., 0, 0, 0],
        ...,
        [1, 0, 0, ..., 0, 0, 0],
        [1, 0, 0, ..., 0, 0, 0],
        [1, 0, 0, ..., 0, 0, 0]],

       ...,

       [[0, 0, 0, ..., 0, 0, 0],
        [0, 1, 0, ..., 0, 0, 0],
        [0, 0, 0, ..., 0, 0, 0],
        ...,
        [0, 0, 0, ..., 0, 1, 0],
        [0, 0, 0, ..., 0, 0, 0],
        [0, 0, 0, ..., 0, 0, 0]],

       [[0, 0, 0, ..., 0, 0, 0],
        [0, 0, 0, ..., 0, 0, 0],
        [0, 0, 0, ..., 0, 0, 1],
        ...,
        [1, 0, 0, ..., 0, 0, 0],
        [1, 0, 0, ..., 0, 0, 0],
        [1, 0, 0, ..., 0, 0, 0]],

       [[0, 0, 0, ..., 0, 0, 0],
        [0, 0, 0, ..., 0, 0, 0],
        [0, 1, 0, ..., 0, 0, 0],
        ...,
        [0, 0, 1, ..., 0, 0, 0],
        [0, 0, 0, ..., 0, 0, 0],
        [0, 0, 0, ..., 0, 0, 0]]], dtype=int8), 'y_test': array([84., 84., 84., ..., 62., 62., 62.], dtype=float32), 'model': None}
report

              precision    recall  f1-score   support

         0.0       0.82      0.82      0.82        11
         1.0       0.86      1.00      0.93        25
         2.0       1.00      0.88      0.94        17
         3.0       0.86      0.92      0.89        13
         4.0       0.87      0.87      0.87        15
         5.0       1.00      0.80      0.89        10
         6.0       1.00      0.86      0.92        21
         7.0       0.49      0.83      0.61        23
         8.0       0.71      0.45      0.56        22
         9.0       0.83      0.88      0.86        34
        10.0       0.78      0.70      0.74        10
        11.0       0.84      0.84      0.84        19
        12.0       0.40      0.47      0.43        17
        13.0       1.00      0.86      0.92        14
        14.0       0.92      0.85      0.88        13
        15.0       1.00      0.91      0.95        11
        16.0       0.94      1.00      0.97        16
        17.0       1.00      0.92      0.96        12
        18.0       1.00      0.72      0.84        25
        19.0       0.92      0.92      0.92        26
        20.0       0.73      0.62      0.67        13
        21.0       0.89      1.00      0.94        16
        22.0       0.89      0.94      0.91        17
        23.0       0.22      0.36      0.28        11
        24.0       1.00      0.63      0.77        19
        25.0       0.94      0.94      0.94        18
        26.0       0.85      1.00      0.92        11
        27.0       0.71      0.77      0.74        13
        28.0       1.00      1.00      1.00        21
        29.0       0.85      1.00      0.92        22
        30.0       0.96      0.93      0.95        29
        31.0       1.00      0.94      0.97        18
        32.0       0.75      0.30      0.43        10
        33.0       1.00      0.87      0.93        30
        34.0       0.93      0.88      0.90        32
        35.0       1.00      0.85      0.92        13
        36.0       1.00      0.96      0.98        27
        37.0       1.00      0.40      0.57        15
        38.0       0.92      1.00      0.96        12
        39.0       0.67      0.31      0.42        13
        40.0       1.00      0.87      0.93        15
        41.0       1.00      0.83      0.91        12
        42.0       0.44      1.00      0.61        11
        43.0       0.94      0.94      0.94        16
        44.0       0.87      0.93      0.90        29
        45.0       0.95      0.91      0.93        22
        46.0       0.80      1.00      0.89        16
        47.0       0.89      0.62      0.73        13
        48.0       0.88      0.64      0.74        11
        49.0       0.86      1.00      0.92        12
        50.0       1.00      0.92      0.96        12
        51.0       0.93      1.00      0.96        13
        52.0       0.83      0.92      0.87        26
        53.0       0.96      0.96      0.96        27
        54.0       1.00      0.87      0.93        23
        55.0       0.86      0.95      0.90        19
        56.0       1.00      0.96      0.98        25
        57.0       1.00      0.73      0.84        22
        58.0       1.00      0.73      0.84        11
        59.0       1.00      0.12      0.22        16
        60.0       1.00      0.68      0.81        25
        61.0       0.75      0.20      0.32        15
        62.0       0.91      0.81      0.86       133
        63.0       0.92      0.75      0.83        16
        64.0       1.00      0.83      0.91        12
        65.0       0.93      0.72      0.81        18
        66.0       0.90      0.64      0.75        14
        67.0       0.69      0.82      0.75        11
        68.0       0.74      0.78      0.76        18
        69.0       0.97      1.00      0.98        30
        70.0       1.00      0.78      0.88        18
        71.0       0.76      0.87      0.81        15
        72.0       1.00      0.95      0.98        22
        73.0       0.90      0.82      0.86        11
        74.0       0.75      1.00      0.86        21
        75.0       0.81      0.94      0.87        18
        76.0       0.93      0.93      0.93        15
        77.0       1.00      1.00      1.00        21
        78.0       0.88      1.00      0.93        21
        79.0       1.00      0.73      0.84        11
        80.0       0.44      0.69      0.54        32
        81.0       0.90      0.86      0.88        21
        82.0       0.85      0.85      0.85        26
        83.0       0.87      1.00      0.93        13
        84.0       0.95      0.95      0.95        21
        85.0       0.67      0.83      0.74        12
        86.0       0.97      1.00      0.99        39
        87.0       0.87      0.76      0.81        17
        88.0       0.96      0.96      0.96        27
        89.0       1.00      0.25      0.40        12
        90.0       1.00      0.85      0.92        20
        91.0       0.91      1.00      0.95        30
        92.0       1.00      0.85      0.92        13
        93.0       0.33      0.31      0.32        13
        94.0       0.90      1.00      0.95        27
        95.0       0.96      0.96      0.96        26
        96.0       0.91      0.91      0.91        11
        97.0       0.97      0.97      0.97        31
        98.0       1.00      0.65      0.79        17
        99.0       1.00      0.67      0.80        18
       100.0       0.95      0.84      0.89        25
       101.0       0.92      0.79      0.85        28
       102.0       0.83      0.50      0.62        20
       103.0       0.91      0.83      0.87       292
       104.0       0.90      0.69      0.78        13
       105.0       0.81      0.81      0.81        16
       106.0       0.85      0.53      0.66        43
       107.0       0.87      1.00      0.93        13
       108.0       1.00      0.87      0.93        15
       109.0       0.59      0.89      0.71        18
       110.0       0.71      0.88      0.79        17
       111.0       1.00      0.93      0.96        14
       112.0       0.91      0.91      0.91        23
       113.0       0.91      0.94      0.93        34
       114.0       0.89      0.89      0.89        18
       115.0       0.90      0.90      0.90        21
       116.0       0.97      1.00      0.99        34
       117.0       1.00      1.00      1.00        12
       118.0       0.96      0.93      0.95        28
       119.0       1.00      0.96      0.98        26
       120.0       0.83      0.77      0.80        13
       121.0       0.54      0.64      0.58        11
       122.0       0.13      0.10      0.11        20
       123.0       0.51      0.92      0.65       135
       124.0       0.89      0.89      0.89        19
       125.0       0.26      0.38      0.31        58
       126.0       0.75      0.64      0.69        14
       127.0       1.00      0.83      0.91        18
       128.0       0.89      1.00      0.94        16
       129.0       0.85      0.94      0.89        18
       130.0       0.87      0.81      0.84        32
       131.0       0.95      0.90      0.92        20
       132.0       0.90      1.00      0.95        18
       133.0       1.00      1.00      1.00        14
       134.0       1.00      1.00      1.00        16
       135.0       1.00      1.00      1.00        13
       136.0       0.50      0.15      0.24        13
       137.0       1.00      0.90      0.95        39
       138.0       0.60      0.21      0.32        14
       139.0       0.73      0.58      0.65        19
       140.0       0.82      0.70      0.76        20
       141.0       0.85      1.00      0.92        45
       142.0       0.25      0.25      0.25        12
       143.0       1.00      0.82      0.90        17
       144.0       0.50      0.40      0.44        10
       145.0       0.33      0.11      0.16        19
       146.0       0.95      0.68      0.79        28
       147.0       0.91      0.83      0.87        12
       148.0       1.00      0.75      0.86        24
       149.0       1.00      0.88      0.94        51
       150.0       0.83      0.72      0.77        53
       151.0       0.61      0.69      0.65        16
       152.0       0.95      0.60      0.73        67
       153.0       0.33      0.20      0.25        10
       154.0       0.57      0.65      0.60        40
       155.0       0.74      0.92      0.82        25
       156.0       0.28      0.45      0.34        11
       157.0       0.33      0.39      0.36        18
       158.0       0.78      0.44      0.56        16
       159.0       0.42      0.61      0.50        18
       160.0       0.41      0.60      0.49        15
       161.0       0.53      0.32      0.40        25
       162.0       0.00      0.00      0.00        10
       163.0       0.50      0.47      0.48        15
       164.0       1.00      0.88      0.94        17
       165.0       0.82      0.69      0.75        13
       166.0       0.44      0.42      0.43        48
       167.0       1.00      1.00      1.00        22
       168.0       0.73      0.73      0.73        15
       169.0       0.93      0.88      0.90        16
       170.0       0.86      1.00      0.92        24
       171.0       0.78      0.81      0.79        36
       172.0       1.00      0.57      0.73        14
       173.0       0.68      0.88      0.77        17
       174.0       0.92      0.88      0.90        25
       175.0       0.89      0.67      0.76        12
       176.0       0.42      0.42      0.42        12
       177.0       1.00      0.67      0.80        21
       178.0       1.00      1.00      1.00        15
       179.0       0.48      0.73      0.58        15
       180.0       0.62      0.67      0.65        15
       181.0       0.85      0.77      0.81        22
       182.0       1.00      0.90      0.95        31
       183.0       1.00      0.58      0.74        12
       184.0       0.94      0.76      0.84        21
       185.0       0.97      0.97      0.97        29
       186.0       0.74      0.73      0.74       127
       187.0       0.84      0.82      0.83       119
       188.0       0.79      0.79      0.79        14
       189.0       0.67      0.82      0.73        22
       190.0       0.69      0.79      0.73        14
       191.0       0.56      0.83      0.67        12
       192.0       1.00      0.73      0.85        15
       193.0       0.73      0.67      0.70        12
       194.0       0.68      0.65      0.67        20
       195.0       0.50      0.82      0.62        11
       196.0       0.93      0.93      0.93        14
       197.0       0.67      0.62      0.64        13
       198.0       0.92      0.85      0.88        13
       199.0       0.64      0.47      0.54        15
       200.0       0.95      0.74      0.83        27
       201.0       0.88      0.94      0.91        16
       202.0       0.87      0.93      0.90        14
       203.0       0.81      1.00      0.89        29
       204.0       0.84      1.00      0.91        21
       205.0       0.93      0.88      0.90        16
       206.0       1.00      0.95      0.97        19
       207.0       1.00      1.00      1.00        20
       208.0       0.93      0.82      0.87        17
       209.0       0.85      0.69      0.76        16
       210.0       0.95      0.90      0.92        20
       211.0       1.00      0.93      0.96        14
       212.0       1.00      0.93      0.96        14
       213.0       0.74      0.94      0.83        18
       214.0       0.67      0.91      0.77        22
       215.0       1.00      0.86      0.92        14
       216.0       0.94      0.94      0.94        17
       217.0       1.00      0.91      0.95        11
       218.0       0.94      0.82      0.88       111
       219.0       0.81      0.90      0.85        29
       220.0       0.80      0.95      0.87        21
       221.0       0.87      1.00      0.93        13
       222.0       0.78      0.96      0.86        26
       223.0       1.00      0.88      0.94        17
       224.0       0.90      0.90      0.90        20
       225.0       1.00      0.56      0.72        16
       226.0       1.00      0.91      0.95        11
       227.0       0.79      0.85      0.81        13
       228.0       0.69      1.00      0.81        11
       229.0       0.94      0.97      0.95        30
       230.0       0.88      0.88      0.88        34
       231.0       0.50      0.25      0.33        12
       232.0       0.80      0.69      0.74        29
       233.0       0.71      0.89      0.79        19
       234.0       1.00      0.95      0.97        19
       235.0       0.88      0.75      0.81        20
       236.0       0.44      0.50      0.47        22
       237.0       0.63      0.95      0.76        20
       238.0       0.96      1.00      0.98        27
       239.0       0.94      0.94      0.94        31
       240.0       0.89      0.71      0.79        24
       241.0       0.70      0.50      0.58        14
       242.0       0.59      0.84      0.69        44
       243.0       0.82      1.00      0.90        27
       244.0       0.91      0.91      0.91        11
       245.0       0.54      0.95      0.69        20
       246.0       1.00      1.00      1.00        22
       247.0       1.00      0.95      0.97        20
       248.0       0.79      0.69      0.73        16
       249.0       0.56      0.96      0.70        26
       250.0       0.95      0.95      0.95        19
       251.0       0.61      1.00      0.76        11
       252.0       0.39      0.82      0.53        11
       253.0       1.00      0.95      0.98        22
       254.0       0.73      0.92      0.81        12
       255.0       0.70      0.44      0.54        16
       256.0       0.70      0.88      0.78        24
       257.0       0.34      0.93      0.50        14
       258.0       0.94      0.89      0.91        18
       259.0       0.96      0.88      0.92        26
       260.0       0.89      0.94      0.92        18
       261.0       1.00      0.94      0.97        31
       262.0       1.00      0.90      0.95        10
       263.0       1.00      0.93      0.97        15
       264.0       0.86      0.95      0.90        19
       265.0       0.91      1.00      0.95        10
       266.0       0.79      0.73      0.76        15
       267.0       0.73      0.85      0.79        13
       268.0       0.91      1.00      0.95        20
       269.0       1.00      1.00      1.00        18
       270.0       0.00      0.00      0.00        15
       271.0       0.92      0.95      0.94        38
       272.0       0.95      0.77      0.85        53
       273.0       0.78      0.81      0.79        31
       274.0       0.79      0.81      0.80        32
       275.0       0.91      1.00      0.95        10
       276.0       1.00      1.00      1.00        11
       277.0       1.00      0.73      0.84        11

    accuracy                           0.81      6279
   macro avg       0.83      0.80      0.80      6279
weighted avg       0.83      0.81      0.81      6279


===confusion_matrix===

[[ 9  0  0 ...  0  0  0]
 [ 0 25  0 ...  0  0  0]
 [ 0  0 15 ...  0  0  0]
 ...
 [ 0  0  0 ... 10  0  0]
 [ 0  0  0 ...  0 11  0]
 [ 0  0  0 ...  1  0  8]]

===multilabel confusion matrix===

[[[6266    2]
  [   2    9]]

 [[6250    4]
  [   0   25]]

 [[6262    0]
  [   2   15]]

 ...

 [[6268    1]
  [   0   10]]

 [[6268    0]
  [   0   11]]

 [[6268    0]
  [   3    8]]]

===scores report===
metrics	scores
Accuracy	0.8097
MCC	0.8085
log_loss	0.8728
f1 score weighted	0.8097
f1 score macro	0.7983
f1 score micro	0.8097
roc_auc ovr	0.9953
roc_auc ovo	0.9958
precision	0.8330
recall	0.8097

===Callbacks===

generate_callbacks
[<tensorflow.python.keras.callbacks.EarlyStopping object at 0x7f3b605718b0>, <tensorflow.python.keras.callbacks.ReduceLROnPlateau object at 0x7f3b60571a90>, <tensorflow.python.keras.callbacks.ModelCheckpoint object at 0x7f3b60571af0>]
===SCORING TEST SET ===

model_complete_evaluate
{'self': <deep_ml.DeepML object at 0x7f3b605717f0>, 'x_test': array([[[0, 0, 0, ..., 0, 0, 0],
        [0, 0, 0, ..., 0, 0, 0],
        [0, 0, 0, ..., 0, 0, 0],
        ...,
        [1, 0, 0, ..., 0, 0, 0],
        [1, 0, 0, ..., 0, 0, 0],
        [1, 0, 0, ..., 0, 0, 0]],

       [[0, 0, 0, ..., 0, 0, 0],
        [0, 0, 0, ..., 0, 0, 0],
        [0, 0, 0, ..., 0, 0, 0],
        ...,
        [1, 0, 0, ..., 0, 0, 0],
        [1, 0, 0, ..., 0, 0, 0],
        [1, 0, 0, ..., 0, 0, 0]],

       [[0, 0, 0, ..., 0, 0, 0],
        [0, 0, 0, ..., 0, 0, 0],
        [0, 0, 0, ..., 0, 0, 0],
        ...,
        [1, 0, 0, ..., 0, 0, 0],
        [1, 0, 0, ..., 0, 0, 0],
        [1, 0, 0, ..., 0, 0, 0]],

       ...,

       [[0, 0, 0, ..., 0, 0, 0],
        [0, 0, 0, ..., 0, 0, 0],
        [0, 0, 0, ..., 0, 0, 0],
        ...,
        [0, 0, 0, ..., 0, 0, 0],
        [0, 0, 0, ..., 0, 0, 0],
        [0, 0, 0, ..., 0, 0, 0]],

       [[0, 0, 0, ..., 0, 0, 0],
        [0, 1, 0, ..., 0, 0, 0],
        [0, 1, 0, ..., 0, 0, 0],
        ...,
        [0, 0, 0, ..., 0, 0, 0],
        [0, 0, 0, ..., 1, 0, 0],
        [0, 0, 0, ..., 0, 0, 0]],

       [[0, 0, 0, ..., 0, 0, 0],
        [0, 0, 0, ..., 0, 0, 0],
        [0, 0, 0, ..., 0, 0, 0],
        ...,
        [0, 1, 0, ..., 0, 0, 0],
        [0, 0, 0, ..., 0, 1, 0],
        [0, 0, 0, ..., 0, 0, 0]]], dtype=int8), 'y_test': array([ 84.,  84.,  84., ...,  53.,  62., 134.], dtype=float32), 'model': None}
report

              precision    recall  f1-score   support

         0.0       0.82      0.82      0.82        11
         1.0       1.00      0.92      0.96        25
         2.0       0.76      0.94      0.84        17
         3.0       1.00      0.58      0.74        12
         4.0       0.75      0.80      0.77        15
         5.0       0.79      1.00      0.88        11
         6.0       0.91      1.00      0.95        21
         7.0       0.82      0.75      0.78        24
         8.0       0.48      0.67      0.56        21
         9.0       0.82      0.77      0.79        35
        10.0       0.82      0.82      0.82        11
        11.0       0.94      0.89      0.92        19
        12.0       1.00      0.24      0.38        17
        13.0       0.86      0.86      0.86        14
        14.0       1.00      0.57      0.73        14
        15.0       0.91      0.91      0.91        11
        16.0       0.88      0.88      0.88        16
        17.0       0.71      1.00      0.83        12
        18.0       0.88      0.88      0.88        26
        19.0       0.94      0.64      0.76        25
        20.0       0.86      0.92      0.89        13
        21.0       1.00      0.73      0.85        15
        22.0       0.83      0.83      0.83        18
        23.0       1.00      0.64      0.78        11
        24.0       0.94      0.79      0.86        19
        25.0       1.00      0.94      0.97        18
        26.0       0.89      0.80      0.84        10
        27.0       0.76      1.00      0.87        13
        28.0       1.00      0.90      0.95        21
        29.0       1.00      0.95      0.98        22
        30.0       0.90      0.90      0.90        29
        31.0       1.00      1.00      1.00        18
        32.0       0.90      0.82      0.86        11
        33.0       0.97      0.97      0.97        30
        34.0       0.91      0.91      0.91        32
        35.0       1.00      0.67      0.80        12
        36.0       1.00      0.93      0.96        27
        37.0       1.00      0.47      0.64        15
        38.0       1.00      0.83      0.91        12
        39.0       0.00      0.00      0.00        14
        40.0       0.94      0.94      0.94        16
        41.0       1.00      0.83      0.91        12
        42.0       0.56      0.82      0.67        11
        43.0       1.00      0.88      0.93        16
        44.0       0.96      0.93      0.95        29
        45.0       1.00      0.91      0.95        22
        46.0       0.68      0.94      0.79        16
        47.0       0.73      0.57      0.64        14
        48.0       0.75      0.82      0.78        11
        49.0       1.00      0.91      0.95        11
        50.0       0.92      0.92      0.92        12
        51.0       1.00      0.92      0.96        13
        52.0       0.96      0.88      0.92        26
        53.0       0.92      0.82      0.87        28
        54.0       1.00      0.87      0.93        23
        55.0       1.00      0.95      0.97        19
        56.0       0.86      1.00      0.93        25
        57.0       1.00      0.81      0.89        21
        58.0       0.86      0.60      0.71        10
        59.0       0.60      0.19      0.29        16
        60.0       0.75      0.84      0.79        25
        61.0       0.75      0.40      0.52        15
        62.0       0.91      0.87      0.89       133
        63.0       0.82      0.88      0.85        16
        64.0       0.73      0.67      0.70        12
        65.0       1.00      0.72      0.84        18
        66.0       0.78      0.47      0.58        15
        67.0       0.73      0.80      0.76        10
        68.0       0.47      0.95      0.63        19
        69.0       0.94      1.00      0.97        29
        70.0       1.00      0.83      0.91        18
        71.0       0.67      0.80      0.73        15
        72.0       1.00      1.00      1.00        22
        73.0       0.77      0.91      0.83        11
        74.0       0.84      1.00      0.91        21
        75.0       0.76      0.89      0.82        18
        76.0       0.93      0.93      0.93        15
        77.0       0.95      1.00      0.98        20
        78.0       1.00      0.90      0.95        20
        79.0       1.00      0.90      0.95        10
        80.0       0.73      0.59      0.66        32
        81.0       1.00      0.43      0.60        21
        82.0       1.00      0.92      0.96        26
        83.0       0.86      0.92      0.89        13
        84.0       0.86      0.86      0.86        21
        85.0       0.52      1.00      0.69        12
        86.0       0.97      0.97      0.97        39
        87.0       0.68      0.88      0.77        17
        88.0       1.00      1.00      1.00        27
        89.0       1.00      0.75      0.86        12
        90.0       1.00      0.95      0.98        21
        91.0       0.97      1.00      0.98        30
        92.0       1.00      0.67      0.80        12
        93.0       0.85      0.79      0.81        14
        94.0       0.87      0.96      0.91        27
        95.0       0.92      0.96      0.94        25
        96.0       0.91      0.83      0.87        12
        97.0       0.93      0.83      0.88        30
        98.0       1.00      0.69      0.81        16
        99.0       0.94      0.88      0.91        17
       100.0       1.00      0.80      0.89        25
       101.0       0.91      0.75      0.82        28
       102.0       0.93      0.68      0.79        19
       103.0       0.81      0.88      0.85       292
       104.0       0.64      0.54      0.58        13
       105.0       1.00      0.81      0.90        16
       106.0       0.62      0.72      0.67        43
       107.0       0.81      1.00      0.90        13
       108.0       0.92      0.80      0.86        15
       109.0       0.92      0.67      0.77        18
       110.0       0.77      1.00      0.87        17
       111.0       0.87      0.93      0.90        14
       112.0       1.00      0.83      0.90        23
       113.0       0.92      0.97      0.94        35
       114.0       0.76      0.89      0.82        18
       115.0       0.95      0.95      0.95        21
       116.0       0.85      0.97      0.90        34
       117.0       0.67      1.00      0.80        12
       118.0       1.00      0.93      0.96        28
       119.0       0.89      0.96      0.93        26
       120.0       0.81      1.00      0.90        13
       121.0       0.46      0.60      0.52        10
       122.0       0.00      0.00      0.00        20
       123.0       0.61      0.87      0.71       136
       124.0       1.00      0.84      0.91        19
       125.0       0.50      0.39      0.44        59
       126.0       0.68      0.93      0.79        14
       127.0       0.86      1.00      0.92        18
       128.0       0.85      1.00      0.92        17
       129.0       0.94      0.89      0.91        18
       130.0       0.93      0.88      0.90        32
       131.0       0.95      0.95      0.95        21
       132.0       1.00      1.00      1.00        18
       133.0       0.94      1.00      0.97        15
       134.0       1.00      0.88      0.93        16
       135.0       0.81      1.00      0.90        13
       136.0       0.67      0.31      0.42        13
       137.0       1.00      0.87      0.93        38
       138.0       0.40      0.27      0.32        15
       139.0       0.54      0.83      0.65        18
       140.0       0.84      0.80      0.82        20
       141.0       0.81      0.96      0.88        45
       142.0       0.50      0.17      0.25        12
       143.0       0.73      1.00      0.84        16
       144.0       0.71      0.91      0.80        11
       145.0       0.50      0.21      0.30        19
       146.0       0.92      0.82      0.87        28
       147.0       1.00      0.50      0.67        12
       148.0       0.76      0.79      0.78        24
       149.0       0.98      0.84      0.91        51
       150.0       0.90      0.81      0.85        53
       151.0       0.56      0.31      0.40        16
       152.0       0.81      0.65      0.72        68
       153.0       0.44      0.40      0.42        10
       154.0       0.87      0.69      0.77        39
       155.0       0.94      0.71      0.81        24
       156.0       0.00      0.00      0.00        12
       157.0       0.50      0.47      0.48        17
       158.0       1.00      0.25      0.40        16
       159.0       0.45      0.56      0.50        18
       160.0       0.62      0.33      0.43        15
       161.0       0.80      0.32      0.46        25
       162.0       0.17      0.10      0.12        10
       163.0       0.50      0.67      0.57        15
       164.0       0.80      0.94      0.86        17
       165.0       0.63      0.92      0.75        13
       166.0       0.47      0.51      0.49        47
       167.0       1.00      1.00      1.00        22
       168.0       0.62      1.00      0.77        15
       169.0       0.75      0.94      0.83        16
       170.0       0.96      1.00      0.98        24
       171.0       0.89      0.71      0.79        35
       172.0       1.00      0.47      0.64        15
       173.0       0.80      0.71      0.75        17
       174.0       0.56      0.92      0.70        25
       175.0       0.73      0.92      0.81        12
       176.0       0.71      0.42      0.53        12
       177.0       0.47      1.00      0.63        20
       178.0       0.89      1.00      0.94        16
       179.0       0.38      0.87      0.53        15
       180.0       0.50      0.62      0.56        16
       181.0       0.88      0.96      0.92        23
       182.0       1.00      1.00      1.00        31
       183.0       0.91      0.91      0.91        11
       184.0       0.81      1.00      0.89        21
       185.0       1.00      1.00      1.00        29
       186.0       0.83      0.71      0.77       127
       187.0       0.86      0.81      0.83       119
       188.0       0.83      0.77      0.80        13
       189.0       0.64      0.82      0.72        22
       190.0       0.83      1.00      0.91        15
       191.0       0.75      0.75      0.75        12
       192.0       0.89      1.00      0.94        16
       193.0       0.53      0.75      0.62        12
       194.0       0.64      0.67      0.65        21
       195.0       1.00      0.64      0.78        11
       196.0       0.92      0.85      0.88        13
       197.0       0.83      0.77      0.80        13
       198.0       0.82      1.00      0.90        14
       199.0       0.73      0.53      0.62        15
       200.0       0.93      0.96      0.94        26
       201.0       1.00      0.69      0.81        16
       202.0       0.70      1.00      0.82        14
       203.0       0.72      1.00      0.84        28
       204.0       0.86      0.86      0.86        21
       205.0       0.94      1.00      0.97        16
       206.0       0.94      0.94      0.94        18
       207.0       0.90      1.00      0.95        19
       208.0       0.89      1.00      0.94        17
       209.0       0.77      0.62      0.69        16
       210.0       0.78      1.00      0.88        21
       211.0       0.92      0.86      0.89        14
       212.0       1.00      0.86      0.92        14
       213.0       0.89      0.94      0.92        18
       214.0       0.51      0.91      0.66        22
       215.0       1.00      1.00      1.00        15
       216.0       0.94      1.00      0.97        16
       217.0       1.00      0.82      0.90        11
       218.0       0.81      0.87      0.84       110
       219.0       0.96      0.90      0.93        29
       220.0       0.88      1.00      0.93        21
       221.0       0.92      0.85      0.88        13
       222.0       0.92      0.88      0.90        26
       223.0       0.94      1.00      0.97        17
       224.0       1.00      0.45      0.62        20
       225.0       0.93      0.81      0.87        16
       226.0       1.00      0.82      0.90        11
       227.0       0.62      0.71      0.67        14
       228.0       0.90      0.82      0.86        11
       229.0       0.92      0.77      0.84        30
       230.0       0.87      0.76      0.81        34
       231.0       1.00      0.25      0.40        12
       232.0       1.00      0.52      0.68        29
       233.0       0.82      0.74      0.78        19
       234.0       0.80      0.84      0.82        19
       235.0       0.89      0.85      0.87        20
       236.0       0.54      0.64      0.58        22
       237.0       0.90      0.90      0.90        20
       238.0       0.96      0.96      0.96        28
       239.0       0.94      0.97      0.95        31
       240.0       0.96      0.92      0.94        24
       241.0       0.91      0.71      0.80        14
       242.0       0.39      0.89      0.55        44
       243.0       0.96      0.89      0.92        27
       244.0       0.92      1.00      0.96        11
       245.0       0.68      0.95      0.79        20
       246.0       0.89      0.77      0.83        22
       247.0       0.87      1.00      0.93        20
       248.0       0.93      0.88      0.90        16
       249.0       0.95      0.72      0.82        25
       250.0       1.00      0.83      0.91        18
       251.0       0.75      1.00      0.86        12
       252.0       0.60      0.30      0.40        10
       253.0       0.96      1.00      0.98        22
       254.0       0.81      1.00      0.90        13
       255.0       0.31      0.56      0.40        16
       256.0       0.59      0.96      0.73        24
       257.0       0.59      0.67      0.62        15
       258.0       1.00      0.94      0.97        18
       259.0       0.92      0.92      0.92        26
       260.0       1.00      0.89      0.94        18
       261.0       1.00      0.78      0.88        32
       262.0       1.00      0.90      0.95        10
       263.0       1.00      0.79      0.88        14
       264.0       1.00      1.00      1.00        19
       265.0       0.92      1.00      0.96        11
       266.0       0.91      0.67      0.77        15
       267.0       0.70      0.54      0.61        13
       268.0       0.56      1.00      0.71        20
       269.0       0.86      1.00      0.92        18
       270.0       0.33      0.21      0.26        14
       271.0       1.00      0.76      0.87        38
       272.0       0.91      0.92      0.92        53
       273.0       0.87      0.87      0.87        30
       274.0       0.70      0.72      0.71        32
       275.0       1.00      0.90      0.95        10
       276.0       1.00      1.00      1.00        12
       277.0       0.92      1.00      0.96        11

    accuracy                           0.82      6279
   macro avg       0.83      0.80      0.80      6279
weighted avg       0.83      0.82      0.81      6279


===confusion_matrix===

[[ 9  0  0 ...  0  0  0]
 [ 0 23  0 ...  0  0  0]
 [ 0  0 16 ...  0  0  0]
 ...
 [ 0  0  0 ...  9  0  0]
 [ 0  0  0 ...  0 12  0]
 [ 0  0  0 ...  0  0 11]]

===multilabel confusion matrix===

[[[6266    2]
  [   2    9]]

 [[6254    0]
  [   2   23]]

 [[6257    5]
  [   1   16]]

 ...

 [[6269    0]
  [   1    9]]

 [[6267    0]
  [   0   12]]

 [[6267    1]
  [   0   11]]]

===scores report===
metrics	scores
Accuracy	0.8167
MCC	0.8154
log_loss	0.8936
f1 score weighted	0.8124
f1 score macro	0.8015
f1 score micro	0.8167
roc_auc ovr	0.9950
roc_auc ovo	0.9955
precision	0.8336
recall	0.8167

===Callbacks===

generate_callbacks
[<tensorflow.python.keras.callbacks.EarlyStopping object at 0x7f3b605718b0>, <tensorflow.python.keras.callbacks.ReduceLROnPlateau object at 0x7f3b60571a90>, <tensorflow.python.keras.callbacks.ModelCheckpoint object at 0x7f3b60571af0>]
===SCORING TEST SET ===

model_complete_evaluate
{'self': <deep_ml.DeepML object at 0x7f3b605717f0>, 'x_test': array([[[0, 0, 0, ..., 0, 0, 0],
        [0, 0, 0, ..., 0, 0, 0],
        [0, 0, 0, ..., 0, 0, 0],
        ...,
        [1, 0, 0, ..., 0, 0, 0],
        [1, 0, 0, ..., 0, 0, 0],
        [1, 0, 0, ..., 0, 0, 0]],

       [[0, 0, 0, ..., 0, 0, 0],
        [0, 0, 0, ..., 0, 0, 0],
        [0, 0, 0, ..., 0, 0, 0],
        ...,
        [1, 0, 0, ..., 0, 0, 0],
        [1, 0, 0, ..., 0, 0, 0],
        [1, 0, 0, ..., 0, 0, 0]],

       [[0, 0, 0, ..., 0, 0, 0],
        [0, 0, 0, ..., 0, 0, 0],
        [0, 0, 0, ..., 0, 0, 0],
        ...,
        [1, 0, 0, ..., 0, 0, 0],
        [1, 0, 0, ..., 0, 0, 0],
        [1, 0, 0, ..., 0, 0, 0]],

       ...,

       [[0, 0, 0, ..., 0, 0, 0],
        [0, 0, 0, ..., 0, 0, 0],
        [0, 0, 1, ..., 0, 0, 0],
        ...,
        [0, 0, 0, ..., 0, 0, 0],
        [0, 0, 0, ..., 0, 0, 0],
        [0, 0, 0, ..., 0, 0, 0]],

       [[0, 0, 0, ..., 0, 0, 0],
        [0, 1, 0, ..., 0, 0, 0],
        [0, 0, 0, ..., 0, 0, 0],
        ...,
        [1, 0, 0, ..., 0, 0, 0],
        [1, 0, 0, ..., 0, 0, 0],
        [1, 0, 0, ..., 0, 0, 0]],

       [[0, 0, 0, ..., 0, 0, 0],
        [0, 1, 0, ..., 0, 0, 0],
        [0, 0, 0, ..., 0, 0, 1],
        ...,
        [1, 0, 0, ..., 0, 0, 0],
        [1, 0, 0, ..., 0, 0, 0],
        [1, 0, 0, ..., 0, 0, 0]]], dtype=int8), 'y_test': array([ 84.,  84.,  84., ..., 103.,  80.,  62.], dtype=float32), 'model': None}
report

              precision    recall  f1-score   support

         0.0       0.83      1.00      0.91        10
         1.0       0.92      0.92      0.92        25
         2.0       0.94      0.88      0.91        17
         3.0       1.00      1.00      1.00        12
         4.0       0.91      0.67      0.77        15
         5.0       0.90      0.90      0.90        10
         6.0       1.00      0.95      0.98        22
         7.0       0.63      0.83      0.72        23
         8.0       0.67      0.67      0.67        21
         9.0       0.74      0.71      0.72        35
        10.0       0.86      0.55      0.67        11
        11.0       0.86      0.95      0.90        19
        12.0       0.43      0.50      0.46        18
        13.0       0.67      0.80      0.73        15
        14.0       1.00      0.93      0.96        14
        15.0       0.90      0.90      0.90        10
        16.0       0.93      0.88      0.90        16
        17.0       0.91      0.91      0.91        11
        18.0       0.75      0.92      0.83        26
        19.0       1.00      0.88      0.94        25
        20.0       1.00      0.83      0.91        12
        21.0       0.88      0.93      0.90        15
        22.0       0.80      0.94      0.86        17
        23.0       1.00      0.55      0.71        11
        24.0       0.92      0.58      0.71        19
        25.0       0.94      0.83      0.88        18
        26.0       0.91      1.00      0.95        10
        27.0       1.00      1.00      1.00        14
        28.0       1.00      0.90      0.95        21
        29.0       0.96      1.00      0.98        23
        30.0       1.00      0.97      0.98        29
        31.0       1.00      0.76      0.87        17
        32.0       0.88      0.64      0.74        11
        33.0       1.00      0.93      0.97        30
        34.0       0.89      0.78      0.83        32
        35.0       0.92      0.92      0.92        12
        36.0       1.00      0.93      0.96        27
        37.0       0.67      0.27      0.38        15
        38.0       0.92      1.00      0.96        11
        39.0       0.29      0.15      0.20        13
        40.0       0.94      1.00      0.97        16
        41.0       1.00      1.00      1.00        12
        42.0       1.00      1.00      1.00        11
        43.0       0.89      1.00      0.94        16
        44.0       1.00      0.93      0.96        28
        45.0       0.95      0.95      0.95        22
        46.0       1.00      1.00      1.00        16
        47.0       0.93      1.00      0.96        13
        48.0       0.89      0.67      0.76        12
        49.0       1.00      0.82      0.90        11
        50.0       0.65      0.92      0.76        12
        51.0       1.00      0.92      0.96        13
        52.0       0.75      0.92      0.83        26
        53.0       0.96      0.96      0.96        27
        54.0       0.84      0.91      0.87        23
        55.0       0.82      0.95      0.88        19
        56.0       1.00      0.84      0.91        25
        57.0       0.82      0.86      0.84        21
        58.0       0.70      0.70      0.70        10
        59.0       0.33      0.31      0.32        16
        60.0       0.89      0.71      0.79        24
        61.0       0.86      0.40      0.55        15
        62.0       0.67      0.87      0.76       133
        63.0       1.00      0.67      0.80        15
        64.0       0.32      1.00      0.49        12
        65.0       0.89      1.00      0.94        17
        66.0       1.00      0.29      0.44        14
        67.0       0.69      1.00      0.81        11
        68.0       0.46      0.63      0.53        19
        69.0       1.00      1.00      1.00        29
        70.0       1.00      0.84      0.91        19
        71.0       0.92      0.80      0.86        15
        72.0       1.00      1.00      1.00        22
        73.0       1.00      0.82      0.90        11
        74.0       1.00      0.95      0.98        22
        75.0       0.94      0.94      0.94        17
        76.0       1.00      0.93      0.97        15
        77.0       0.90      0.95      0.93        20
        78.0       1.00      0.81      0.89        21
        79.0       1.00      0.60      0.75        10
        80.0       0.49      0.68      0.57        31
        81.0       0.94      0.81      0.87        21
        82.0       0.95      0.81      0.88        26
        83.0       0.86      0.92      0.89        13
        84.0       1.00      0.95      0.98        21
        85.0       1.00      0.75      0.86        12
        86.0       0.97      1.00      0.99        39
        87.0       0.88      0.82      0.85        17
        88.0       0.90      0.96      0.93        27
        89.0       1.00      0.92      0.96        12
        90.0       0.95      1.00      0.98        21
        91.0       0.97      1.00      0.98        30
        92.0       0.67      0.67      0.67        12
        93.0       0.65      0.79      0.71        14
        94.0       0.96      0.93      0.94        27
        95.0       0.96      0.88      0.92        25
        96.0       0.75      0.82      0.78        11
        97.0       0.81      0.83      0.82        30
        98.0       0.93      0.81      0.87        16
        99.0       0.84      0.94      0.89        17
       100.0       1.00      0.88      0.94        25
       101.0       0.74      0.89      0.81        28
       102.0       0.67      0.32      0.43        19
       103.0       0.97      0.80      0.88       291
       104.0       1.00      0.77      0.87        13
       105.0       0.79      0.94      0.86        16
       106.0       0.52      0.59      0.55        44
       107.0       0.71      0.92      0.80        13
       108.0       0.93      0.81      0.87        16
       109.0       0.95      1.00      0.97        19
       110.0       1.00      0.88      0.93        16
       111.0       1.00      0.79      0.88        14
       112.0       0.92      0.96      0.94        23
       113.0       1.00      0.91      0.95        34
       114.0       0.90      1.00      0.95        19
       115.0       0.95      1.00      0.98        21
       116.0       0.92      0.97      0.94        34
       117.0       1.00      1.00      1.00        12
       118.0       0.97      1.00      0.98        29
       119.0       1.00      0.88      0.94        26
       120.0       0.87      1.00      0.93        13
       121.0       0.62      0.50      0.56        10
       122.0       0.06      0.11      0.08        19
       123.0       0.76      0.83      0.79       136
       124.0       0.88      0.79      0.83        19
       125.0       0.37      0.53      0.44        58
       126.0       0.91      0.71      0.80        14
       127.0       0.81      0.94      0.87        18
       128.0       0.85      1.00      0.92        17
       129.0       0.89      0.94      0.92        18
       130.0       0.58      0.88      0.70        32
       131.0       0.82      0.90      0.86        20
       132.0       0.94      1.00      0.97        17
       133.0       0.74      0.93      0.82        15
       134.0       0.81      1.00      0.89        17
       135.0       0.71      0.92      0.80        13
       136.0       0.40      0.62      0.48        13
       137.0       0.94      0.89      0.92        38
       138.0       0.23      0.33      0.27        15
       139.0       0.71      0.53      0.61        19
       140.0       0.90      0.86      0.88        21
       141.0       0.87      1.00      0.93        45
       142.0       1.00      0.08      0.15        12
       143.0       0.79      0.94      0.86        16
       144.0       0.77      0.91      0.83        11
       145.0       0.15      0.11      0.13        18
       146.0       0.93      0.93      0.93        28
       147.0       0.85      1.00      0.92        11
       148.0       0.91      0.91      0.91        23
       149.0       0.88      0.98      0.93        52
       150.0       0.91      0.78      0.84        54
       151.0       0.86      0.75      0.80        16
       152.0       0.84      0.76      0.80        68
       153.0       0.50      0.09      0.15        11
       154.0       0.64      0.70      0.67        40
       155.0       0.91      0.88      0.89        24
       156.0       0.33      0.50      0.40        12
       157.0       0.61      0.78      0.68        18
       158.0       0.35      0.38      0.36        16
       159.0       0.53      0.56      0.54        18
       160.0       0.43      0.20      0.27        15
       161.0       0.41      0.60      0.48        25
       162.0       0.45      0.50      0.48        10
       163.0       0.75      0.38      0.50        16
       164.0       0.73      0.89      0.80        18
       165.0       0.67      0.83      0.74        12
       166.0       0.39      0.34      0.36        47
       167.0       0.95      0.95      0.95        21
       168.0       1.00      0.87      0.93        15
       169.0       0.89      1.00      0.94        17
       170.0       1.00      1.00      1.00        24
       171.0       0.89      0.94      0.92        36
       172.0       1.00      0.64      0.78        14
       173.0       1.00      0.56      0.72        16
       174.0       0.81      0.88      0.85        25
       175.0       0.64      0.58      0.61        12
       176.0       0.40      0.67      0.50        12
       177.0       0.82      0.70      0.76        20
       178.0       1.00      0.93      0.97        15
       179.0       0.81      0.93      0.87        14
       180.0       0.70      0.44      0.54        16
       181.0       1.00      0.74      0.85        23
       182.0       0.97      0.97      0.97        31
       183.0       0.85      0.92      0.88        12
       184.0       0.88      1.00      0.94        22
       185.0       0.97      0.97      0.97        29
       186.0       0.77      0.67      0.72       127
       187.0       0.92      0.83      0.87       119
       188.0       1.00      0.86      0.92        14
       189.0       0.70      0.95      0.81        22
       190.0       0.81      0.87      0.84        15
       191.0       0.80      0.67      0.73        12
       192.0       0.75      1.00      0.86        15
       193.0       0.83      0.42      0.56        12
       194.0       0.92      0.52      0.67        21
       195.0       0.55      0.60      0.57        10
       196.0       0.85      0.85      0.85        13
       197.0       0.75      0.21      0.33        14
       198.0       0.92      0.86      0.89        14
       199.0       0.23      0.33      0.27        15
       200.0       0.95      0.73      0.83        26
       201.0       0.67      0.88      0.76        16
       202.0       1.00      0.80      0.89        15
       203.0       0.96      0.86      0.91        29
       204.0       0.95      0.86      0.90        22
       205.0       1.00      1.00      1.00        15
       206.0       0.86      1.00      0.93        19
       207.0       1.00      1.00      1.00        19
       208.0       1.00      0.82      0.90        17
       209.0       0.65      0.94      0.77        16
       210.0       0.82      0.90      0.86        20
       211.0       0.92      0.79      0.85        14
       212.0       1.00      0.79      0.88        14
       213.0       0.67      1.00      0.80        18
       214.0       1.00      0.95      0.98        22
       215.0       0.86      0.86      0.86        14
       216.0       0.89      1.00      0.94        17
       217.0       0.70      0.70      0.70        10
       218.0       0.86      0.90      0.88       110
       219.0       0.87      0.93      0.90        29
       220.0       0.91      0.95      0.93        21
       221.0       0.61      1.00      0.76        14
       222.0       0.89      0.92      0.91        26
       223.0       1.00      0.94      0.97        16
       224.0       1.00      0.81      0.89        21
       225.0       0.88      0.88      0.88        17
       226.0       0.71      1.00      0.83        12
       227.0       0.73      0.62      0.67        13
       228.0       1.00      1.00      1.00        11
       229.0       0.83      0.80      0.81        30
       230.0       0.93      0.76      0.84        34
       231.0       0.50      0.23      0.32        13
       232.0       0.83      0.66      0.73        29
       233.0       0.86      1.00      0.93        19
       234.0       0.62      0.95      0.75        19
       235.0       0.81      1.00      0.89        21
       236.0       0.74      0.64      0.68        22
       237.0       0.45      0.90      0.60        20
       238.0       1.00      0.93      0.96        27
       239.0       0.97      1.00      0.98        30
       240.0       1.00      0.78      0.88        23
       241.0       0.91      0.71      0.80        14
       242.0       0.89      0.73      0.80        45
       243.0       1.00      1.00      1.00        27
       244.0       1.00      0.92      0.96        12
       245.0       0.94      0.80      0.86        20
       246.0       1.00      0.91      0.95        22
       247.0       1.00      0.90      0.95        20
       248.0       1.00      0.94      0.97        16
       249.0       1.00      0.92      0.96        25
       250.0       0.78      0.78      0.78        18
       251.0       0.86      1.00      0.92        12
       252.0       0.70      0.70      0.70        10
       253.0       0.95      0.95      0.95        22
       254.0       0.93      1.00      0.96        13
       255.0       0.38      0.62      0.48        16
       256.0       0.96      0.96      0.96        24
       257.0       0.86      0.80      0.83        15
       258.0       0.95      1.00      0.97        18
       259.0       0.96      0.96      0.96        26
       260.0       1.00      0.89      0.94        19
       261.0       0.90      0.90      0.90        31
       262.0       1.00      1.00      1.00        11
       263.0       0.88      1.00      0.94        15
       264.0       1.00      0.89      0.94        18
       265.0       0.62      0.91      0.74        11
       266.0       1.00      0.73      0.85        15
       267.0       1.00      0.77      0.87        13
       268.0       0.95      0.90      0.93        21
       269.0       0.95      1.00      0.97        19
       270.0       0.60      0.21      0.32        14
       271.0       0.77      0.79      0.78        38
       272.0       0.91      0.96      0.94        53
       273.0       0.92      0.73      0.81        30
       274.0       1.00      0.84      0.92        32
       275.0       0.91      1.00      0.95        10
       276.0       1.00      0.83      0.91        12
       277.0       0.75      0.82      0.78        11

    accuracy                           0.82      6279
   macro avg       0.84      0.82      0.81      6279
weighted avg       0.84      0.82      0.82      6279


===confusion_matrix===

[[10  0  0 ...  0  0  0]
 [ 0 23  0 ...  0  0  0]
 [ 0  0 15 ...  0  0  0]
 ...
 [ 0  0  0 ... 10  0  0]
 [ 0  0  0 ...  0 10  1]
 [ 0  0  0 ...  0  0  9]]

===multilabel confusion matrix===

[[[6267    2]
  [   0   10]]

 [[6252    2]
  [   2   23]]

 [[6261    1]
  [   2   15]]

 ...

 [[6268    1]
  [   0   10]]

 [[6267    0]
  [   2   10]]

 [[6265    3]
  [   2    9]]]

===scores report===
metrics	scores
Accuracy	0.8235
MCC	0.8224
log_loss	0.8054
f1 score weighted	0.8241
f1 score macro	0.8142
f1 score micro	0.8235
roc_auc ovr	0.9956
roc_auc ovo	0.9959
precision	0.8436
recall	0.8235

===TRAIN MODELS with CV===

train_model_cv	Accuracy	MCC	log_loss	f1 score weighted	f1 score macro	f1 score micro	roc_auc ovr	roc_auc ovo	precision	recall
0	0.835031847133758	0.8339491039526536	0.7775714372588409	0.8309582665314836	0.8196057050791496	0.835031847133758	0.996006821069651	0.9963366596193435	0.8446957279015159	0.835031847133758
1	0.8251313903487817	0.8239969289550721	0.8196518841853626	0.8246710447543996	0.8190073506789556	0.8251313903487817	0.9958129487115996	0.996369284573229	0.8453190672888344	0.8251313903487817
2	0.8096830705526358	0.8084740627454482	0.8727752326475132	0.8097265900127552	0.7983419105822706	0.8096830705526358	0.9953269660144667	0.9958283721325636	0.8330306800246688	0.8096830705526358
3	0.8166905558209906	0.8154418423210494	0.8935979415900209	0.8123583194660965	0.8015432564673901	0.8166905558209906	0.9950327596590511	0.9954533273421886	0.8336298902489762	0.8166905558209906
4	0.8235387800605192	0.8223853124350023	0.8054452332524804	0.82414662263563	0.8142390476771857	0.8235387800605192	0.9955679957353186	0.995867598210125	0.8435868296699952	0.8235387800605192
mean	0.822015128783337	0.8208494500818452	0.8338083457868436	0.820372168680073	0.8105474540969902	0.822015128783337	0.9955494982380173	0.99597104837549	0.840052439026798	0.822015128783337
std	0.008507623562542829	0.008558724921163385	0.04303643915664409	0.008029226989830126	0.008914039394542673	0.008507623562542829	0.00034508892514277674	0.00034390614014699654	0.00551984880826935	0.008507623562542829

Accuracy
MCC
log_loss
f1 score weighted
f1 score macro
f1 score micro
roc_auc ovr
roc_auc ovo
precision
recallFinished train_model_cv in 15183.1820 secs

