/home/amsequeira/enzymeClassification/models/blosum/64_64_32_500_post_pre_lstm_attentio_cv_only_enz_blosum_lev4_ec50
self
x_train
y_train
x_test
y_test
number_classes
problem_type
x_dval
y_dval
model
epochs
batch_size
callbacks
reduce_lr
early_stopping
checkpoint
tensorboard
early_stopping_patience
reduce_lr_patience
reduce_lr_factor
reduce_lr_min
path
report_name
verbose
validation_split
shuffle
class_weights/home/amsequeira/enzymeClassification/models/blosum/64_64_32_500_post_pre_lstm_attentio_cv_only_enz_blosum_lev4_ec50
self
x_train
y_train
x_test
y_test
number_classes
problem_type
x_dval
y_dval
model
epochs
batch_size
callbacks
reduce_lr
early_stopping
checkpoint
tensorboard
early_stopping_patience
reduce_lr_patience
reduce_lr_factor
reduce_lr_min
path
report_name
verbose
validation_split
shuffle
class_weights
===Callbacks===

generate_callbacks
[<tensorflow.python.keras.callbacks.EarlyStopping object at 0x7fa7907717f0>, <tensorflow.python.keras.callbacks.ReduceLROnPlateau object at 0x7fa790771550>, <tensorflow.python.keras.callbacks.ModelCheckpoint object at 0x7fa7907719d0>]
===SCORING TEST SET ===

model_complete_evaluate
{'self': <deep_ml.DeepML object at 0x7fa790771760>, 'x_test': array([[[-1, -1, -2, ..., -1, -1,  1],
        [ 0, -1,  0, ..., -2, -2,  0],
        [-1,  2,  0, ..., -3, -2, -2],
        ...,
        [ 0,  0,  0, ...,  0,  0,  0],
        [ 0,  0,  0, ...,  0,  0,  0],
        [ 0,  0,  0, ...,  0,  0,  0]],

       [[-1, -1, -2, ..., -1, -1,  1],
        [ 4, -1, -2, ..., -3, -2,  0],
        [ 4, -1, -2, ..., -3, -2,  0],
        ...,
        [ 0,  0,  0, ...,  0,  0,  0],
        [ 0,  0,  0, ...,  0,  0,  0],
        [ 0,  0,  0, ...,  0,  0,  0]],

       [[ 1, -1,  1, ..., -3, -2, -2],
        [ 1, -1,  1, ..., -3, -2, -2],
        [ 1, -1,  1, ..., -3, -2, -2],
        ...,
        [-1, -2, -2, ..., -4, -3, -2],
        [ 1, -1,  1, ..., -3, -2, -2],
        [-1, -2, -3, ..., -2, -1,  1]],

       ...,

       [[ 0, -1,  0, ..., -2, -2,  0],
        [ 0, -1,  0, ..., -2, -2,  0],
        [-2, -2,  1, ..., -4, -3, -3],
        ...,
        [-1, -2, -3, ..., -2, -1,  1],
        [-1,  5,  0, ..., -3, -2, -3],
        [-1, -2, -2, ..., -4, -3, -2]],

       [[-1,  1,  0, ..., -2, -1, -2],
        [ 0, -2,  0, ..., -2, -3, -3],
        [-2, -2,  1, ..., -4, -3, -3],
        ...,
        [ 0, -1,  0, ..., -2, -2,  0],
        [ 4, -1, -2, ..., -3, -2,  0],
        [-1, -2, -2, ..., -4, -3, -2]],

       [[-1, -1, -2, ..., -1, -1,  1],
        [-1,  0,  0, ..., -3, -2, -2],
        [-1,  2,  0, ..., -3, -2, -2],
        ...,
        [ 0,  0,  0, ...,  0,  0,  0],
        [ 0,  0,  0, ...,  0,  0,  0],
        [ 0,  0,  0, ...,  0,  0,  0]]], dtype=int8), 'y_test': array([ 84.,  84., 213., ...,  62.,  62.,  62.], dtype=float32), 'model': None}
report

              precision    recall  f1-score   support

         0.0       1.00      0.80      0.89        10
         1.0       0.96      1.00      0.98        25
         2.0       0.94      1.00      0.97        16
         3.0       0.92      0.92      0.92        12
         4.0       1.00      0.53      0.70        15
         5.0       1.00      0.80      0.89        10
         6.0       0.95      0.95      0.95        21
         7.0       0.63      0.74      0.68        23
         8.0       0.68      0.68      0.68        22
         9.0       0.71      0.71      0.71        35
        10.0       0.73      0.73      0.73        11
        11.0       0.88      0.79      0.83        19
        12.0       1.00      0.56      0.71        18
        13.0       0.78      1.00      0.88        14
        14.0       0.85      0.79      0.81        14
        15.0       0.91      1.00      0.95        10
        16.0       0.81      0.81      0.81        16
        17.0       0.92      1.00      0.96        12
        18.0       0.81      0.81      0.81        26
        19.0       0.89      0.96      0.93        26
        20.0       1.00      0.92      0.96        13
        21.0       1.00      1.00      1.00        16
        22.0       0.94      1.00      0.97        17
        23.0       0.77      0.91      0.83        11
        24.0       1.00      0.83      0.91        18
        25.0       0.94      0.94      0.94        18
        26.0       0.69      0.90      0.78        10
        27.0       0.86      0.92      0.89        13
        28.0       0.86      0.95      0.90        20
        29.0       0.91      0.87      0.89        23
        30.0       0.87      0.93      0.90        29
        31.0       0.90      1.00      0.95        18
        32.0       0.75      0.90      0.82        10
        33.0       0.85      0.94      0.89        31
        34.0       0.85      0.91      0.88        32
        35.0       0.90      0.75      0.82        12
        36.0       0.92      0.89      0.91        27
        37.0       0.75      0.40      0.52        15
        38.0       1.00      0.73      0.84        11
        39.0       0.07      0.08      0.07        13
        40.0       0.88      1.00      0.94        15
        41.0       1.00      0.92      0.96        12
        42.0       0.75      0.60      0.67        10
        43.0       1.00      1.00      1.00        17
        44.0       1.00      0.93      0.96        28
        45.0       0.95      0.95      0.95        21
        46.0       0.88      0.88      0.88        16
        47.0       0.86      0.92      0.89        13
        48.0       1.00      0.73      0.84        11
        49.0       0.85      0.92      0.88        12
        50.0       0.88      0.58      0.70        12
        51.0       0.93      0.93      0.93        14
        52.0       0.79      0.88      0.84        26
        53.0       0.92      0.89      0.91        27
        54.0       0.92      1.00      0.96        22
        55.0       0.94      0.85      0.89        20
        56.0       1.00      1.00      1.00        25
        57.0       0.83      0.90      0.86        21
        58.0       0.83      0.45      0.59        11
        59.0       0.60      0.38      0.46        16
        60.0       0.88      0.96      0.92        24
        61.0       0.65      0.79      0.71        14
        62.0       0.81      0.78      0.80       133
        63.0       1.00      0.94      0.97        16
        64.0       0.83      0.91      0.87        11
        65.0       0.93      0.82      0.87        17
        66.0       0.93      0.93      0.93        14
        67.0       0.88      0.64      0.74        11
        68.0       0.94      0.84      0.89        19
        69.0       0.91      1.00      0.95        30
        70.0       0.73      0.89      0.80        18
        71.0       0.80      0.80      0.80        15
        72.0       1.00      0.95      0.98        22
        73.0       0.85      1.00      0.92        11
        74.0       0.91      0.91      0.91        22
        75.0       0.84      0.94      0.89        17
        76.0       0.88      1.00      0.94        15
        77.0       1.00      0.90      0.95        21
        78.0       1.00      1.00      1.00        21
        79.0       0.90      0.90      0.90        10
        80.0       0.68      0.81      0.74        31
        81.0       0.95      1.00      0.98        21
        82.0       0.93      0.93      0.93        27
        83.0       0.79      0.85      0.81        13
        84.0       0.95      0.86      0.90        22
        85.0       1.00      1.00      1.00        12
        86.0       0.97      0.97      0.97        39
        87.0       0.81      1.00      0.89        17
        88.0       1.00      0.78      0.88        27
        89.0       0.91      0.83      0.87        12
        90.0       1.00      0.90      0.95        21
        91.0       0.97      0.97      0.97        30
        92.0       0.92      1.00      0.96        12
        93.0       0.90      0.64      0.75        14
        94.0       0.97      1.00      0.98        28
        95.0       0.83      0.96      0.89        26
        96.0       0.91      0.91      0.91        11
        97.0       0.92      0.80      0.86        30
        98.0       0.88      0.88      0.88        16
        99.0       0.94      0.88      0.91        17
       100.0       0.81      0.92      0.86        24
       101.0       0.87      0.93      0.90        28
       102.0       0.57      0.42      0.48        19
       103.0       0.80      0.86      0.83       291
       104.0       0.90      0.69      0.78        13
       105.0       0.74      0.88      0.80        16
       106.0       0.90      0.80      0.84        44
       107.0       0.92      1.00      0.96        12
       108.0       0.93      0.88      0.90        16
       109.0       0.86      1.00      0.93        19
       110.0       0.94      0.94      0.94        16
       111.0       0.87      0.93      0.90        14
       112.0       0.91      0.87      0.89        23
       113.0       0.88      0.85      0.87        34
       114.0       0.88      0.83      0.86        18
       115.0       0.91      1.00      0.95        21
       116.0       1.00      0.91      0.95        34
       117.0       0.65      0.85      0.73        13
       118.0       1.00      0.96      0.98        28
       119.0       0.96      1.00      0.98        26
       120.0       1.00      1.00      1.00        14
       121.0       0.64      0.64      0.64        11
       122.0       0.10      0.05      0.07        19
       123.0       0.74      0.84      0.78       136
       124.0       0.71      0.75      0.73        20
       125.0       0.55      0.62      0.59        58
       126.0       0.73      0.62      0.67        13
       127.0       1.00      1.00      1.00        17
       128.0       1.00      1.00      1.00        17
       129.0       1.00      1.00      1.00        17
       130.0       0.90      0.81      0.85        32
       131.0       0.91      1.00      0.95        20
       132.0       0.89      1.00      0.94        17
       133.0       1.00      1.00      1.00        15
       134.0       0.93      0.82      0.87        17
       135.0       0.86      0.92      0.89        13
       136.0       0.77      0.77      0.77        13
       137.0       0.92      0.92      0.92        38
       138.0       0.50      0.27      0.35        15
       139.0       0.76      0.68      0.72        19
       140.0       0.93      0.67      0.78        21
       141.0       0.96      1.00      0.98        45
       142.0       0.21      0.27      0.24        11
       143.0       0.84      1.00      0.91        16
       144.0       0.62      0.80      0.70        10
       145.0       0.17      0.17      0.17        18
       146.0       0.83      0.86      0.84        28
       147.0       0.67      0.73      0.70        11
       148.0       0.76      0.83      0.79        23
       149.0       0.94      0.90      0.92        52
       150.0       0.80      0.80      0.80        54
       151.0       0.71      0.62      0.67        16
       152.0       0.77      0.79      0.78        67
       153.0       0.50      0.36      0.42        11
       154.0       0.69      0.68      0.68        40
       155.0       1.00      0.79      0.88        24
       156.0       0.40      0.33      0.36        12
       157.0       0.62      0.44      0.52        18
       158.0       0.54      0.41      0.47        17
       159.0       0.80      0.84      0.82        19
       160.0       0.27      0.20      0.23        15
       161.0       0.47      0.64      0.54        25
       162.0       0.31      0.45      0.37        11
       163.0       0.53      0.62      0.57        16
       164.0       0.89      0.89      0.89        18
       165.0       0.77      0.83      0.80        12
       166.0       0.40      0.44      0.42        48
       167.0       1.00      1.00      1.00        21
       168.0       0.70      0.93      0.80        15
       169.0       0.94      0.88      0.91        17
       170.0       0.88      0.96      0.92        24
       171.0       0.90      0.78      0.84        36
       172.0       0.75      0.86      0.80        14
       173.0       0.68      0.76      0.72        17
       174.0       0.77      0.92      0.84        26
       175.0       0.90      0.82      0.86        11
       176.0       0.50      0.50      0.50        12
       177.0       0.84      0.76      0.80        21
       178.0       0.88      1.00      0.94        15
       179.0       0.70      0.50      0.58        14
       180.0       0.69      0.60      0.64        15
       181.0       0.82      0.78      0.80        23
       182.0       0.97      0.97      0.97        30
       183.0       1.00      0.83      0.91        12
       184.0       0.95      0.91      0.93        22
       185.0       0.96      0.93      0.95        28
       186.0       0.63      0.73      0.68       128
       187.0       0.88      0.84      0.86       119
       188.0       1.00      0.93      0.96        14
       189.0       0.78      0.61      0.68        23
       190.0       0.88      1.00      0.93        14
       191.0       0.82      0.75      0.78        12
       192.0       0.93      0.93      0.93        15
       193.0       0.88      0.58      0.70        12
       194.0       0.73      0.80      0.76        20
       195.0       0.83      0.45      0.59        11
       196.0       1.00      0.62      0.76        13
       197.0       0.75      0.46      0.57        13
       198.0       0.93      1.00      0.97        14
       199.0       0.89      0.53      0.67        15
       200.0       0.89      0.62      0.73        26
       201.0       0.88      0.82      0.85        17
       202.0       0.81      0.87      0.84        15
       203.0       0.90      0.93      0.92        29
       204.0       1.00      0.91      0.95        22
       205.0       0.88      1.00      0.94        15
       206.0       0.95      1.00      0.97        19
       207.0       0.94      0.89      0.92        19
       208.0       0.80      0.94      0.86        17
       209.0       0.94      0.94      0.94        16
       210.0       0.91      1.00      0.95        20
       211.0       0.93      1.00      0.96        13
       212.0       0.92      0.86      0.89        14
       213.0       0.92      0.71      0.80        17
       214.0       0.88      0.68      0.77        22
       215.0       0.87      0.93      0.90        14
       216.0       0.94      1.00      0.97        17
       217.0       1.00      0.80      0.89        10
       218.0       0.81      0.89      0.85       110
       219.0       0.81      0.90      0.85        29
       220.0       0.95      1.00      0.98        21
       221.0       1.00      0.92      0.96        13
       222.0       1.00      1.00      1.00        26
       223.0       0.93      0.88      0.90        16
       224.0       1.00      0.90      0.95        21
       225.0       1.00      0.65      0.79        17
       226.0       1.00      1.00      1.00        12
       227.0       0.92      0.85      0.88        13
       228.0       0.92      0.92      0.92        12
       229.0       0.90      0.90      0.90        31
       230.0       0.81      0.76      0.79        34
       231.0       0.73      0.62      0.67        13
       232.0       0.69      0.62      0.65        29
       233.0       0.89      0.80      0.84        20
       234.0       0.95      0.90      0.92        20
       235.0       0.88      1.00      0.93        21
       236.0       0.74      0.77      0.76        22
       237.0       0.95      0.95      0.95        20
       238.0       1.00      1.00      1.00        27
       239.0       0.88      0.97      0.92        30
       240.0       0.96      0.96      0.96        23
       241.0       0.82      0.69      0.75        13
       242.0       0.86      0.82      0.84        45
       243.0       1.00      1.00      1.00        26
       244.0       0.92      1.00      0.96        12
       245.0       0.86      1.00      0.93        19
       246.0       0.90      0.86      0.88        21
       247.0       0.85      0.81      0.83        21
       248.0       0.87      0.81      0.84        16
       249.0       0.89      0.92      0.91        26
       250.0       0.89      0.84      0.86        19
       251.0       0.75      0.75      0.75        12
       252.0       0.78      0.64      0.70        11
       253.0       0.91      0.95      0.93        22
       254.0       1.00      1.00      1.00        12
       255.0       1.00      0.53      0.70        15
       256.0       0.86      1.00      0.92        24
       257.0       0.86      0.80      0.83        15
       258.0       0.94      0.94      0.94        18
       259.0       0.93      0.96      0.94        26
       260.0       0.94      0.89      0.91        18
       261.0       0.93      0.84      0.88        31
       262.0       0.85      1.00      0.92        11
       263.0       1.00      0.87      0.93        15
       264.0       0.86      1.00      0.92        18
       265.0       0.85      1.00      0.92        11
       266.0       0.93      0.93      0.93        15
       267.0       0.86      0.46      0.60        13
       268.0       0.91      1.00      0.95        20
       269.0       1.00      1.00      1.00        19
       270.0       0.38      0.57      0.46        14
       271.0       0.88      0.95      0.91        38
       272.0       0.86      0.92      0.89        53
       273.0       0.81      0.68      0.74        31
       274.0       0.78      0.91      0.84        32
       275.0       1.00      1.00      1.00        11
       276.0       0.92      1.00      0.96        11
       277.0       0.92      1.00      0.96        12

    accuracy                           0.84      6280
   macro avg       0.85      0.83      0.83      6280
weighted avg       0.84      0.84      0.84      6280


===confusion_matrix===

[[ 8  0  0 ...  0  0  0]
 [ 0 25  0 ...  0  0  0]
 [ 0  0 16 ...  0  0  0]
 ...
 [ 0  0  0 ... 11  0  0]
 [ 0  0  0 ...  0 11  0]
 [ 0  0  0 ...  0  0 12]]

===multilabel confusion matrix===

[[[6270    0]
  [   2    8]]

 [[6254    1]
  [   0   25]]

 [[6263    1]
  [   0   16]]

 ...

 [[6269    0]
  [   0   11]]

 [[6268    1]
  [   0   11]]

 [[6267    1]
  [   0   12]]]

===scores report===
metrics	scores
Accuracy	0.8377
MCC	0.8365
log_loss	0.8350
f1 score weighted	0.8358
f1 score macro	0.8340
f1 score micro	0.8377
roc_auc ovr	0.9952
roc_auc ovo	0.9956
precision	0.8421
recall	0.8377

===Callbacks===

generate_callbacks
[<tensorflow.python.keras.callbacks.EarlyStopping object at 0x7fa7907717f0>, <tensorflow.python.keras.callbacks.ReduceLROnPlateau object at 0x7fa790771550>, <tensorflow.python.keras.callbacks.ModelCheckpoint object at 0x7fa7907719d0>]
===SCORING TEST SET ===

model_complete_evaluate
{'self': <deep_ml.DeepML object at 0x7fa790771760>, 'x_test': array([[[-1, -1, -2, ..., -1, -1,  1],
        [-1,  1,  0, ..., -2, -1, -2],
        [ 4, -1, -2, ..., -3, -2,  0],
        ...,
        [ 0,  0,  0, ...,  0,  0,  0],
        [ 0,  0,  0, ...,  0,  0,  0],
        [ 0,  0,  0, ...,  0,  0,  0]],

       [[-1, -1, -2, ..., -1, -1,  1],
        [-1,  2,  0, ..., -3, -2, -2],
        [-2,  0,  6, ..., -4, -2, -3],
        ...,
        [ 0,  0,  0, ...,  0,  0,  0],
        [ 0,  0,  0, ...,  0,  0,  0],
        [ 0,  0,  0, ...,  0,  0,  0]],

       [[-1, -1, -2, ..., -1, -1,  1],
        [-1,  1,  0, ..., -2, -1, -2],
        [ 0, -1,  0, ..., -2, -2,  0],
        ...,
        [ 0,  0,  0, ...,  0,  0,  0],
        [ 0,  0,  0, ...,  0,  0,  0],
        [ 0,  0,  0, ...,  0,  0,  0]],

       ...,

       [[-1,  2,  0, ..., -3, -2, -2],
        [ 0, -1,  0, ..., -2, -2,  0],
        [-1, -2, -3, ..., -2, -1,  1],
        ...,
        [ 0, -3, -3, ..., -2, -2, -1],
        [-1,  5,  0, ..., -3, -2, -3],
        [-3, -3, -4, ..., 11,  2, -3]],

       [[-1, -2, -2, ..., -4, -3, -2],
        [-1,  0,  0, ..., -3, -2, -2],
        [-1, -2, -2, ..., -4, -3, -2],
        ...,
        [ 1, -1,  1, ..., -3, -2, -2],
        [ 4, -1, -2, ..., -3, -2,  0],
        [-1, -2, -2, ..., -4, -3, -2]],

       [[-1,  2,  0, ..., -3, -2, -2],
        [ 0, -3, -3, ..., -3, -1,  4],
        [-2, -3, -3, ...,  1,  3, -1],
        ...,
        [-2,  0,  1, ..., -2,  2, -3],
        [-1, -2, -2, ..., -4, -3, -2],
        [-1, -2, -3, ..., -2, -1,  1]]], dtype=int8), 'y_test': array([ 84.,  84.,  84., ..., 186.,  62., 139.], dtype=float32), 'model': None}
report

              precision    recall  f1-score   support

         0.0       0.67      0.73      0.70        11
         1.0       0.88      0.88      0.88        25
         2.0       1.00      0.94      0.97        16
         3.0       0.69      0.85      0.76        13
         4.0       0.82      0.88      0.85        16
         5.0       1.00      1.00      1.00        10
         6.0       0.95      1.00      0.98        21
         7.0       0.84      0.70      0.76        23
         8.0       0.50      0.68      0.58        22
         9.0       0.82      0.79      0.81        34
        10.0       0.33      0.36      0.35        11
        11.0       0.86      0.95      0.90        19
        12.0       0.63      0.71      0.67        17
        13.0       0.79      0.79      0.79        14
        14.0       1.00      0.71      0.83        14
        15.0       0.89      0.80      0.84        10
        16.0       0.75      0.94      0.83        16
        17.0       0.92      1.00      0.96        12
        18.0       0.77      0.77      0.77        26
        19.0       0.81      0.81      0.81        26
        20.0       0.72      1.00      0.84        13
        21.0       0.88      0.94      0.91        16
        22.0       0.89      1.00      0.94        17
        23.0       0.82      0.75      0.78        12
        24.0       0.83      0.79      0.81        19
        25.0       0.79      1.00      0.88        19
        26.0       0.83      1.00      0.91        10
        27.0       0.92      0.92      0.92        13
        28.0       1.00      0.90      0.95        20
        29.0       0.95      0.95      0.95        22
        30.0       0.83      0.86      0.85        29
        31.0       0.94      0.94      0.94        18
        32.0       0.67      0.60      0.63        10
        33.0       0.97      1.00      0.98        30
        34.0       0.93      0.88      0.90        32
        35.0       1.00      0.50      0.67        12
        36.0       1.00      0.85      0.92        27
        37.0       0.83      0.67      0.74        15
        38.0       0.91      0.91      0.91        11
        39.0       0.33      0.15      0.21        13
        40.0       1.00      0.93      0.97        15
        41.0       0.91      0.83      0.87        12
        42.0       0.73      0.73      0.73        11
        43.0       0.94      1.00      0.97        16
        44.0       0.93      0.96      0.95        28
        45.0       0.86      0.90      0.88        21
        46.0       0.85      0.69      0.76        16
        47.0       0.85      0.85      0.85        13
        48.0       0.64      0.82      0.72        11
        49.0       1.00      1.00      1.00        12
        50.0       0.73      0.67      0.70        12
        51.0       1.00      0.79      0.88        14
        52.0       0.95      0.77      0.85        26
        53.0       0.89      0.89      0.89        27
        54.0       0.88      0.95      0.91        22
        55.0       0.95      1.00      0.98        20
        56.0       0.96      1.00      0.98        25
        57.0       0.95      1.00      0.98        21
        58.0       0.62      0.45      0.53        11
        59.0       0.33      0.44      0.38        16
        60.0       0.85      0.88      0.86        25
        61.0       0.62      0.57      0.59        14
        62.0       0.79      0.80      0.79       133
        63.0       1.00      0.94      0.97        16
        64.0       0.91      0.83      0.87        12
        65.0       0.88      0.82      0.85        17
        66.0       0.59      0.93      0.72        14
        67.0       0.82      0.82      0.82        11
        68.0       0.83      0.83      0.83        18
        69.0       0.94      1.00      0.97        30
        70.0       0.89      0.89      0.89        18
        71.0       0.85      0.73      0.79        15
        72.0       1.00      1.00      1.00        21
        73.0       1.00      1.00      1.00        11
        74.0       1.00      0.95      0.98        21
        75.0       1.00      0.94      0.97        18
        76.0       0.88      0.93      0.90        15
        77.0       0.90      0.90      0.90        21
        78.0       0.95      1.00      0.98        21
        79.0       0.91      0.91      0.91        11
        80.0       0.60      0.48      0.54        31
        81.0       0.78      0.86      0.82        21
        82.0       0.81      0.81      0.81        27
        83.0       0.92      0.85      0.88        13
        84.0       0.90      0.82      0.86        22
        85.0       1.00      0.83      0.91        12
        86.0       0.93      1.00      0.96        39
        87.0       0.88      0.88      0.88        17
        88.0       0.96      0.96      0.96        26
        89.0       0.80      0.67      0.73        12
        90.0       0.95      0.95      0.95        21
        91.0       1.00      0.97      0.98        30
        92.0       0.89      0.67      0.76        12
        93.0       0.73      0.79      0.76        14
        94.0       1.00      0.93      0.96        28
        95.0       0.96      0.92      0.94        26
        96.0       1.00      0.91      0.95        11
        97.0       0.81      0.84      0.83        31
        98.0       0.76      0.81      0.79        16
        99.0       0.93      0.82      0.87        17
       100.0       1.00      0.92      0.96        25
       101.0       0.89      0.89      0.89        28
       102.0       0.86      0.63      0.73        19
       103.0       0.84      0.87      0.86       292
       104.0       0.90      0.69      0.78        13
       105.0       1.00      0.88      0.94        17
       106.0       0.89      0.58      0.70        43
       107.0       0.92      0.92      0.92        13
       108.0       0.88      0.94      0.91        16
       109.0       0.94      0.89      0.91        18
       110.0       1.00      0.88      0.93        16
       111.0       0.67      0.92      0.77        13
       112.0       0.78      0.91      0.84        23
       113.0       0.88      0.88      0.88        34
       114.0       0.88      0.78      0.82        18
       115.0       0.95      0.95      0.95        21
       116.0       0.97      0.97      0.97        34
       117.0       0.85      0.92      0.88        12
       118.0       0.90      1.00      0.95        28
       119.0       0.96      1.00      0.98        25
       120.0       0.92      0.86      0.89        14
       121.0       0.71      0.91      0.80        11
       122.0       0.12      0.11      0.11        19
       123.0       0.80      0.77      0.78       136
       124.0       0.85      0.85      0.85        20
       125.0       0.41      0.50      0.45        58
       126.0       0.82      0.64      0.72        14
       127.0       1.00      1.00      1.00        17
       128.0       0.94      1.00      0.97        16
       129.0       1.00      0.94      0.97        18
       130.0       0.86      0.97      0.91        31
       131.0       0.80      1.00      0.89        20
       132.0       1.00      1.00      1.00        18
       133.0       1.00      1.00      1.00        15
       134.0       0.89      1.00      0.94        16
       135.0       0.93      1.00      0.96        13
       136.0       0.60      0.46      0.52        13
       137.0       0.97      0.92      0.95        39
       138.0       0.86      0.43      0.57        14
       139.0       0.92      0.58      0.71        19
       140.0       0.79      0.90      0.84        21
       141.0       1.00      0.98      0.99        46
       142.0       0.43      0.25      0.32        12
       143.0       1.00      0.88      0.93        16
       144.0       0.86      0.60      0.71        10
       145.0       0.30      0.32      0.31        19
       146.0       0.77      0.71      0.74        28
       147.0       0.50      0.33      0.40        12
       148.0       0.88      0.92      0.90        24
       149.0       0.95      1.00      0.97        52
       150.0       0.59      0.75      0.66        53
       151.0       0.92      0.80      0.86        15
       152.0       0.89      0.82      0.85        67
       153.0       0.22      0.18      0.20        11
       154.0       0.93      0.68      0.78        40
       155.0       0.88      0.88      0.88        24
       156.0       0.67      0.17      0.27        12
       157.0       0.73      0.44      0.55        18
       158.0       0.36      0.47      0.41        17
       159.0       0.79      0.61      0.69        18
       160.0       0.58      0.47      0.52        15
       161.0       0.61      0.44      0.51        25
       162.0       0.40      0.20      0.27        10
       163.0       0.42      0.50      0.46        16
       164.0       0.75      1.00      0.86        18
       165.0       0.80      0.62      0.70        13
       166.0       0.40      0.50      0.44        48
       167.0       1.00      1.00      1.00        21
       168.0       0.67      0.53      0.59        15
       169.0       0.89      1.00      0.94        17
       170.0       0.88      0.92      0.90        24
       171.0       0.94      0.92      0.93        36
       172.0       1.00      0.64      0.78        14
       173.0       0.88      0.82      0.85        17
       174.0       0.68      0.73      0.70        26
       175.0       0.70      0.64      0.67        11
       176.0       0.43      0.25      0.32        12
       177.0       0.48      0.71      0.58        21
       178.0       0.94      1.00      0.97        15
       179.0       0.57      0.57      0.57        14
       180.0       0.79      0.73      0.76        15
       181.0       0.83      0.87      0.85        23
       182.0       1.00      0.97      0.98        30
       183.0       1.00      0.92      0.96        12
       184.0       1.00      0.86      0.92        21
       185.0       0.87      0.93      0.90        28
       186.0       0.60      0.73      0.66       128
       187.0       0.88      0.85      0.86       119
       188.0       0.85      0.79      0.81        14
       189.0       0.56      0.78      0.65        23
       190.0       0.82      1.00      0.90        14
       191.0       1.00      0.42      0.59        12
       192.0       0.85      0.73      0.79        15
       193.0       0.90      0.82      0.86        11
       194.0       1.00      0.75      0.86        20
       195.0       0.50      0.27      0.35        11
       196.0       1.00      0.62      0.76        13
       197.0       0.88      0.54      0.67        13
       198.0       1.00      0.92      0.96        13
       199.0       0.69      0.64      0.67        14
       200.0       0.86      0.92      0.89        26
       201.0       0.93      0.88      0.90        16
       202.0       0.87      0.87      0.87        15
       203.0       0.87      0.93      0.90        29
       204.0       1.00      0.81      0.89        21
       205.0       1.00      1.00      1.00        15
       206.0       0.48      0.79      0.60        19
       207.0       1.00      1.00      1.00        20
       208.0       0.94      1.00      0.97        17
       209.0       0.83      0.94      0.88        16
       210.0       0.76      0.95      0.84        20
       211.0       0.81      1.00      0.90        13
       212.0       1.00      0.86      0.92        14
       213.0       0.73      0.94      0.82        17
       214.0       0.82      0.82      0.82        22
       215.0       0.92      0.79      0.85        14
       216.0       0.94      0.88      0.91        17
       217.0       0.90      0.82      0.86        11
       218.0       0.82      0.78      0.80       111
       219.0       0.85      0.97      0.91        30
       220.0       0.95      0.90      0.93        21
       221.0       1.00      1.00      1.00        13
       222.0       0.92      0.92      0.92        26
       223.0       1.00      1.00      1.00        17
       224.0       0.95      0.95      0.95        20
       225.0       0.92      0.71      0.80        17
       226.0       0.71      0.83      0.77        12
       227.0       0.78      0.54      0.64        13
       228.0       0.86      1.00      0.92        12
       229.0       0.90      0.87      0.89        31
       230.0       0.78      0.85      0.82        34
       231.0       0.24      0.33      0.28        12
       232.0       0.49      0.61      0.54        28
       233.0       0.70      0.84      0.76        19
       234.0       0.95      0.90      0.92        20
       235.0       0.94      0.80      0.86        20
       236.0       0.62      0.87      0.73        23
       237.0       0.81      0.65      0.72        20
       238.0       0.96      1.00      0.98        27
       239.0       0.79      0.87      0.83        31
       240.0       0.85      0.96      0.90        23
       241.0       0.67      0.57      0.62        14
       242.0       0.73      0.68      0.71        44
       243.0       0.89      0.96      0.93        26
       244.0       0.82      0.82      0.82        11
       245.0       0.73      0.80      0.76        20
       246.0       0.76      0.86      0.81        22
       247.0       0.88      0.75      0.81        20
       248.0       0.75      0.75      0.75        16
       249.0       0.88      0.85      0.86        26
       250.0       0.80      0.84      0.82        19
       251.0       0.71      0.91      0.80        11
       252.0       0.88      0.64      0.74        11
       253.0       0.92      0.96      0.94        23
       254.0       0.86      1.00      0.92        12
       255.0       0.80      0.50      0.62        16
       256.0       0.79      0.96      0.87        24
       257.0       0.78      1.00      0.88        14
       258.0       0.95      1.00      0.97        18
       259.0       0.93      1.00      0.96        26
       260.0       1.00      0.94      0.97        18
       261.0       0.97      0.90      0.93        31
       262.0       0.85      1.00      0.92        11
       263.0       1.00      0.93      0.97        15
       264.0       0.94      0.89      0.92        19
       265.0       1.00      0.73      0.84        11
       266.0       0.92      0.86      0.89        14
       267.0       0.73      0.62      0.67        13
       268.0       0.82      0.90      0.86        20
       269.0       1.00      0.95      0.97        19
       270.0       0.33      0.21      0.26        14
       271.0       0.87      0.87      0.87        38
       272.0       0.82      0.96      0.89        53
       273.0       0.89      0.77      0.83        31
       274.0       0.97      0.88      0.92        32
       275.0       1.00      0.90      0.95        10
       276.0       0.92      1.00      0.96        11
       277.0       0.92      1.00      0.96        12

    accuracy                           0.82      6279
   macro avg       0.83      0.81      0.81      6279
weighted avg       0.83      0.82      0.82      6279


===confusion_matrix===

[[ 8  0  0 ...  0  0  0]
 [ 0 22  0 ...  0  0  0]
 [ 0  0 15 ...  0  0  0]
 ...
 [ 0  0  0 ...  9  0  1]
 [ 0  0  0 ...  0 11  0]
 [ 0  0  0 ...  0  0 12]]

===multilabel confusion matrix===

[[[6264    4]
  [   3    8]]

 [[6251    3]
  [   3   22]]

 [[6263    0]
  [   1   15]]

 ...

 [[6269    0]
  [   1    9]]

 [[6267    1]
  [   0   11]]

 [[6266    1]
  [   0   12]]]

===scores report===
metrics	scores
Accuracy	0.8227
MCC	0.8214
log_loss	0.9347
f1 score weighted	0.8214
f1 score macro	0.8135
f1 score micro	0.8227
roc_auc ovr	0.9948
roc_auc ovo	0.9952
precision	0.8304
recall	0.8227

===Callbacks===

generate_callbacks
[<tensorflow.python.keras.callbacks.EarlyStopping object at 0x7fa7907717f0>, <tensorflow.python.keras.callbacks.ReduceLROnPlateau object at 0x7fa790771550>, <tensorflow.python.keras.callbacks.ModelCheckpoint object at 0x7fa7907719d0>]
===SCORING TEST SET ===

model_complete_evaluate
{'self': <deep_ml.DeepML object at 0x7fa790771760>, 'x_test': array([[[-1, -1, -2, ..., -1, -1,  1],
        [-1, -1, -2, ..., -1, -1,  1],
        [-1,  5,  0, ..., -3, -2, -3],
        ...,
        [ 0,  0,  0, ...,  0,  0,  0],
        [ 0,  0,  0, ...,  0,  0,  0],
        [ 0,  0,  0, ...,  0,  0,  0]],

       [[-1, -1, -2, ..., -1, -1,  1],
        [-1,  2,  0, ..., -3, -2, -2],
        [-1,  2,  0, ..., -3, -2, -2],
        ...,
        [ 0,  0,  0, ...,  0,  0,  0],
        [ 0,  0,  0, ...,  0,  0,  0],
        [ 0,  0,  0, ...,  0,  0,  0]],

       [[-1, -1, -2, ..., -1, -1,  1],
        [-1,  0,  0, ..., -3, -2, -2],
        [-1, -2, -3, ..., -2, -1,  1],
        ...,
        [ 0,  0,  0, ...,  0,  0,  0],
        [ 0,  0,  0, ...,  0,  0,  0],
        [ 0,  0,  0, ...,  0,  0,  0]],

       ...,

       [[-1,  2,  0, ..., -3, -2, -2],
        [-1, -2, -3, ..., -2, -1,  1],
        [-2,  0,  6, ..., -4, -2, -3],
        ...,
        [-2, -2, -2, ...,  2,  7, -1],
        [-1, -2, -2, ..., -4, -3, -2],
        [ 0, -1,  0, ..., -2, -2,  0]],

       [[-1, -1, -2, ..., -1, -1,  1],
        [-1,  0,  0, ..., -3, -2, -2],
        [ 0, -3, -3, ..., -3, -1,  4],
        ...,
        [ 0,  0,  0, ...,  0,  0,  0],
        [ 0,  0,  0, ...,  0,  0,  0],
        [ 0,  0,  0, ...,  0,  0,  0]],

       [[ 4, -1, -2, ..., -3, -2,  0],
        [ 0, -3, -3, ..., -2, -2, -1],
        [-1, -2, -3, ..., -2, -1,  1],
        ...,
        [-1,  5,  0, ..., -3, -2, -3],
        [-2, -2,  1, ..., -4, -3, -3],
        [-1, -2, -2, ..., -4, -3, -2]]], dtype=int8), 'y_test': array([84., 84., 84., ..., 62., 62., 62.], dtype=float32), 'model': None}
report

              precision    recall  f1-score   support

         0.0       0.91      0.91      0.91        11
         1.0       1.00      1.00      1.00        25
         2.0       0.89      0.94      0.91        17
         3.0       0.81      1.00      0.90        13
         4.0       0.85      0.73      0.79        15
         5.0       1.00      0.60      0.75        10
         6.0       1.00      0.86      0.92        21
         7.0       0.68      0.65      0.67        23
         8.0       0.58      0.68      0.62        22
         9.0       0.91      0.94      0.93        34
        10.0       0.67      1.00      0.80        10
        11.0       0.88      0.74      0.80        19
        12.0       0.69      0.65      0.67        17
        13.0       0.86      0.86      0.86        14
        14.0       0.92      0.85      0.88        13
        15.0       0.90      0.82      0.86        11
        16.0       0.94      0.94      0.94        16
        17.0       0.92      1.00      0.96        12
        18.0       0.89      0.96      0.92        25
        19.0       0.83      0.96      0.89        26
        20.0       0.93      1.00      0.96        13
        21.0       0.93      0.88      0.90        16
        22.0       0.94      1.00      0.97        17
        23.0       0.69      0.82      0.75        11
        24.0       0.83      0.53      0.65        19
        25.0       0.82      1.00      0.90        18
        26.0       0.92      1.00      0.96        11
        27.0       1.00      0.85      0.92        13
        28.0       1.00      0.95      0.98        21
        29.0       0.88      0.95      0.91        22
        30.0       0.71      0.93      0.81        29
        31.0       0.90      1.00      0.95        18
        32.0       1.00      0.60      0.75        10
        33.0       0.97      0.93      0.95        30
        34.0       0.85      0.88      0.86        32
        35.0       0.77      0.77      0.77        13
        36.0       0.96      0.93      0.94        27
        37.0       0.83      0.67      0.74        15
        38.0       0.71      0.83      0.77        12
        39.0       0.67      0.46      0.55        13
        40.0       0.94      1.00      0.97        15
        41.0       0.92      0.92      0.92        12
        42.0       0.71      0.91      0.80        11
        43.0       0.93      0.88      0.90        16
        44.0       1.00      0.90      0.95        29
        45.0       0.88      0.95      0.91        22
        46.0       0.89      1.00      0.94        16
        47.0       0.71      0.77      0.74        13
        48.0       0.92      1.00      0.96        11
        49.0       0.83      0.83      0.83        12
        50.0       0.85      0.92      0.88        12
        51.0       0.92      0.92      0.92        13
        52.0       0.92      0.85      0.88        26
        53.0       0.83      0.89      0.86        27
        54.0       0.82      1.00      0.90        23
        55.0       1.00      0.95      0.97        19
        56.0       0.96      0.96      0.96        25
        57.0       0.95      0.86      0.90        22
        58.0       0.70      0.64      0.67        11
        59.0       0.50      0.44      0.47        16
        60.0       0.79      0.76      0.78        25
        61.0       0.60      0.60      0.60        15
        62.0       0.78      0.82      0.80       133
        63.0       1.00      0.94      0.97        16
        64.0       0.91      0.83      0.87        12
        65.0       0.81      0.72      0.76        18
        66.0       0.93      0.93      0.93        14
        67.0       1.00      0.91      0.95        11
        68.0       0.87      0.72      0.79        18
        69.0       0.94      0.97      0.95        30
        70.0       0.90      1.00      0.95        18
        71.0       1.00      0.93      0.97        15
        72.0       1.00      0.95      0.98        22
        73.0       0.83      0.91      0.87        11
        74.0       0.95      1.00      0.98        21
        75.0       1.00      1.00      1.00        18
        76.0       0.93      0.87      0.90        15
        77.0       1.00      1.00      1.00        21
        78.0       0.83      0.90      0.86        21
        79.0       0.80      0.73      0.76        11
        80.0       0.59      0.59      0.59        32
        81.0       0.91      0.95      0.93        21
        82.0       0.88      0.88      0.88        26
        83.0       0.86      0.92      0.89        13
        84.0       0.95      0.90      0.93        21
        85.0       1.00      0.92      0.96        12
        86.0       0.97      1.00      0.99        39
        87.0       1.00      0.82      0.90        17
        88.0       0.86      0.93      0.89        27
        89.0       0.60      0.50      0.55        12
        90.0       1.00      0.95      0.97        20
        91.0       0.94      1.00      0.97        30
        92.0       0.93      1.00      0.96        13
        93.0       0.64      0.54      0.58        13
        94.0       0.96      0.89      0.92        27
        95.0       0.82      0.88      0.85        26
        96.0       0.89      0.73      0.80        11
        97.0       0.84      0.84      0.84        31
        98.0       0.88      0.82      0.85        17
        99.0       0.86      1.00      0.92        18
       100.0       0.85      0.92      0.88        25
       101.0       0.86      0.89      0.88        28
       102.0       0.82      0.45      0.58        20
       103.0       0.82      0.88      0.85       292
       104.0       0.82      0.69      0.75        13
       105.0       1.00      0.81      0.90        16
       106.0       0.71      0.70      0.71        43
       107.0       1.00      1.00      1.00        13
       108.0       0.94      1.00      0.97        15
       109.0       0.94      0.89      0.91        18
       110.0       0.93      0.82      0.87        17
       111.0       1.00      0.93      0.96        14
       112.0       0.95      0.91      0.93        23
       113.0       0.94      0.88      0.91        34
       114.0       0.95      1.00      0.97        18
       115.0       0.83      0.90      0.86        21
       116.0       0.97      1.00      0.99        34
       117.0       0.83      0.83      0.83        12
       118.0       0.75      0.96      0.84        28
       119.0       0.87      1.00      0.93        26
       120.0       0.87      1.00      0.93        13
       121.0       0.75      0.55      0.63        11
       122.0       0.07      0.05      0.06        20
       123.0       0.68      0.79      0.73       135
       124.0       0.85      0.89      0.87        19
       125.0       0.43      0.47      0.45        58
       126.0       0.82      0.64      0.72        14
       127.0       1.00      1.00      1.00        18
       128.0       1.00      1.00      1.00        16
       129.0       0.94      0.83      0.88        18
       130.0       0.90      0.81      0.85        32
       131.0       0.79      0.95      0.86        20
       132.0       1.00      1.00      1.00        18
       133.0       1.00      1.00      1.00        14
       134.0       1.00      1.00      1.00        16
       135.0       1.00      1.00      1.00        13
       136.0       0.62      0.38      0.48        13
       137.0       0.97      0.97      0.97        39
       138.0       0.50      0.57      0.53        14
       139.0       0.52      0.63      0.57        19
       140.0       0.88      0.75      0.81        20
       141.0       0.93      0.91      0.92        45
       142.0       0.33      0.33      0.33        12
       143.0       1.00      0.76      0.87        17
       144.0       0.71      0.50      0.59        10
       145.0       0.14      0.16      0.15        19
       146.0       0.75      0.75      0.75        28
       147.0       1.00      0.58      0.74        12
       148.0       0.88      0.92      0.90        24
       149.0       0.94      0.90      0.92        51
       150.0       0.86      0.81      0.83        53
       151.0       0.88      0.88      0.88        16
       152.0       0.75      0.72      0.73        67
       153.0       0.45      0.50      0.48        10
       154.0       0.83      0.75      0.79        40
       155.0       0.96      0.88      0.92        25
       156.0       0.56      0.45      0.50        11
       157.0       0.71      0.67      0.69        18
       158.0       0.56      0.56      0.56        16
       159.0       0.81      0.72      0.76        18
       160.0       0.50      0.40      0.44        15
       161.0       0.45      0.60      0.52        25
       162.0       0.43      0.30      0.35        10
       163.0       1.00      0.60      0.75        15
       164.0       0.78      0.82      0.80        17
       165.0       0.80      0.62      0.70        13
       166.0       0.53      0.54      0.54        48
       167.0       0.91      0.91      0.91        22
       168.0       0.72      0.87      0.79        15
       169.0       0.74      0.88      0.80        16
       170.0       1.00      0.96      0.98        24
       171.0       0.80      0.89      0.84        36
       172.0       0.85      0.79      0.81        14
       173.0       0.93      0.76      0.84        17
       174.0       0.88      0.84      0.86        25
       175.0       0.71      0.42      0.53        12
       176.0       0.45      0.42      0.43        12
       177.0       0.74      0.81      0.77        21
       178.0       0.94      1.00      0.97        15
       179.0       0.50      0.73      0.59        15
       180.0       0.85      0.73      0.79        15
       181.0       0.87      0.59      0.70        22
       182.0       0.91      1.00      0.95        31
       183.0       0.92      0.92      0.92        12
       184.0       0.95      0.86      0.90        21
       185.0       0.88      1.00      0.94        29
       186.0       0.69      0.76      0.72       127
       187.0       0.88      0.89      0.88       119
       188.0       1.00      0.86      0.92        14
       189.0       0.85      0.77      0.81        22
       190.0       0.87      0.93      0.90        14
       191.0       0.67      0.50      0.57        12
       192.0       0.88      0.93      0.90        15
       193.0       0.82      0.75      0.78        12
       194.0       0.62      0.75      0.68        20
       195.0       0.67      0.36      0.47        11
       196.0       1.00      0.79      0.88        14
       197.0       0.67      0.62      0.64        13
       198.0       0.87      1.00      0.93        13
       199.0       0.88      0.47      0.61        15
       200.0       0.86      0.67      0.75        27
       201.0       0.94      0.94      0.94        16
       202.0       0.77      0.71      0.74        14
       203.0       1.00      1.00      1.00        29
       204.0       0.95      0.95      0.95        21
       205.0       0.89      1.00      0.94        16
       206.0       0.90      0.95      0.92        19
       207.0       0.95      1.00      0.98        20
       208.0       0.87      0.76      0.81        17
       209.0       0.93      0.81      0.87        16
       210.0       1.00      0.95      0.97        20
       211.0       0.81      0.93      0.87        14
       212.0       0.87      0.93      0.90        14
       213.0       0.82      0.78      0.80        18
       214.0       0.71      0.68      0.70        22
       215.0       0.93      0.93      0.93        14
       216.0       1.00      1.00      1.00        17
       217.0       1.00      0.64      0.78        11
       218.0       0.86      0.88      0.87       111
       219.0       0.82      0.97      0.89        29
       220.0       1.00      0.86      0.92        21
       221.0       1.00      0.92      0.96        13
       222.0       0.86      0.92      0.89        26
       223.0       0.83      0.88      0.86        17
       224.0       0.78      0.90      0.84        20
       225.0       0.90      0.56      0.69        16
       226.0       0.78      0.64      0.70        11
       227.0       0.65      0.85      0.73        13
       228.0       0.92      1.00      0.96        11
       229.0       0.90      0.87      0.88        30
       230.0       0.94      0.88      0.91        34
       231.0       0.44      0.33      0.38        12
       232.0       0.59      0.55      0.57        29
       233.0       0.70      0.84      0.76        19
       234.0       0.94      0.89      0.92        19
       235.0       1.00      0.90      0.95        20
       236.0       0.70      0.64      0.67        22
       237.0       0.85      0.55      0.67        20
       238.0       0.92      0.89      0.91        27
       239.0       0.82      0.90      0.86        31
       240.0       0.64      0.88      0.74        24
       241.0       0.78      0.50      0.61        14
       242.0       0.92      0.80      0.85        44
       243.0       1.00      0.96      0.98        27
       244.0       0.71      0.91      0.80        11
       245.0       0.94      0.85      0.89        20
       246.0       1.00      0.95      0.98        22
       247.0       0.67      0.80      0.73        20
       248.0       0.72      0.81      0.76        16
       249.0       0.92      0.85      0.88        26
       250.0       0.90      0.95      0.92        19
       251.0       0.79      1.00      0.88        11
       252.0       0.90      0.82      0.86        11
       253.0       0.92      1.00      0.96        22
       254.0       0.86      1.00      0.92        12
       255.0       0.77      0.62      0.69        16
       256.0       0.80      0.83      0.82        24
       257.0       0.92      0.86      0.89        14
       258.0       0.95      1.00      0.97        18
       259.0       0.93      0.96      0.94        26
       260.0       0.90      1.00      0.95        18
       261.0       0.93      0.87      0.90        31
       262.0       0.82      0.90      0.86        10
       263.0       1.00      0.93      0.97        15
       264.0       0.94      0.84      0.89        19
       265.0       0.83      1.00      0.91        10
       266.0       0.91      0.67      0.77        15
       267.0       1.00      0.69      0.82        13
       268.0       0.78      0.90      0.84        20
       269.0       0.84      0.89      0.86        18
       270.0       0.50      0.67      0.57        15
       271.0       0.89      0.82      0.85        38
       272.0       0.91      0.96      0.94        53
       273.0       0.87      0.84      0.85        31
       274.0       0.96      0.84      0.90        32
       275.0       0.91      1.00      0.95        10
       276.0       1.00      1.00      1.00        11
       277.0       0.92      1.00      0.96        11

    accuracy                           0.83      6279
   macro avg       0.84      0.82      0.83      6279
weighted avg       0.84      0.83      0.83      6279


===confusion_matrix===

[[10  0  0 ...  0  0  0]
 [ 0 25  0 ...  0  0  0]
 [ 0  0 16 ...  0  0  0]
 ...
 [ 0  0  0 ... 10  0  0]
 [ 0  0  0 ...  0 11  0]
 [ 0  0  0 ...  0  0 11]]

===multilabel confusion matrix===

[[[6267    1]
  [   1   10]]

 [[6254    0]
  [   0   25]]

 [[6260    2]
  [   1   16]]

 ...

 [[6268    1]
  [   0   10]]

 [[6268    0]
  [   0   11]]

 [[6267    1]
  [   0   11]]]

===scores report===
metrics	scores
Accuracy	0.8328
MCC	0.8315
log_loss	0.8604
f1 score weighted	0.8311
f1 score macro	0.8270
f1 score micro	0.8328
roc_auc ovr	0.9955
roc_auc ovo	0.9960
precision	0.8373
recall	0.8328

===Callbacks===

generate_callbacks
[<tensorflow.python.keras.callbacks.EarlyStopping object at 0x7fa7907717f0>, <tensorflow.python.keras.callbacks.ReduceLROnPlateau object at 0x7fa790771550>, <tensorflow.python.keras.callbacks.ModelCheckpoint object at 0x7fa7907719d0>]
===SCORING TEST SET ===

model_complete_evaluate
{'self': <deep_ml.DeepML object at 0x7fa790771760>, 'x_test': array([[[-1, -1, -2, ..., -1, -1,  1],
        [-2, -2,  1, ..., -4, -3, -3],
        [-1,  2,  0, ..., -3, -2, -2],
        ...,
        [ 0,  0,  0, ...,  0,  0,  0],
        [ 0,  0,  0, ...,  0,  0,  0],
        [ 0,  0,  0, ...,  0,  0,  0]],

       [[-1, -1, -2, ..., -1, -1,  1],
        [ 1, -1,  1, ..., -3, -2, -2],
        [ 1, -1,  1, ..., -3, -2, -2],
        ...,
        [ 0,  0,  0, ...,  0,  0,  0],
        [ 0,  0,  0, ...,  0,  0,  0],
        [ 0,  0,  0, ...,  0,  0,  0]],

       [[-1, -1, -2, ..., -1, -1,  1],
        [-2,  0,  6, ..., -4, -2, -3],
        [-1, -3, -3, ..., -3, -1,  3],
        ...,
        [ 0,  0,  0, ...,  0,  0,  0],
        [ 0,  0,  0, ...,  0,  0,  0],
        [ 0,  0,  0, ...,  0,  0,  0]],

       ...,

       [[-1, -2, -3, ..., -2, -1,  1],
        [-2,  0,  1, ..., -2,  2, -3],
        [-1,  1,  0, ..., -2, -1, -2],
        ...,
        [ 1, -1,  1, ..., -3, -2, -2],
        [-1, -3, -3, ..., -3, -1,  3],
        [-1, -2, -3, ..., -2, -1,  1]],

       [[ 0, -1,  0, ..., -2, -2,  0],
        [ 0, -2,  0, ..., -2, -3, -3],
        [ 4, -1, -2, ..., -3, -2,  0],
        ...,
        [-1, -3, -3, ..., -3, -1,  3],
        [-3, -3, -4, ..., 11,  2, -3],
        [-1, -2, -2, ..., -4, -3, -2]],

       [[ 0, -3, -3, ..., -3, -1,  4],
        [-2, -2, -2, ...,  2,  7, -1],
        [-1, -2, -3, ..., -2, -1,  1],
        ...,
        [ 4, -1, -2, ..., -3, -2,  0],
        [-2, -2, -2, ...,  2,  7, -1],
        [ 0, -3, -3, ..., -2, -2, -1]]], dtype=int8), 'y_test': array([ 84.,  84.,  84., ...,  53.,  62., 134.], dtype=float32), 'model': None}
report

              precision    recall  f1-score   support

         0.0       1.00      0.64      0.78        11
         1.0       0.88      0.92      0.90        25
         2.0       0.94      1.00      0.97        17
         3.0       0.77      0.83      0.80        12
         4.0       0.71      0.67      0.69        15
         5.0       0.90      0.82      0.86        11
         6.0       0.84      1.00      0.91        21
         7.0       0.81      0.54      0.65        24
         8.0       0.46      0.81      0.59        21
         9.0       0.84      0.74      0.79        35
        10.0       0.50      0.55      0.52        11
        11.0       0.87      0.68      0.76        19
        12.0       0.71      0.29      0.42        17
        13.0       0.92      0.79      0.85        14
        14.0       0.91      0.71      0.80        14
        15.0       1.00      0.82      0.90        11
        16.0       0.88      0.94      0.91        16
        17.0       0.92      0.92      0.92        12
        18.0       0.83      0.92      0.87        26
        19.0       0.95      0.72      0.82        25
        20.0       0.93      1.00      0.96        13
        21.0       0.93      0.87      0.90        15
        22.0       0.79      0.83      0.81        18
        23.0       0.79      1.00      0.88        11
        24.0       0.73      0.84      0.78        19
        25.0       0.82      1.00      0.90        18
        26.0       1.00      0.90      0.95        10
        27.0       0.86      0.92      0.89        13
        28.0       1.00      0.90      0.95        21
        29.0       0.95      0.86      0.90        22
        30.0       0.84      0.90      0.87        29
        31.0       1.00      1.00      1.00        18
        32.0       0.89      0.73      0.80        11
        33.0       1.00      0.87      0.93        30
        34.0       0.89      1.00      0.94        32
        35.0       0.80      0.67      0.73        12
        36.0       0.93      0.93      0.93        27
        37.0       0.93      0.87      0.90        15
        38.0       0.73      0.92      0.81        12
        39.0       0.33      0.14      0.20        14
        40.0       0.83      0.94      0.88        16
        41.0       0.92      1.00      0.96        12
        42.0       0.88      0.64      0.74        11
        43.0       1.00      0.94      0.97        16
        44.0       0.81      0.90      0.85        29
        45.0       0.88      1.00      0.94        22
        46.0       0.93      0.88      0.90        16
        47.0       0.92      0.79      0.85        14
        48.0       0.86      0.55      0.67        11
        49.0       0.91      0.91      0.91        11
        50.0       0.80      0.67      0.73        12
        51.0       0.80      0.92      0.86        13
        52.0       0.95      0.81      0.88        26
        53.0       0.90      0.96      0.93        28
        54.0       1.00      1.00      1.00        23
        55.0       0.94      0.89      0.92        19
        56.0       1.00      0.96      0.98        25
        57.0       0.94      0.76      0.84        21
        58.0       0.88      0.70      0.78        10
        59.0       0.67      0.38      0.48        16
        60.0       0.92      0.96      0.94        25
        61.0       0.41      0.47      0.44        15
        62.0       0.81      0.83      0.82       133
        63.0       1.00      0.81      0.90        16
        64.0       0.77      0.83      0.80        12
        65.0       0.85      0.94      0.89        18
        66.0       1.00      0.80      0.89        15
        67.0       1.00      0.70      0.82        10
        68.0       0.94      0.84      0.89        19
        69.0       0.91      1.00      0.95        29
        70.0       0.94      0.94      0.94        18
        71.0       0.86      0.80      0.83        15
        72.0       0.92      1.00      0.96        22
        73.0       0.75      0.82      0.78        11
        74.0       0.91      0.95      0.93        21
        75.0       0.94      0.89      0.91        18
        76.0       0.94      1.00      0.97        15
        77.0       1.00      1.00      1.00        20
        78.0       1.00      1.00      1.00        20
        79.0       0.89      0.80      0.84        10
        80.0       0.62      0.72      0.67        32
        81.0       0.75      1.00      0.86        21
        82.0       0.84      1.00      0.91        26
        83.0       0.92      0.92      0.92        13
        84.0       0.95      0.90      0.93        21
        85.0       0.89      0.67      0.76        12
        86.0       0.97      0.92      0.95        39
        87.0       1.00      0.88      0.94        17
        88.0       0.96      0.96      0.96        27
        89.0       1.00      0.83      0.91        12
        90.0       1.00      0.90      0.95        21
        91.0       0.88      1.00      0.94        30
        92.0       1.00      1.00      1.00        12
        93.0       0.69      0.79      0.73        14
        94.0       1.00      1.00      1.00        27
        95.0       0.88      0.84      0.86        25
        96.0       0.91      0.83      0.87        12
        97.0       0.95      0.70      0.81        30
        98.0       0.80      0.75      0.77        16
        99.0       0.78      0.82      0.80        17
       100.0       0.92      0.88      0.90        25
       101.0       0.93      0.89      0.91        28
       102.0       0.70      0.74      0.72        19
       103.0       0.77      0.87      0.82       292
       104.0       1.00      0.62      0.76        13
       105.0       1.00      1.00      1.00        16
       106.0       0.84      0.72      0.77        43
       107.0       0.93      1.00      0.96        13
       108.0       0.93      0.87      0.90        15
       109.0       0.79      0.83      0.81        18
       110.0       0.78      0.82      0.80        17
       111.0       0.75      0.86      0.80        14
       112.0       0.95      0.87      0.91        23
       113.0       0.89      0.94      0.92        35
       114.0       0.88      0.78      0.82        18
       115.0       0.95      1.00      0.98        21
       116.0       0.97      0.94      0.96        34
       117.0       1.00      0.92      0.96        12
       118.0       0.97      1.00      0.98        28
       119.0       0.93      0.96      0.94        26
       120.0       0.73      0.85      0.79        13
       121.0       0.75      0.90      0.82        10
       122.0       0.32      0.30      0.31        20
       123.0       0.78      0.75      0.77       136
       124.0       1.00      0.74      0.85        19
       125.0       0.51      0.49      0.50        59
       126.0       0.88      1.00      0.93        14
       127.0       0.90      1.00      0.95        18
       128.0       0.94      1.00      0.97        17
       129.0       1.00      1.00      1.00        18
       130.0       0.91      0.94      0.92        32
       131.0       0.95      0.95      0.95        21
       132.0       0.85      0.94      0.89        18
       133.0       0.83      1.00      0.91        15
       134.0       0.68      0.94      0.79        16
       135.0       0.82      0.69      0.75        13
       136.0       0.71      0.77      0.74        13
       137.0       0.86      0.79      0.82        38
       138.0       0.46      0.40      0.43        15
       139.0       0.84      0.89      0.86        18
       140.0       0.74      0.70      0.72        20
       141.0       0.90      0.96      0.92        45
       142.0       0.42      0.42      0.42        12
       143.0       0.93      0.88      0.90        16
       144.0       0.80      0.73      0.76        11
       145.0       0.29      0.26      0.28        19
       146.0       0.76      0.79      0.77        28
       147.0       0.70      0.58      0.64        12
       148.0       0.92      0.92      0.92        24
       149.0       0.94      0.90      0.92        51
       150.0       0.69      0.87      0.77        53
       151.0       0.77      0.62      0.69        16
       152.0       0.92      0.79      0.85        68
       153.0       0.25      0.30      0.27        10
       154.0       0.69      0.69      0.69        39
       155.0       0.80      0.67      0.73        24
       156.0       0.38      0.25      0.30        12
       157.0       0.56      0.53      0.55        17
       158.0       0.33      0.31      0.32        16
       159.0       0.53      0.50      0.51        18
       160.0       0.64      0.47      0.54        15
       161.0       0.58      0.60      0.59        25
       162.0       0.60      0.60      0.60        10
       163.0       0.65      0.87      0.74        15
       164.0       0.84      0.94      0.89        17
       165.0       0.69      0.69      0.69        13
       166.0       0.53      0.66      0.59        47
       167.0       1.00      1.00      1.00        22
       168.0       0.88      0.93      0.90        15
       169.0       0.92      0.75      0.83        16
       170.0       0.96      1.00      0.98        24
       171.0       0.87      0.77      0.82        35
       172.0       0.79      0.73      0.76        15
       173.0       0.93      0.82      0.87        17
       174.0       0.84      0.84      0.84        25
       175.0       0.75      0.75      0.75        12
       176.0       1.00      0.58      0.74        12
       177.0       0.76      0.80      0.78        20
       178.0       1.00      1.00      1.00        16
       179.0       0.83      0.67      0.74        15
       180.0       0.55      0.38      0.44        16
       181.0       0.83      0.87      0.85        23
       182.0       1.00      0.97      0.98        31
       183.0       0.91      0.91      0.91        11
       184.0       0.91      0.95      0.93        21
       185.0       0.88      0.97      0.92        29
       186.0       0.71      0.72      0.71       127
       187.0       0.86      0.86      0.86       119
       188.0       0.77      0.77      0.77        13
       189.0       0.79      0.86      0.83        22
       190.0       0.94      1.00      0.97        15
       191.0       0.83      0.83      0.83        12
       192.0       0.94      0.94      0.94        16
       193.0       0.60      0.75      0.67        12
       194.0       0.79      0.90      0.84        21
       195.0       0.67      0.55      0.60        11
       196.0       0.77      0.77      0.77        13
       197.0       0.91      0.77      0.83        13
       198.0       1.00      1.00      1.00        14
       199.0       0.78      0.47      0.58        15
       200.0       0.85      0.85      0.85        26
       201.0       0.82      0.88      0.85        16
       202.0       0.93      0.93      0.93        14
       203.0       0.87      0.93      0.90        28
       204.0       1.00      0.90      0.95        21
       205.0       0.89      1.00      0.94        16
       206.0       0.72      0.72      0.72        18
       207.0       0.90      1.00      0.95        19
       208.0       0.89      1.00      0.94        17
       209.0       0.75      0.75      0.75        16
       210.0       0.91      1.00      0.95        21
       211.0       1.00      0.86      0.92        14
       212.0       0.81      0.93      0.87        14
       213.0       0.95      1.00      0.97        18
       214.0       0.95      0.86      0.90        22
       215.0       0.88      1.00      0.94        15
       216.0       0.93      0.81      0.87        16
       217.0       0.90      0.82      0.86        11
       218.0       0.85      0.85      0.85       110
       219.0       0.90      0.97      0.93        29
       220.0       0.88      1.00      0.93        21
       221.0       0.79      0.85      0.81        13
       222.0       0.80      0.77      0.78        26
       223.0       0.80      0.94      0.86        17
       224.0       0.89      0.80      0.84        20
       225.0       0.79      0.69      0.73        16
       226.0       1.00      0.55      0.71        11
       227.0       0.79      0.79      0.79        14
       228.0       0.73      0.73      0.73        11
       229.0       0.93      0.87      0.90        30
       230.0       0.88      0.85      0.87        34
       231.0       0.71      0.42      0.53        12
       232.0       0.67      0.62      0.64        29
       233.0       0.89      0.84      0.86        19
       234.0       0.90      0.95      0.92        19
       235.0       0.86      0.60      0.71        20
       236.0       0.63      0.77      0.69        22
       237.0       0.77      0.85      0.81        20
       238.0       0.97      1.00      0.98        28
       239.0       0.91      0.97      0.94        31
       240.0       0.77      0.83      0.80        24
       241.0       1.00      0.86      0.92        14
       242.0       0.75      0.89      0.81        44
       243.0       0.82      0.85      0.84        27
       244.0       0.70      0.64      0.67        11
       245.0       0.85      0.85      0.85        20
       246.0       0.86      0.86      0.86        22
       247.0       0.64      0.70      0.67        20
       248.0       0.88      0.88      0.88        16
       249.0       1.00      0.88      0.94        25
       250.0       0.72      0.72      0.72        18
       251.0       0.91      0.83      0.87        12
       252.0       0.58      0.70      0.64        10
       253.0       0.96      1.00      0.98        22
       254.0       1.00      1.00      1.00        13
       255.0       0.60      0.56      0.58        16
       256.0       0.88      0.96      0.92        24
       257.0       0.75      0.60      0.67        15
       258.0       0.94      0.89      0.91        18
       259.0       0.83      0.96      0.89        26
       260.0       0.89      0.89      0.89        18
       261.0       0.81      0.94      0.87        32
       262.0       1.00      0.90      0.95        10
       263.0       0.82      1.00      0.90        14
       264.0       1.00      0.95      0.97        19
       265.0       1.00      1.00      1.00        11
       266.0       1.00      0.80      0.89        15
       267.0       0.78      0.54      0.64        13
       268.0       0.86      0.95      0.90        20
       269.0       0.95      1.00      0.97        18
       270.0       0.24      0.36      0.29        14
       271.0       0.95      0.95      0.95        38
       272.0       0.96      0.94      0.95        53
       273.0       0.84      0.90      0.87        30
       274.0       0.86      0.75      0.80        32
       275.0       0.83      1.00      0.91        10
       276.0       0.92      0.92      0.92        12
       277.0       0.85      1.00      0.92        11

    accuracy                           0.83      6279
   macro avg       0.84      0.82      0.82      6279
weighted avg       0.84      0.83      0.83      6279


===confusion_matrix===

[[ 7  0  0 ...  0  0  0]
 [ 0 23  0 ...  0  0  0]
 [ 0  0 17 ...  0  0  0]
 ...
 [ 0  0  0 ... 10  0  0]
 [ 0  0  0 ...  1 11  0]
 [ 0  0  0 ...  0  0 11]]

===multilabel confusion matrix===

[[[6268    0]
  [   4    7]]

 [[6251    3]
  [   2   23]]

 [[6261    1]
  [   0   17]]

 ...

 [[6267    2]
  [   0   10]]

 [[6266    1]
  [   1   11]]

 [[6266    2]
  [   0   11]]]

===scores report===
metrics	scores
Accuracy	0.8313
MCC	0.8301
log_loss	0.8495
f1 score weighted	0.8296
f1 score macro	0.8240
f1 score micro	0.8313
roc_auc ovr	0.9949
roc_auc ovo	0.9954
precision	0.8357
recall	0.8313

===Callbacks===

generate_callbacks
[<tensorflow.python.keras.callbacks.EarlyStopping object at 0x7fa7907717f0>, <tensorflow.python.keras.callbacks.ReduceLROnPlateau object at 0x7fa790771550>, <tensorflow.python.keras.callbacks.ModelCheckpoint object at 0x7fa7907719d0>]
===SCORING TEST SET ===

model_complete_evaluate
{'self': <deep_ml.DeepML object at 0x7fa790771760>, 'x_test': array([[[-1, -1, -2, ..., -1, -1,  1],
        [ 1, -1,  1, ..., -3, -2, -2],
        [ 0, -2,  0, ..., -2, -3, -3],
        ...,
        [ 0,  0,  0, ...,  0,  0,  0],
        [ 0,  0,  0, ...,  0,  0,  0],
        [ 0,  0,  0, ...,  0,  0,  0]],

       [[-1, -1, -2, ..., -1, -1,  1],
        [ 1, -1,  1, ..., -3, -2, -2],
        [-1,  1,  0, ..., -2, -1, -2],
        ...,
        [ 0,  0,  0, ...,  0,  0,  0],
        [ 0,  0,  0, ...,  0,  0,  0],
        [ 0,  0,  0, ...,  0,  0,  0]],

       [[-1, -1, -2, ..., -1, -1,  1],
        [-2,  0,  6, ..., -4, -2, -3],
        [-1, -2, -2, ..., -4, -3, -2],
        ...,
        [ 0,  0,  0, ...,  0,  0,  0],
        [ 0,  0,  0, ...,  0,  0,  0],
        [ 0,  0,  0, ...,  0,  0,  0]],

       ...,

       [[ 4, -1, -2, ..., -3, -2,  0],
        [-1, -2, -2, ..., -4, -3, -2],
        [ 4, -1, -2, ..., -3, -2,  0],
        ...,
        [-1, -2, -2, ..., -4, -3, -2],
        [-1,  2,  0, ..., -3, -2, -2],
        [-1, -1, -2, ..., -1, -1,  1]],

       [[-1, -1, -2, ..., -1, -1,  1],
        [ 4, -1, -2, ..., -3, -2,  0],
        [-1,  1,  0, ..., -2, -1, -2],
        ...,
        [ 0,  0,  0, ...,  0,  0,  0],
        [ 0,  0,  0, ...,  0,  0,  0],
        [ 0,  0,  0, ...,  0,  0,  0]],

       [[-1, -1, -2, ..., -1, -1,  1],
        [ 4, -1, -2, ..., -3, -2,  0],
        [ 0, -3, -3, ..., -3, -1,  4],
        ...,
        [ 0,  0,  0, ...,  0,  0,  0],
        [ 0,  0,  0, ...,  0,  0,  0],
        [ 0,  0,  0, ...,  0,  0,  0]]], dtype=int8), 'y_test': array([ 84.,  84.,  84., ..., 103.,  80.,  62.], dtype=float32), 'model': None}
report

              precision    recall  f1-score   support

         0.0       0.69      0.90      0.78        10
         1.0       0.92      0.92      0.92        25
         2.0       0.94      0.94      0.94        17
         3.0       0.50      0.83      0.62        12
         4.0       0.67      0.53      0.59        15
         5.0       0.91      1.00      0.95        10
         6.0       0.86      0.82      0.84        22
         7.0       0.45      0.57      0.50        23
         8.0       0.48      0.52      0.50        21
         9.0       0.79      0.77      0.78        35
        10.0       0.67      0.55      0.60        11
        11.0       0.95      0.95      0.95        19
        12.0       0.69      0.50      0.58        18
        13.0       0.80      0.80      0.80        15
        14.0       0.86      0.86      0.86        14
        15.0       1.00      1.00      1.00        10
        16.0       0.89      1.00      0.94        16
        17.0       0.83      0.91      0.87        11
        18.0       0.75      0.81      0.78        26
        19.0       0.92      0.92      0.92        25
        20.0       0.92      0.92      0.92        12
        21.0       0.65      0.87      0.74        15
        22.0       0.89      1.00      0.94        17
        23.0       0.71      0.45      0.56        11
        24.0       0.63      0.63      0.63        19
        25.0       0.94      0.89      0.91        18
        26.0       0.91      1.00      0.95        10
        27.0       0.81      0.93      0.87        14
        28.0       0.95      1.00      0.98        21
        29.0       0.88      1.00      0.94        23
        30.0       0.85      0.97      0.90        29
        31.0       0.94      0.94      0.94        17
        32.0       1.00      0.91      0.95        11
        33.0       0.88      0.93      0.90        30
        34.0       0.90      0.84      0.87        32
        35.0       0.69      0.75      0.72        12
        36.0       0.79      0.81      0.80        27
        37.0       0.73      0.73      0.73        15
        38.0       0.91      0.91      0.91        11
        39.0       0.40      0.31      0.35        13
        40.0       0.92      0.75      0.83        16
        41.0       0.75      1.00      0.86        12
        42.0       0.83      0.45      0.59        11
        43.0       0.76      1.00      0.86        16
        44.0       0.78      0.89      0.83        28
        45.0       0.95      0.91      0.93        22
        46.0       1.00      0.94      0.97        16
        47.0       0.69      0.85      0.76        13
        48.0       0.73      0.67      0.70        12
        49.0       1.00      1.00      1.00        11
        50.0       0.73      0.67      0.70        12
        51.0       1.00      0.85      0.92        13
        52.0       0.93      0.96      0.94        26
        53.0       0.89      0.93      0.91        27
        54.0       1.00      0.83      0.90        23
        55.0       0.95      1.00      0.97        19
        56.0       0.96      1.00      0.98        25
        57.0       0.95      0.90      0.93        21
        58.0       1.00      0.30      0.46        10
        59.0       0.56      0.31      0.40        16
        60.0       0.81      0.88      0.84        24
        61.0       0.50      0.47      0.48        15
        62.0       0.82      0.83      0.82       133
        63.0       1.00      1.00      1.00        15
        64.0       0.91      0.83      0.87        12
        65.0       0.93      0.82      0.87        17
        66.0       0.67      1.00      0.80        14
        67.0       0.77      0.91      0.83        11
        68.0       0.79      0.79      0.79        19
        69.0       0.85      1.00      0.92        29
        70.0       0.72      0.68      0.70        19
        71.0       0.78      0.93      0.85        15
        72.0       0.95      0.95      0.95        22
        73.0       1.00      0.91      0.95        11
        74.0       0.78      0.95      0.86        22
        75.0       0.74      1.00      0.85        17
        76.0       0.93      0.93      0.93        15
        77.0       1.00      0.80      0.89        20
        78.0       0.90      0.90      0.90        21
        79.0       0.75      0.60      0.67        10
        80.0       0.61      0.61      0.61        31
        81.0       0.84      0.76      0.80        21
        82.0       0.83      0.77      0.80        26
        83.0       0.87      1.00      0.93        13
        84.0       0.76      0.90      0.83        21
        85.0       0.69      0.75      0.72        12
        86.0       0.93      0.97      0.95        39
        87.0       0.72      0.76      0.74        17
        88.0       1.00      0.85      0.92        27
        89.0       1.00      0.75      0.86        12
        90.0       1.00      0.95      0.98        21
        91.0       0.97      0.93      0.95        30
        92.0       0.75      0.50      0.60        12
        93.0       0.86      0.86      0.86        14
        94.0       0.96      0.89      0.92        27
        95.0       0.96      0.88      0.92        25
        96.0       0.91      0.91      0.91        11
        97.0       0.80      0.80      0.80        30
        98.0       0.93      0.81      0.87        16
        99.0       0.81      1.00      0.89        17
       100.0       0.85      0.88      0.86        25
       101.0       0.96      0.93      0.95        28
       102.0       0.80      0.42      0.55        19
       103.0       0.81      0.87      0.84       291
       104.0       0.92      0.85      0.88        13
       105.0       0.80      1.00      0.89        16
       106.0       0.88      0.64      0.74        44
       107.0       0.81      1.00      0.90        13
       108.0       0.93      0.88      0.90        16
       109.0       1.00      1.00      1.00        19
       110.0       0.84      1.00      0.91        16
       111.0       0.80      0.86      0.83        14
       112.0       0.84      0.91      0.87        23
       113.0       0.94      0.88      0.91        34
       114.0       0.94      0.79      0.86        19
       115.0       0.87      0.95      0.91        21
       116.0       0.87      1.00      0.93        34
       117.0       1.00      0.75      0.86        12
       118.0       1.00      1.00      1.00        29
       119.0       0.96      0.96      0.96        26
       120.0       0.75      0.69      0.72        13
       121.0       0.82      0.90      0.86        10
       122.0       0.00      0.00      0.00        19
       123.0       0.72      0.83      0.77       136
       124.0       0.89      0.84      0.86        19
       125.0       0.40      0.53      0.46        58
       126.0       0.86      0.86      0.86        14
       127.0       0.94      0.94      0.94        18
       128.0       1.00      1.00      1.00        17
       129.0       0.84      0.89      0.86        18
       130.0       0.90      0.88      0.89        32
       131.0       0.94      0.85      0.89        20
       132.0       0.94      1.00      0.97        17
       133.0       0.93      0.87      0.90        15
       134.0       0.74      1.00      0.85        17
       135.0       0.92      0.85      0.88        13
       136.0       0.77      0.77      0.77        13
       137.0       0.94      0.87      0.90        38
       138.0       0.67      0.27      0.38        15
       139.0       0.60      0.79      0.68        19
       140.0       0.86      0.90      0.88        21
       141.0       0.91      0.96      0.93        45
       142.0       0.25      0.17      0.20        12
       143.0       0.86      0.75      0.80        16
       144.0       1.00      0.55      0.71        11
       145.0       0.21      0.28      0.24        18
       146.0       0.74      0.93      0.83        28
       147.0       0.73      0.73      0.73        11
       148.0       0.73      0.83      0.78        23
       149.0       0.92      0.88      0.90        52
       150.0       0.88      0.83      0.86        54
       151.0       0.82      0.56      0.67        16
       152.0       0.75      0.72      0.74        68
       153.0       0.67      0.36      0.47        11
       154.0       0.90      0.68      0.77        40
       155.0       0.91      0.88      0.89        24
       156.0       0.75      0.50      0.60        12
       157.0       0.64      0.50      0.56        18
       158.0       0.50      0.38      0.43        16
       159.0       0.53      0.56      0.54        18
       160.0       0.40      0.27      0.32        15
       161.0       0.60      0.60      0.60        25
       162.0       0.43      0.30      0.35        10
       163.0       0.67      0.50      0.57        16
       164.0       0.80      0.89      0.84        18
       165.0       0.70      0.58      0.64        12
       166.0       0.61      0.47      0.53        47
       167.0       0.95      1.00      0.98        21
       168.0       0.87      0.87      0.87        15
       169.0       0.89      0.94      0.91        17
       170.0       0.89      1.00      0.94        24
       171.0       0.72      0.86      0.78        36
       172.0       0.82      0.64      0.72        14
       173.0       0.93      0.81      0.87        16
       174.0       0.90      0.76      0.83        25
       175.0       0.88      0.58      0.70        12
       176.0       0.50      0.17      0.25        12
       177.0       0.83      0.75      0.79        20
       178.0       1.00      0.93      0.97        15
       179.0       0.85      0.79      0.81        14
       180.0       0.58      0.44      0.50        16
       181.0       0.88      0.65      0.75        23
       182.0       0.91      1.00      0.95        31
       183.0       0.91      0.83      0.87        12
       184.0       0.90      0.86      0.88        22
       185.0       1.00      0.86      0.93        29
       186.0       0.71      0.65      0.68       127
       187.0       0.83      0.84      0.83       119
       188.0       0.64      1.00      0.78        14
       189.0       0.64      0.64      0.64        22
       190.0       1.00      0.87      0.93        15
       191.0       1.00      0.75      0.86        12
       192.0       1.00      0.93      0.97        15
       193.0       0.75      0.75      0.75        12
       194.0       0.86      0.57      0.69        21
       195.0       0.71      0.50      0.59        10
       196.0       0.85      0.85      0.85        13
       197.0       0.78      0.50      0.61        14
       198.0       0.86      0.86      0.86        14
       199.0       0.33      0.13      0.19        15
       200.0       0.78      0.81      0.79        26
       201.0       0.75      0.75      0.75        16
       202.0       0.93      0.87      0.90        15
       203.0       0.90      0.90      0.90        29
       204.0       1.00      0.77      0.87        22
       205.0       0.88      1.00      0.94        15
       206.0       0.82      0.95      0.88        19
       207.0       1.00      1.00      1.00        19
       208.0       0.89      0.94      0.91        17
       209.0       0.88      0.88      0.88        16
       210.0       0.85      0.85      0.85        20
       211.0       0.92      0.86      0.89        14
       212.0       1.00      0.93      0.96        14
       213.0       0.85      0.94      0.89        18
       214.0       0.78      0.82      0.80        22
       215.0       0.93      1.00      0.97        14
       216.0       0.80      0.94      0.86        17
       217.0       0.70      0.70      0.70        10
       218.0       0.86      0.81      0.83       110
       219.0       0.81      0.90      0.85        29
       220.0       0.80      0.95      0.87        21
       221.0       0.78      1.00      0.88        14
       222.0       0.85      0.88      0.87        26
       223.0       0.94      0.94      0.94        16
       224.0       0.81      0.81      0.81        21
       225.0       0.88      0.82      0.85        17
       226.0       0.73      0.92      0.81        12
       227.0       0.86      0.92      0.89        13
       228.0       0.77      0.91      0.83        11
       229.0       1.00      0.80      0.89        30
       230.0       0.81      0.88      0.85        34
       231.0       0.36      0.31      0.33        13
       232.0       0.70      0.55      0.62        29
       233.0       0.85      0.89      0.87        19
       234.0       1.00      0.89      0.94        19
       235.0       0.95      1.00      0.98        21
       236.0       0.62      0.82      0.71        22
       237.0       0.68      0.75      0.71        20
       238.0       1.00      0.85      0.92        27
       239.0       0.83      0.97      0.89        30
       240.0       0.69      0.87      0.77        23
       241.0       0.90      0.64      0.75        14
       242.0       0.70      0.93      0.80        45
       243.0       0.96      0.96      0.96        27
       244.0       1.00      1.00      1.00        12
       245.0       0.75      0.90      0.82        20
       246.0       0.91      0.95      0.93        22
       247.0       0.82      0.90      0.86        20
       248.0       0.94      0.94      0.94        16
       249.0       0.92      0.92      0.92        25
       250.0       0.94      0.89      0.91        18
       251.0       0.71      0.83      0.77        12
       252.0       0.64      0.70      0.67        10
       253.0       0.91      0.91      0.91        22
       254.0       0.92      0.92      0.92        13
       255.0       0.86      0.75      0.80        16
       256.0       0.85      0.96      0.90        24
       257.0       0.79      0.73      0.76        15
       258.0       0.94      0.94      0.94        18
       259.0       0.86      0.96      0.91        26
       260.0       0.85      0.89      0.87        19
       261.0       0.96      0.84      0.90        31
       262.0       0.79      1.00      0.88        11
       263.0       1.00      0.93      0.97        15
       264.0       1.00      1.00      1.00        18
       265.0       1.00      0.91      0.95        11
       266.0       1.00      0.53      0.70        15
       267.0       0.88      0.54      0.67        13
       268.0       0.82      0.86      0.84        21
       269.0       0.82      0.95      0.88        19
       270.0       0.33      0.14      0.20        14
       271.0       0.73      0.84      0.78        38
       272.0       0.86      0.96      0.91        53
       273.0       0.89      0.80      0.84        30
       274.0       0.93      0.88      0.90        32
       275.0       1.00      1.00      1.00        10
       276.0       0.92      1.00      0.96        12
       277.0       1.00      0.91      0.95        11

    accuracy                           0.82      6279
   macro avg       0.82      0.81      0.81      6279
weighted avg       0.82      0.82      0.81      6279


===confusion_matrix===

[[ 9  0  0 ...  0  0  0]
 [ 0 23  0 ...  0  0  0]
 [ 0  1 16 ...  0  0  0]
 ...
 [ 0  0  0 ... 10  0  0]
 [ 0  0  0 ...  0 12  0]
 [ 0  0  0 ...  0  0 10]]

===multilabel confusion matrix===

[[[6265    4]
  [   1    9]]

 [[6252    2]
  [   2   23]]

 [[6261    1]
  [   1   16]]

 ...

 [[6269    0]
  [   0   10]]

 [[6266    1]
  [   0   12]]

 [[6268    0]
  [   1   10]]]

===scores report===
metrics	scores
Accuracy	0.8180
MCC	0.8166
log_loss	0.9415
f1 score weighted	0.8148
f1 score macro	0.8076
f1 score micro	0.8180
roc_auc ovr	0.9949
roc_auc ovo	0.9952
precision	0.8226
recall	0.8180

===TRAIN MODELS with CV===

train_model_cv	Accuracy	MCC	log_loss	f1 score weighted	f1 score macro	f1 score micro	roc_auc ovr	roc_auc ovo	precision	recall
0	0.8377388535031847	0.8365245912843379	0.8350300882376843	0.8357600156712867	0.8339539764580074	0.8377388535031847	0.9951948033443305	0.9956358310899859	0.8421103251877347	0.8377388535031847
1	0.822742474916388	0.821437798243473	0.9346725354847178	0.8214062246473656	0.8134634683739944	0.822742474916388	0.9948238727217449	0.9952188264769082	0.8303974919880163	0.822742474916388
2	0.8327759197324415	0.8315195525754755	0.8603549233390083	0.8311378538900367	0.8269589773677735	0.8327759197324415	0.9955188717281521	0.9960331927375011	0.837275598350912	0.8327759197324415
3	0.8313425704730053	0.8300862162446732	0.8495069164401948	0.8295801497107261	0.8240312660404271	0.8313425704730053	0.9949028096261148	0.9954392583692235	0.8356813044270828	0.8313425704730053
4	0.8179646440516005	0.8166264595721687	0.941481897397951	0.8147822634571732	0.8076209580279398	0.8179646440516005	0.9949208266350793	0.9951668004857328	0.8225721973704367	0.8179646440516005
mean	0.828512892535324	0.8272389235840258	0.8842092721799112	0.8265333014753177	0.8212057292536284	0.828512892535324	0.9950722368110844	0.9954987818318702	0.8336073834648365	0.828512892535324
std	0.007153490049844959	0.007196275874620159	0.04476286435979938	0.007483197889501551	0.009466677786457423	0.007153490049844959	0.0002560549306278396	0.00031512130133263985	0.006665368736717719	0.007153490049844959

Accuracy
MCC
log_loss
f1 score weighted
f1 score macro
f1 score micro
roc_auc ovr
roc_auc ovo
precision
recallFinished train_model_cv in 24059.4642 secs

