/home/amsequeira/enzymeClassification/models/embedding/64_64_32_500_post_pre_bilstm_attentio_cv_only_enz_emb8_lev3_ec90
self
x_train
y_train
x_test
y_test
number_classes
problem_type
x_dval
y_dval
model
epochs
batch_size
callbacks
reduce_lr
early_stopping
checkpoint
tensorboard
early_stopping_patience
reduce_lr_patience
reduce_lr_factor
reduce_lr_min
path
report_name
verbose
validation_split
shuffle
class_weights
===Callbacks===

generate_callbacks
[<tensorflow.python.keras.callbacks.EarlyStopping object at 0x7fa2601117f0>, <tensorflow.python.keras.callbacks.ReduceLROnPlateau object at 0x7fa260111550>, <tensorflow.python.keras.callbacks.ModelCheckpoint object at 0x7fa2601117c0>]
===SCORING TEST SET ===

model_complete_evaluate
{'self': <deep_ml.DeepML object at 0x7fa260111490>, 'x_test': array([[13, 13,  2, ...,  0,  0,  0],
       [13, 12,  3, ...,  0,  0,  0],
       [13, 16,  8, ...,  0,  0,  0],
       ...,
       [13, 11, 17, ...,  0,  0,  0],
       [12, 12, 11, ..., 16,  9, 20],
       [11, 11,  2, ...,  1, 16,  1]], dtype=int8), 'y_test': array([ 56.,  56.,  56., ...,  50.,  46., 153.], dtype=float32), 'model': None}
report

              precision    recall  f1-score   support

         0.0       0.85      0.88      0.86       825
         1.0       0.20      0.07      0.11        14
         2.0       0.47      0.65      0.54        31
         3.0       0.00      0.00      0.00        11
         4.0       0.68      0.69      0.69        52
         5.0       0.76      0.64      0.70       176
         6.0       0.62      0.50      0.55       102
         7.0       0.71      0.15      0.25        97
         8.0       1.00      0.21      0.35        14
         9.0       0.43      0.30      0.35        70
        10.0       0.73      0.77      0.75       104
        11.0       0.00      0.00      0.00        18
        12.0       1.00      0.14      0.25        14
        13.0       0.52      0.67      0.59        43
        14.0       0.19      0.38      0.25        34
        15.0       0.83      0.75      0.79        64
        16.0       0.00      0.00      0.00        13
        17.0       0.83      0.26      0.40        19
        18.0       0.97      0.85      0.90        72
        19.0       0.60      0.10      0.17        30
        20.0       0.99      0.89      0.94        94
        21.0       0.85      0.50      0.63        46
        22.0       0.94      0.64      0.76        25
        23.0       0.92      0.96      0.94       345
        24.0       0.94      0.50      0.65        30
        25.0       0.00      0.00      0.00        20
        26.0       0.63      0.65      0.64       167
        27.0       0.89      0.69      0.78        36
        28.0       0.96      0.82      0.88        61
        29.0       0.78      0.84      0.81        63
        30.0       0.40      0.18      0.25        11
        31.0       0.00      0.00      0.00        11
        32.0       0.50      0.35      0.41        40
        33.0       0.86      0.59      0.70        73
        34.0       0.97      0.98      0.97        57
        35.0       0.88      0.93      0.90        15
        36.0       0.33      0.04      0.07        50
        37.0       0.82      0.95      0.88        19
        38.0       0.81      0.72      0.76        29
        39.0       0.91      0.82      0.86       101
        40.0       0.88      0.58      0.70        12
        41.0       0.93      1.00      0.97        14
        42.0       0.60      0.90      0.72        67
        43.0       0.97      0.76      0.85        76
        44.0       1.00      0.82      0.90        11
        45.0       0.97      0.86      0.91        37
        46.0       0.94      0.83      0.88      1613
        47.0       0.98      0.95      0.96       299
        48.0       0.99      0.97      0.98       244
        49.0       0.77      0.95      0.85       168
        50.0       0.52      0.80      0.63      1024
        51.0       0.94      0.46      0.62       353
        52.0       0.84      0.77      0.80        86
        53.0       0.40      0.90      0.56       607
        54.0       0.76      0.90      0.82       543
        55.0       0.96      0.82      0.88        78
        56.0       0.64      0.93      0.75       954
        57.0       0.81      0.91      0.86       247
        58.0       1.00      0.88      0.94        34
        59.0       0.70      0.82      0.76       877
        60.0       0.87      0.84      0.86        77
        61.0       0.84      0.78      0.81       566
        62.0       0.33      0.58      0.42        24
        63.0       0.65      0.62      0.64        55
        64.0       0.97      0.96      0.97       254
        65.0       1.00      0.64      0.78        14
        66.0       0.98      0.94      0.96       456
        67.0       0.92      0.63      0.75        38
        68.0       0.84      0.80      0.82      1189
        69.0       0.71      0.89      0.79       224
        70.0       0.37      0.95      0.53        19
        71.0       0.98      0.87      0.92       358
        72.0       0.75      0.09      0.17        32
        73.0       0.00      0.00      0.00        13
        74.0       0.99      0.96      0.98       127
        75.0       1.00      0.83      0.91        12
        76.0       0.85      0.68      0.76       460
        77.0       0.89      0.78      0.83       103
        78.0       0.75      0.12      0.20        52
        79.0       0.82      0.51      0.63        83
        80.0       1.00      0.34      0.50        80
        81.0       0.97      0.79      0.87        84
        82.0       0.88      0.84      0.86       335
        83.0       1.00      0.09      0.16        23
        84.0       0.90      0.58      0.71       518
        85.0       0.00      0.00      0.00        87
        86.0       0.00      0.00      0.00        13
        87.0       0.61      0.57      0.59       480
        88.0       0.79      0.56      0.65       126
        89.0       1.00      0.96      0.98        25
        90.0       0.69      0.73      0.71       152
        91.0       1.00      0.10      0.18        20
        92.0       0.80      0.29      0.42        28
        93.0       0.71      0.40      0.52        42
        94.0       0.33      0.03      0.05        34
        95.0       1.00      0.09      0.17        99
        96.0       0.93      0.75      0.83       415
        97.0       0.88      0.38      0.53       118
        98.0       0.86      0.66      0.74        99
        99.0       0.86      0.50      0.63       253
       100.0       0.97      0.88      0.92       116
       101.0       0.85      0.65      0.74       423
       102.0       0.97      0.59      0.73        99
       103.0       0.93      0.72      0.81        60
       104.0       0.97      0.62      0.76       266
       105.0       0.85      0.76      0.80        37
       106.0       0.94      0.73      0.82       494
       107.0       1.00      0.71      0.83        14
       108.0       0.77      0.87      0.82       610
       109.0       0.98      0.84      0.91       206
       110.0       0.62      0.45      0.53        22
       111.0       0.72      0.87      0.79       534
       112.0       0.66      0.42      0.51        98
       113.0       0.58      0.65      0.62        86
       114.0       0.99      0.82      0.89       109
       115.0       0.76      0.88      0.81       858
       116.0       0.50      0.13      0.21        61
       117.0       0.83      0.93      0.87       209
       118.0       0.00      0.00      0.00        13
       119.0       0.42      0.86      0.57        65
       120.0       0.95      0.91      0.93       156
       121.0       0.95      0.95      0.95        84
       122.0       0.96      0.42      0.58        55
       123.0       0.77      0.70      0.73       154
       124.0       0.92      0.88      0.90        52
       125.0       0.86      0.86      0.86       147
       126.0       0.81      0.38      0.51        77
       127.0       1.00      0.63      0.77        19
       128.0       0.95      0.70      0.81       198
       129.0       0.69      0.94      0.80       450
       130.0       0.78      0.64      0.70        11
       131.0       0.70      0.44      0.54        43
       132.0       1.00      0.62      0.77        16
       133.0       0.98      0.91      0.94       204
       134.0       0.95      0.92      0.93        76
       135.0       0.94      0.71      0.81       255
       136.0       0.00      0.00      0.00        20
       137.0       1.00      0.62      0.76        13
       138.0       0.96      0.34      0.51        67
       139.0       0.88      0.97      0.92      1464
       140.0       0.79      0.80      0.80       146
       141.0       0.97      0.71      0.82        99
       142.0       0.90      0.87      0.89       455
       143.0       0.85      0.90      0.88        82
       144.0       0.94      0.94      0.94       411
       145.0       0.96      0.88      0.92       406
       146.0       0.07      0.08      0.08        12
       147.0       0.79      0.82      0.80       149
       148.0       0.93      0.95      0.94       703
       149.0       0.84      0.95      0.89       195
       150.0       1.00      0.52      0.68        33
       151.0       0.91      0.78      0.84        68
       152.0       0.93      0.89      0.91        93
       153.0       0.90      0.85      0.88        33
       154.0       0.78      0.96      0.86        49
       155.0       0.84      0.88      0.86       154

    accuracy                           0.79     28656
   macro avg       0.76      0.63      0.66     28656
weighted avg       0.81      0.79      0.79     28656


===confusion_matrix===

[[730   0   1 ...   0   0   0]
 [  0   1   0 ...   0   0   0]
 [  0   0  20 ...   0   0   0]
 ...
 [  0   0   0 ...  28   0   3]
 [  0   0   0 ...   0  47   1]
 [  0   0   0 ...   1   8 136]]

===multilabel confusion matrix===

[[[27698   133]
  [   95   730]]

 [[28638     4]
  [   13     1]]

 [[28602    23]
  [   11    20]]

 [[28644     1]
  [   11     0]]

 [[28587    17]
  [   16    36]]

 [[28445    35]
  [   63   113]]

 [[28523    31]
  [   51    51]]

 [[28553     6]
  [   82    15]]

 [[28642     0]
  [   11     3]]

 [[28558    28]
  [   49    21]]

 [[28522    30]
  [   24    80]]

 [[28632     6]
  [   18     0]]

 [[28642     0]
  [   12     2]]

 [[28586    27]
  [   14    29]]

 [[28566    56]
  [   21    13]]

 [[28582    10]
  [   16    48]]

 [[28642     1]
  [   13     0]]

 [[28636     1]
  [   14     5]]

 [[28582     2]
  [   11    61]]

 [[28624     2]
  [   27     3]]

 [[28561     1]
  [   10    84]]

 [[28606     4]
  [   23    23]]

 [[28630     1]
  [    9    16]]

 [[28281    30]
  [   15   330]]

 [[28625     1]
  [   15    15]]

 [[28636     0]
  [   20     0]]

 [[28426    63]
  [   58   109]]

 [[28617     3]
  [   11    25]]

 [[28593     2]
  [   11    50]]

 [[28578    15]
  [   10    53]]

 [[28642     3]
  [    9     2]]

 [[28641     4]
  [   11     0]]

 [[28602    14]
  [   26    14]]

 [[28576     7]
  [   30    43]]

 [[28597     2]
  [    1    56]]

 [[28639     2]
  [    1    14]]

 [[28602     4]
  [   48     2]]

 [[28633     4]
  [    1    18]]

 [[28622     5]
  [    8    21]]

 [[28547     8]
  [   18    83]]

 [[28643     1]
  [    5     7]]

 [[28641     1]
  [    0    14]]

 [[28549    40]
  [    7    60]]

 [[28578     2]
  [   18    58]]

 [[28645     0]
  [    2     9]]

 [[28618     1]
  [    5    32]]

 [[26951    92]
  [  279  1334]]

 [[28350     7]
  [   16   283]]

 [[28410     2]
  [    8   236]]

 [[28441    47]
  [    8   160]]

 [[26863   769]
  [  203   821]]

 [[28292    11]
  [  190   163]]

 [[28557    13]
  [   20    66]]

 [[27248   801]
  [   62   545]]

 [[27956   157]
  [   55   488]]

 [[28575     3]
  [   14    64]]

 [[27194   508]
  [   69   885]]

 [[28357    52]
  [   22   225]]

 [[28622     0]
  [    4    30]]

 [[27472   307]
  [  154   723]]

 [[28569    10]
  [   12    65]]

 [[28007    83]
  [  123   443]]

 [[28604    28]
  [   10    14]]

 [[28583    18]
  [   21    34]]

 [[28395     7]
  [    9   245]]

 [[28642     0]
  [    5     9]]

 [[28192     8]
  [   28   428]]

 [[28616     2]
  [   14    24]]

 [[27291   176]
  [  240   949]]

 [[28350    82]
  [   25   199]]

 [[28606    31]
  [    1    18]]

 [[28292     6]
  [   46   312]]

 [[28623     1]
  [   29     3]]

 [[28643     0]
  [   13     0]]

 [[28528     1]
  [    5   122]]

 [[28644     0]
  [    2    10]]

 [[28139    57]
  [  145   315]]

 [[28543    10]
  [   23    80]]

 [[28602     2]
  [   46     6]]

 [[28564     9]
  [   41    42]]

 [[28576     0]
  [   53    27]]

 [[28570     2]
  [   18    66]]

 [[28282    39]
  [   55   280]]

 [[28633     0]
  [   21     2]]

 [[28104    34]
  [  216   302]]

 [[28569     0]
  [   87     0]]

 [[28643     0]
  [   13     0]]

 [[28003   173]
  [  204   276]]

 [[28511    19]
  [   56    70]]

 [[28631     0]
  [    1    24]]

 [[28453    51]
  [   41   111]]

 [[28636     0]
  [   18     2]]

 [[28626     2]
  [   20     8]]

 [[28607     7]
  [   25    17]]

 [[28620     2]
  [   33     1]]

 [[28557     0]
  [   90     9]]

 [[28218    23]
  [  104   311]]

 [[28532     6]
  [   73    45]]

 [[28546    11]
  [   34    65]]

 [[28382    21]
  [  127   126]]

 [[28537     3]
  [   14   102]]

 [[28186    47]
  [  146   277]]

 [[28555     2]
  [   41    58]]

 [[28593     3]
  [   17    43]]

 [[28385     5]
  [  101   165]]

 [[28614     5]
  [    9    28]]

 [[28138    24]
  [  135   359]]

 [[28642     0]
  [    4    10]]

 [[27892   154]
  [   81   529]]

 [[28447     3]
  [   32   174]]

 [[28628     6]
  [   12    10]]

 [[27940   182]
  [   69   465]]

 [[28537    21]
  [   57    41]]

 [[28530    40]
  [   30    56]]

 [[28546     1]
  [   20    89]]

 [[27557   241]
  [  107   751]]

 [[28587     8]
  [   53     8]]

 [[28406    41]
  [   15   194]]

 [[28643     0]
  [   13     0]]

 [[28515    76]
  [    9    56]]

 [[28492     8]
  [   14   142]]

 [[28568     4]
  [    4    80]]

 [[28600     1]
  [   32    23]]

 [[28469    33]
  [   46   108]]

 [[28600     4]
  [    6    46]]

 [[28489    20]
  [   20   127]]

 [[28572     7]
  [   48    29]]

 [[28637     0]
  [    7    12]]

 [[28450     8]
  [   59   139]]

 [[28020   186]
  [   28   422]]

 [[28643     2]
  [    4     7]]

 [[28605     8]
  [   24    19]]

 [[28640     0]
  [    6    10]]

 [[28449     3]
  [   19   185]]

 [[28576     4]
  [    6    70]]

 [[28390    11]
  [   74   181]]

 [[28636     0]
  [   20     0]]

 [[28643     0]
  [    5     8]]

 [[28588     1]
  [   44    23]]

 [[26997   195]
  [   37  1427]]

 [[28479    31]
  [   29   117]]

 [[28555     2]
  [   29    70]]

 [[28159    42]
  [   59   396]]

 [[28561    13]
  [    8    74]]

 [[28220    25]
  [   24   387]]

 [[28236    14]
  [   48   358]]

 [[28631    13]
  [   11     1]]

 [[28474    33]
  [   27   122]]

 [[27903    50]
  [   36   667]]

 [[28425    36]
  [    9   186]]

 [[28623     0]
  [   16    17]]

 [[28583     5]
  [   15    53]]

 [[28557     6]
  [   10    83]]

 [[28620     3]
  [    5    28]]

 [[28594    13]
  [    2    47]]

 [[28477    25]
  [   18   136]]]

===scores report===
metrics	scores
Accuracy	0.7910
MCC	0.7871
log_loss	0.9787
f1 score weighted	0.7858
f1 score macro	0.6614
f1 score micro	0.7910
roc_auc ovr	0.9898
roc_auc ovo	0.9858
precision	0.8146
recall	0.7910

===Callbacks===

generate_callbacks
[<tensorflow.python.keras.callbacks.EarlyStopping object at 0x7fa2601117f0>, <tensorflow.python.keras.callbacks.ReduceLROnPlateau object at 0x7fa260111550>, <tensorflow.python.keras.callbacks.ModelCheckpoint object at 0x7fa2601117c0>]
===SCORING TEST SET ===

model_complete_evaluate
{'self': <deep_ml.DeepML object at 0x7fa260111490>, 'x_test': array([[13,  7,  1, ...,  0,  0,  0],
       [13,  7, 17, ...,  0,  0,  0],
       [13,  3, 16, ...,  0,  0,  0],
       ...,
       [13,  4, 11, ...,  0,  0,  0],
       [20,  2,  1, ...,  7,  6,  6],
       [20,  6, 15, ...,  4,  2,  3]], dtype=int8), 'y_test': array([56., 56., 56., ..., 98., 51., 88.], dtype=float32), 'model': None}
report

              precision    recall  f1-score   support

         0.0       0.84      0.91      0.87       825
         1.0       0.00      0.00      0.00        14
         2.0       0.91      0.68      0.78        31
         3.0       0.00      0.00      0.00        12
         4.0       0.92      0.63      0.75        52
         5.0       0.93      0.65      0.76       176
         6.0       0.68      0.50      0.58       102
         7.0       0.83      0.20      0.32        97
         8.0       0.20      0.07      0.11        14
         9.0       0.62      0.23      0.33        70
        10.0       0.61      0.79      0.69       104
        11.0       0.00      0.00      0.00        18
        12.0       0.75      0.21      0.33        14
        13.0       0.66      0.55      0.60        42
        14.0       0.32      0.59      0.41        34
        15.0       0.73      0.69      0.71        64
        16.0       0.33      0.14      0.20        14
        17.0       0.67      0.32      0.43        19
        18.0       0.93      0.86      0.89        72
        19.0       0.25      0.03      0.06        31
        20.0       0.98      0.90      0.94        94
        21.0       0.67      0.89      0.76        45
        22.0       0.95      0.72      0.82        25
        23.0       0.95      0.95      0.95       346
        24.0       0.69      0.37      0.48        30
        25.0       0.00      0.00      0.00        19
        26.0       0.71      0.58      0.64       167
        27.0       0.88      0.61      0.72        36
        28.0       0.95      0.87      0.90        60
        29.0       0.85      0.74      0.79        62
        30.0       0.33      0.09      0.14        11
        31.0       0.00      0.00      0.00        11
        32.0       0.80      0.20      0.32        40
        33.0       0.83      0.59      0.69        74
        34.0       0.91      0.95      0.93        56
        35.0       0.93      0.81      0.87        16
        36.0       0.33      0.27      0.30        51
        37.0       0.52      0.84      0.64        19
        38.0       0.94      0.55      0.70        29
        39.0       0.68      0.88      0.77       101
        40.0       1.00      0.25      0.40        12
        41.0       1.00      1.00      1.00        13
        42.0       0.87      0.81      0.84        67
        43.0       0.95      0.80      0.87        76
        44.0       1.00      0.83      0.91        12
        45.0       0.90      0.78      0.84        36
        46.0       0.96      0.80      0.88      1613
        47.0       0.94      0.95      0.94       299
        48.0       0.97      0.96      0.96       243
        49.0       0.96      0.80      0.87       169
        50.0       0.45      0.87      0.59      1024
        51.0       0.87      0.64      0.73       352
        52.0       0.77      0.79      0.78        86
        53.0       0.64      0.80      0.71       607
        54.0       0.99      0.86      0.92       543
        55.0       0.65      0.90      0.76        78
        56.0       0.76      0.86      0.81       954
        57.0       0.63      0.93      0.75       247
        58.0       1.00      0.91      0.95        34
        59.0       0.78      0.83      0.80       877
        60.0       0.98      0.82      0.89        77
        61.0       0.80      0.82      0.81       565
        62.0       0.88      0.62      0.73        24
        63.0       0.84      0.67      0.75        55
        64.0       0.95      0.96      0.95       255
        65.0       1.00      0.14      0.25        14
        66.0       0.94      0.91      0.93       457
        67.0       1.00      0.68      0.81        37
        68.0       0.91      0.76      0.83      1189
        69.0       0.86      0.80      0.83       224
        70.0       0.90      0.45      0.60        20
        71.0       0.97      0.89      0.93       358
        72.0       0.67      0.25      0.36        32
        73.0       0.00      0.00      0.00        13
        74.0       0.99      0.93      0.96       128
        75.0       1.00      0.77      0.87        13
        76.0       0.69      0.75      0.72       460
        77.0       1.00      0.79      0.88       104
        78.0       0.00      0.00      0.00        52
        79.0       0.35      0.62      0.45        84
        80.0       0.43      0.33      0.37        80
        81.0       0.97      0.71      0.82        83
        82.0       0.98      0.76      0.85       335
        83.0       0.75      0.12      0.21        24
        84.0       0.65      0.74      0.69       518
        85.0       0.00      0.00      0.00        88
        86.0       0.00      0.00      0.00        13
        87.0       0.55      0.62      0.59       480
        88.0       0.49      0.59      0.54       126
        89.0       0.93      1.00      0.96        25
        90.0       0.86      0.73      0.79       153
        91.0       0.75      0.15      0.25        20
        92.0       1.00      0.11      0.20        27
        93.0       0.83      0.57      0.68        42
        94.0       0.00      0.00      0.00        34
        95.0       0.39      0.17      0.24        99
        96.0       0.90      0.82      0.86       416
        97.0       0.75      0.47      0.58       118
        98.0       0.94      0.62      0.74        99
        99.0       0.78      0.48      0.59       253
       100.0       0.98      0.87      0.92       115
       101.0       0.74      0.74      0.74       423
       102.0       0.77      0.77      0.77        99
       103.0       0.76      0.67      0.71        61
       104.0       0.88      0.73      0.80       266
       105.0       1.00      0.83      0.91        36
       106.0       0.79      0.78      0.78       494
       107.0       0.78      0.50      0.61        14
       108.0       0.80      0.79      0.80       610
       109.0       0.79      0.93      0.85       206
       110.0       0.62      0.36      0.46        22
       111.0       0.68      0.85      0.75       535
       112.0       0.50      0.50      0.50        98
       113.0       0.80      0.41      0.54        86
       114.0       0.99      0.83      0.91       109
       115.0       0.87      0.86      0.86       858
       116.0       0.79      0.43      0.55        61
       117.0       0.94      0.84      0.89       208
       118.0       1.00      0.15      0.27        13
       119.0       0.91      0.63      0.75        65
       120.0       0.95      0.86      0.90       157
       121.0       0.93      0.96      0.95        84
       122.0       0.71      0.40      0.51        55
       123.0       0.85      0.71      0.77       154
       124.0       0.98      0.87      0.92        52
       125.0       0.91      0.86      0.88       147
       126.0       0.90      0.47      0.62        77
       127.0       0.67      0.67      0.67        18
       128.0       0.69      0.79      0.74       197
       129.0       0.70      0.95      0.81       449
       130.0       0.00      0.00      0.00        11
       131.0       0.95      0.49      0.65        43
       132.0       0.85      0.73      0.79        15
       133.0       0.99      0.91      0.95       204
       134.0       0.84      0.96      0.90        76
       135.0       0.98      0.70      0.82       255
       136.0       0.86      0.32      0.46        19
       137.0       1.00      0.92      0.96        13
       138.0       0.93      0.19      0.32        67
       139.0       0.89      0.99      0.94      1463
       140.0       0.73      0.81      0.77       147
       141.0       0.96      0.80      0.87        99
       142.0       0.86      0.89      0.88       455
       143.0       0.95      0.91      0.93        82
       144.0       0.95      0.91      0.93       410
       145.0       0.94      0.93      0.93       406
       146.0       0.00      0.00      0.00        12
       147.0       0.99      0.82      0.90       149
       148.0       0.70      0.96      0.81       702
       149.0       0.97      0.94      0.96       196
       150.0       0.81      0.41      0.54        32
       151.0       0.90      0.83      0.86        69
       152.0       0.93      0.83      0.87        93
       153.0       0.97      0.91      0.94        32
       154.0       0.84      0.78      0.81        49
       155.0       0.81      0.92      0.86       154

    accuracy                           0.80     28655
   macro avg       0.75      0.63      0.66     28655
weighted avg       0.81      0.80      0.79     28655


===confusion_matrix===

[[751   0   0 ...   0   0   0]
 [  3   0   0 ...   0   0   0]
 [  0   0  21 ...   0   0   0]
 ...
 [  0   0   0 ...  29   1   0]
 [  0   0   0 ...   0  38   9]
 [  0   0   0 ...   1   4 141]]

===multilabel confusion matrix===

[[[27682   148]
  [   74   751]]

 [[28641     0]
  [   14     0]]

 [[28622     2]
  [   10    21]]

 [[28643     0]
  [   12     0]]

 [[28600     3]
  [   19    33]]

 [[28470     9]
  [   62   114]]

 [[28529    24]
  [   51    51]]

 [[28554     4]
  [   78    19]]

 [[28637     4]
  [   13     1]]

 [[28575    10]
  [   54    16]]

 [[28499    52]
  [   22    82]]

 [[28634     3]
  [   18     0]]

 [[28640     1]
  [   11     3]]

 [[28601    12]
  [   19    23]]

 [[28578    43]
  [   14    20]]

 [[28575    16]
  [   20    44]]

 [[28637     4]
  [   12     2]]

 [[28633     3]
  [   13     6]]

 [[28578     5]
  [   10    62]]

 [[28621     3]
  [   30     1]]

 [[28559     2]
  [    9    85]]

 [[28590    20]
  [    5    40]]

 [[28629     1]
  [    7    18]]

 [[28290    19]
  [   18   328]]

 [[28620     5]
  [   19    11]]

 [[28635     1]
  [   19     0]]

 [[28448    40]
  [   70    97]]

 [[28616     3]
  [   14    22]]

 [[28592     3]
  [    8    52]]

 [[28585     8]
  [   16    46]]

 [[28642     2]
  [   10     1]]

 [[28644     0]
  [   11     0]]

 [[28613     2]
  [   32     8]]

 [[28572     9]
  [   30    44]]

 [[28594     5]
  [    3    53]]

 [[28638     1]
  [    3    13]]

 [[28575    29]
  [   37    14]]

 [[28621    15]
  [    3    16]]

 [[28625     1]
  [   13    16]]

 [[28512    42]
  [   12    89]]

 [[28643     0]
  [    9     3]]

 [[28642     0]
  [    0    13]]

 [[28580     8]
  [   13    54]]

 [[28576     3]
  [   15    61]]

 [[28643     0]
  [    2    10]]

 [[28616     3]
  [    8    28]]

 [[26990    52]
  [  317  1296]]

 [[28339    17]
  [   16   283]]

 [[28404     8]
  [    9   234]]

 [[28480     6]
  [   33   136]]

 [[26546  1085]
  [  132   892]]

 [[28269    34]
  [  128   224]]

 [[28549    20]
  [   18    68]]

 [[27773   275]
  [  124   483]]

 [[28105     7]
  [   76   467]]

 [[28540    37]
  [    8    70]]

 [[27445   256]
  [  133   821]]

 [[28272   136]
  [   17   230]]

 [[28621     0]
  [    3    31]]

 [[27568   210]
  [  148   729]]

 [[28577     1]
  [   14    63]]

 [[27975   115]
  [  101   464]]

 [[28629     2]
  [    9    15]]

 [[28593     7]
  [   18    37]]

 [[28386    14]
  [   10   245]]

 [[28641     0]
  [   12     2]]

 [[28172    26]
  [   39   418]]

 [[28618     0]
  [   12    25]]

 [[27380    86]
  [  287   902]]

 [[28402    29]
  [   44   180]]

 [[28634     1]
  [   11     9]]

 [[28287    10]
  [   38   320]]

 [[28619     4]
  [   24     8]]

 [[28642     0]
  [   13     0]]

 [[28526     1]
  [    9   119]]

 [[28642     0]
  [    3    10]]

 [[28041   154]
  [  116   344]]

 [[28551     0]
  [   22    82]]

 [[28600     3]
  [   52     0]]

 [[28475    96]
  [   32    52]]

 [[28541    34]
  [   54    26]]

 [[28570     2]
  [   24    59]]

 [[28314     6]
  [   81   254]]

 [[28630     1]
  [   21     3]]

 [[27928   209]
  [  136   382]]

 [[28567     0]
  [   88     0]]

 [[28642     0]
  [   13     0]]

 [[27935   240]
  [  181   299]]

 [[28453    76]
  [   52    74]]

 [[28628     2]
  [    0    25]]

 [[28484    18]
  [   42   111]]

 [[28634     1]
  [   17     3]]

 [[28628     0]
  [   24     3]]

 [[28608     5]
  [   18    24]]

 [[28621     0]
  [   34     0]]

 [[28529    27]
  [   82    17]]

 [[28200    39]
  [   76   340]]

 [[28519    18]
  [   63    55]]

 [[28552     4]
  [   38    61]]

 [[28368    34]
  [  132   121]]

 [[28538     2]
  [   15   100]]

 [[28123   109]
  [  111   312]]

 [[28533    23]
  [   23    76]]

 [[28581    13]
  [   20    41]]

 [[28362    27]
  [   71   195]]

 [[28619     0]
  [    6    30]]

 [[28057   104]
  [  109   385]]

 [[28639     2]
  [    7     7]]

 [[27924   121]
  [  127   483]]

 [[28399    50]
  [   15   191]]

 [[28628     5]
  [   14     8]]

 [[27905   215]
  [   81   454]]

 [[28508    49]
  [   49    49]]

 [[28560     9]
  [   51    35]]

 [[28545     1]
  [   18    91]]

 [[27685   112]
  [  119   739]]

 [[28587     7]
  [   35    26]]

 [[28436    11]
  [   34   174]]

 [[28642     0]
  [   11     2]]

 [[28586     4]
  [   24    41]]

 [[28491     7]
  [   22   135]]

 [[28565     6]
  [    3    81]]

 [[28591     9]
  [   33    22]]

 [[28482    19]
  [   45   109]]

 [[28602     1]
  [    7    45]]

 [[28495    13]
  [   21   126]]

 [[28574     4]
  [   41    36]]

 [[28631     6]
  [    6    12]]

 [[28389    69]
  [   42   155]]

 [[28024   182]
  [   22   427]]

 [[28644     0]
  [   11     0]]

 [[28611     1]
  [   22    21]]

 [[28638     2]
  [    4    11]]

 [[28449     2]
  [   18   186]]

 [[28565    14]
  [    3    73]]

 [[28397     3]
  [   76   179]]

 [[28635     1]
  [   13     6]]

 [[28642     0]
  [    1    12]]

 [[28587     1]
  [   54    13]]

 [[27020   172]
  [   15  1448]]

 [[28463    45]
  [   28   119]]

 [[28553     3]
  [   20    79]]

 [[28135    65]
  [   50   405]]

 [[28569     4]
  [    7    75]]

 [[28227    18]
  [   36   374]]

 [[28223    26]
  [   29   377]]

 [[28641     2]
  [   12     0]]

 [[28505     1]
  [   27   122]]

 [[27666   287]
  [   25   677]]

 [[28454     5]
  [   12   184]]

 [[28620     3]
  [   19    13]]

 [[28580     6]
  [   12    57]]

 [[28556     6]
  [   16    77]]

 [[28622     1]
  [    3    29]]

 [[28599     7]
  [   11    38]]

 [[28467    34]
  [   13   141]]]

===scores report===
metrics	scores
Accuracy	0.7953
MCC	0.7915
log_loss	0.9525
f1 score weighted	0.7908
f1 score macro	0.6587
f1 score micro	0.7953
roc_auc ovr	0.9895
roc_auc ovo	0.9852
precision	0.8106
recall	0.7953

===Callbacks===

generate_callbacks
[<tensorflow.python.keras.callbacks.EarlyStopping object at 0x7fa2601117f0>, <tensorflow.python.keras.callbacks.ReduceLROnPlateau object at 0x7fa260111550>, <tensorflow.python.keras.callbacks.ModelCheckpoint object at 0x7fa2601117c0>]
===SCORING TEST SET ===

model_complete_evaluate
{'self': <deep_ml.DeepML object at 0x7fa260111490>, 'x_test': array([[13,  2,  3, ...,  0,  0,  0],
       [13,  1,  1, ...,  0,  0,  0],
       [13,  3, 10, ...,  0,  0,  0],
       ...,
       [13,  1, 20, ...,  0,  0,  0],
       [17, 19, 16, ...,  6, 14,  4],
       [13, 16, 11, ...,  0,  0,  0]], dtype=int8), 'y_test': array([ 56.,  56.,  56., ...,  51.,  96., 109.], dtype=float32), 'model': None}
report

              precision    recall  f1-score   support

         0.0       0.85      0.90      0.87       825
         1.0       1.00      0.07      0.13        14
         2.0       0.92      0.69      0.79        32
         3.0       0.00      0.00      0.00        12
         4.0       0.96      0.48      0.64        52
         5.0       0.80      0.63      0.71       176
         6.0       0.68      0.42      0.52       102
         7.0       0.57      0.28      0.38        97
         8.0       0.00      0.00      0.00        14
         9.0       0.39      0.17      0.24        69
        10.0       0.79      0.60      0.68       104
        11.0       0.00      0.00      0.00        18
        12.0       0.00      0.00      0.00        15
        13.0       0.83      0.48      0.61        42
        14.0       0.82      0.41      0.55        34
        15.0       0.91      0.81      0.86        64
        16.0       1.00      0.15      0.27        13
        17.0       1.00      0.21      0.35        19
        18.0       0.97      0.86      0.91        71
        19.0       0.88      0.23      0.36        31
        20.0       0.92      0.99      0.95        94
        21.0       0.76      0.76      0.76        46
        22.0       0.94      0.60      0.73        25
        23.0       0.90      0.92      0.91       346
        24.0       0.72      0.74      0.73        31
        25.0       0.00      0.00      0.00        20
        26.0       0.77      0.63      0.69       167
        27.0       1.00      0.47      0.64        36
        28.0       0.95      0.92      0.93        60
        29.0       0.88      0.73      0.80        62
        30.0       1.00      0.18      0.31        11
        31.0       0.00      0.00      0.00        12
        32.0       0.44      0.30      0.36        40
        33.0       0.90      0.73      0.81        74
        34.0       1.00      0.98      0.99        56
        35.0       0.76      0.81      0.79        16
        36.0       0.40      0.04      0.07        51
        37.0       0.68      0.79      0.73        19
        38.0       0.94      0.59      0.72        29
        39.0       0.91      0.91      0.91       101
        40.0       0.67      0.33      0.44        12
        41.0       1.00      1.00      1.00        13
        42.0       0.86      0.84      0.85        67
        43.0       0.97      0.79      0.87        76
        44.0       1.00      1.00      1.00        11
        45.0       1.00      0.73      0.84        37
        46.0       0.85      0.91      0.88      1613
        47.0       0.99      0.95      0.97       299
        48.0       0.99      0.96      0.97       243
        49.0       0.84      0.94      0.89       169
        50.0       0.67      0.83      0.74      1023
        51.0       0.57      0.72      0.64       352
        52.0       0.87      0.79      0.83        86
        53.0       0.60      0.83      0.70       606
        54.0       0.92      0.88      0.90       543
        55.0       1.00      0.73      0.85        79
        56.0       0.91      0.88      0.89       954
        57.0       0.89      0.85      0.87       247
        58.0       1.00      0.94      0.97        34
        59.0       0.81      0.82      0.82       877
        60.0       0.90      0.81      0.85        77
        61.0       0.65      0.86      0.74       566
        62.0       0.62      0.21      0.31        24
        63.0       0.87      0.73      0.79        55
        64.0       0.97      0.94      0.95       255
        65.0       0.00      0.00      0.00        13
        66.0       0.98      0.93      0.95       457
        67.0       0.96      0.65      0.77        37
        68.0       0.64      0.88      0.74      1189
        69.0       0.92      0.83      0.87       223
        70.0       0.78      0.37      0.50        19
        71.0       0.92      0.91      0.92       357
        72.0       0.71      0.31      0.43        32
        73.0       0.00      0.00      0.00        13
        74.0       0.95      0.96      0.96       128
        75.0       0.89      0.62      0.73        13
        76.0       0.66      0.76      0.71       460
        77.0       0.87      0.77      0.82       104
        78.0       0.56      0.19      0.28        53
        79.0       0.63      0.46      0.53        83
        80.0       0.88      0.46      0.60        79
        81.0       0.94      0.75      0.83        84
        82.0       0.88      0.83      0.85       334
        83.0       1.00      0.08      0.15        24
        84.0       0.69      0.72      0.71       518
        85.0       0.19      0.06      0.09        88
        86.0       1.00      0.31      0.47        13
        87.0       0.57      0.67      0.62       480
        88.0       0.73      0.63      0.68       127
        89.0       1.00      0.96      0.98        24
        90.0       0.83      0.68      0.75       153
        91.0       0.00      0.00      0.00        20
        92.0       0.62      0.30      0.40        27
        93.0       0.94      0.69      0.79        42
        94.0       0.33      0.03      0.05        34
        95.0       0.36      0.32      0.34        99
        96.0       0.77      0.84      0.80       416
        97.0       0.79      0.53      0.63       118
        98.0       0.85      0.65      0.74        99
        99.0       0.82      0.51      0.63       253
       100.0       1.00      0.92      0.96       115
       101.0       0.55      0.79      0.65       423
       102.0       0.94      0.59      0.72        98
       103.0       0.88      0.62      0.73        60
       104.0       0.69      0.80      0.74       265
       105.0       0.94      0.83      0.88        36
       106.0       0.85      0.80      0.82       495
       107.0       1.00      0.50      0.67        14
       108.0       0.81      0.88      0.84       610
       109.0       0.96      0.88      0.92       206
       110.0       0.78      0.32      0.45        22
       111.0       0.75      0.86      0.80       535
       112.0       0.69      0.58      0.63        98
       113.0       0.63      0.50      0.56        86
       114.0       0.92      0.88      0.90       110
       115.0       0.87      0.86      0.86       858
       116.0       0.80      0.20      0.32        61
       117.0       0.95      0.85      0.90       208
       118.0       0.00      0.00      0.00        13
       119.0       0.89      0.52      0.65        66
       120.0       0.94      0.87      0.90       157
       121.0       0.99      0.98      0.98        84
       122.0       0.78      0.51      0.62        55
       123.0       0.90      0.67      0.77       153
       124.0       0.96      0.87      0.91        52
       125.0       0.90      0.87      0.88       147
       126.0       0.87      0.45      0.59        76
       127.0       1.00      0.89      0.94        18
       128.0       0.92      0.80      0.85       197
       129.0       0.92      0.92      0.92       450
       130.0       0.00      0.00      0.00        12
       131.0       0.83      0.57      0.68        42
       132.0       0.71      0.67      0.69        15
       133.0       0.98      0.96      0.97       204
       134.0       0.97      0.92      0.95        76
       135.0       0.85      0.79      0.82       256
       136.0       1.00      0.11      0.19        19
       137.0       0.85      0.85      0.85        13
       138.0       0.73      0.60      0.66        67
       139.0       0.94      0.96      0.95      1464
       140.0       0.91      0.88      0.90       147
       141.0       0.98      0.82      0.89        98
       142.0       0.96      0.89      0.92       455
       143.0       0.95      0.89      0.92        82
       144.0       0.93      0.94      0.94       410
       145.0       0.91      0.94      0.92       406
       146.0       0.00      0.00      0.00        12
       147.0       0.93      0.86      0.90       149
       148.0       0.93      0.95      0.94       702
       149.0       0.98      0.94      0.96       196
       150.0       0.94      0.47      0.62        32
       151.0       0.78      0.77      0.77        69
       152.0       0.93      0.96      0.94        93
       153.0       0.97      0.88      0.92        33
       154.0       0.78      0.80      0.79        50
       155.0       0.83      0.89      0.86       154

    accuracy                           0.81     28655
   macro avg       0.78      0.63      0.67     28655
weighted avg       0.82      0.81      0.81     28655


===confusion_matrix===

[[740   0   0 ...   0   0   0]
 [  1   1   0 ...   0   0   0]
 [  0   0  22 ...   0   0   0]
 ...
 [  0   0   0 ...  29   3   0]
 [  0   0   0 ...   0  40   5]
 [  0   0   0 ...   0   5 137]]

===multilabel confusion matrix===

[[[27702   128]
  [   85   740]]

 [[28641     0]
  [   13     1]]

 [[28621     2]
  [   10    22]]

 [[28643     0]
  [   12     0]]

 [[28602     1]
  [   27    25]]

 [[28452    27]
  [   65   111]]

 [[28533    20]
  [   59    43]]

 [[28538    20]
  [   70    27]]

 [[28640     1]
  [   14     0]]

 [[28567    19]
  [   57    12]]

 [[28535    16]
  [   42    62]]

 [[28637     0]
  [   18     0]]

 [[28640     0]
  [   15     0]]

 [[28609     4]
  [   22    20]]

 [[28618     3]
  [   20    14]]

 [[28586     5]
  [   12    52]]

 [[28642     0]
  [   11     2]]

 [[28636     0]
  [   15     4]]

 [[28582     2]
  [   10    61]]

 [[28623     1]
  [   24     7]]

 [[28553     8]
  [    1    93]]

 [[28598    11]
  [   11    35]]

 [[28629     1]
  [   10    15]]

 [[28272    37]
  [   29   317]]

 [[28615     9]
  [    8    23]]

 [[28635     0]
  [   20     0]]

 [[28456    32]
  [   62   105]]

 [[28619     0]
  [   19    17]]

 [[28592     3]
  [    5    55]]

 [[28587     6]
  [   17    45]]

 [[28644     0]
  [    9     2]]

 [[28642     1]
  [   12     0]]

 [[28600    15]
  [   28    12]]

 [[28575     6]
  [   20    54]]

 [[28599     0]
  [    1    55]]

 [[28635     4]
  [    3    13]]

 [[28601     3]
  [   49     2]]

 [[28629     7]
  [    4    15]]

 [[28625     1]
  [   12    17]]

 [[28545     9]
  [    9    92]]

 [[28641     2]
  [    8     4]]

 [[28642     0]
  [    0    13]]

 [[28579     9]
  [   11    56]]

 [[28577     2]
  [   16    60]]

 [[28644     0]
  [    0    11]]

 [[28618     0]
  [   10    27]]

 [[26787   255]
  [  150  1463]]

 [[28352     4]
  [   15   284]]

 [[28409     3]
  [   10   233]]

 [[28455    31]
  [   10   159]]

 [[27210   422]
  [  175   848]]

 [[28116   187]
  [   99   253]]

 [[28559    10]
  [   18    68]]

 [[27712   337]
  [  103   503]]

 [[28073    39]
  [   67   476]]

 [[28576     0]
  [   21    58]]

 [[27618    83]
  [  118   836]]

 [[28383    25]
  [   36   211]]

 [[28621     0]
  [    2    32]]

 [[27608   170]
  [  155   722]]

 [[28571     7]
  [   15    62]]

 [[27831   258]
  [   77   489]]

 [[28628     3]
  [   19     5]]

 [[28594     6]
  [   15    40]]

 [[28392     8]
  [   16   239]]

 [[28642     0]
  [   13     0]]

 [[28188    10]
  [   33   424]]

 [[28617     1]
  [   13    24]]

 [[26874   592]
  [  147  1042]]

 [[28415    17]
  [   38   185]]

 [[28634     2]
  [   12     7]]

 [[28270    28]
  [   32   325]]

 [[28619     4]
  [   22    10]]

 [[28642     0]
  [   13     0]]

 [[28521     6]
  [    5   123]]

 [[28641     1]
  [    5     8]]

 [[28018   177]
  [  110   350]]

 [[28539    12]
  [   24    80]]

 [[28594     8]
  [   43    10]]

 [[28550    22]
  [   45    38]]

 [[28571     5]
  [   43    36]]

 [[28567     4]
  [   21    63]]

 [[28284    37]
  [   58   276]]

 [[28631     0]
  [   22     2]]

 [[27969   168]
  [  144   374]]

 [[28545    22]
  [   83     5]]

 [[28642     0]
  [    9     4]]

 [[27933   242]
  [  159   321]]

 [[28498    30]
  [   47    80]]

 [[28631     0]
  [    1    23]]

 [[28480    22]
  [   49   104]]

 [[28635     0]
  [   20     0]]

 [[28623     5]
  [   19     8]]

 [[28611     2]
  [   13    29]]

 [[28619     2]
  [   33     1]]

 [[28500    56]
  [   67    32]]

 [[28135   104]
  [   67   349]]

 [[28521    16]
  [   56    62]]

 [[28545    11]
  [   35    64]]

 [[28373    29]
  [  124   129]]

 [[28540     0]
  [    9   106]]

 [[27958   274]
  [   87   336]]

 [[28553     4]
  [   40    58]]

 [[28590     5]
  [   23    37]]

 [[28293    97]
  [   52   213]]

 [[28617     2]
  [    6    30]]

 [[28089    71]
  [   98   397]]

 [[28641     0]
  [    7     7]]

 [[27916   129]
  [   74   536]]

 [[28442     7]
  [   25   181]]

 [[28631     2]
  [   15     7]]

 [[27963   157]
  [   76   459]]

 [[28531    26]
  [   41    57]]

 [[28544    25]
  [   43    43]]

 [[28536     9]
  [   13    97]]

 [[27690   107]
  [  124   734]]

 [[28591     3]
  [   49    12]]

 [[28438     9]
  [   31   177]]

 [[28642     0]
  [   13     0]]

 [[28585     4]
  [   32    34]]

 [[28490     8]
  [   21   136]]

 [[28570     1]
  [    2    82]]

 [[28592     8]
  [   27    28]]

 [[28490    12]
  [   50   103]]

 [[28601     2]
  [    7    45]]

 [[28493    15]
  [   19   128]]

 [[28574     5]
  [   42    34]]

 [[28637     0]
  [    2    16]]

 [[28444    14]
  [   40   157]]

 [[28168    37]
  [   36   414]]

 [[28643     0]
  [   12     0]]

 [[28608     5]
  [   18    24]]

 [[28636     4]
  [    5    10]]

 [[28447     4]
  [    9   195]]

 [[28577     2]
  [    6    70]]

 [[28363    36]
  [   55   201]]

 [[28636     0]
  [   17     2]]

 [[28640     2]
  [    2    11]]

 [[28573    15]
  [   27    40]]

 [[27101    90]
  [   56  1408]]

 [[28495    13]
  [   17   130]]

 [[28555     2]
  [   18    80]]

 [[28181    19]
  [   51   404]]

 [[28569     4]
  [    9    73]]

 [[28217    28]
  [   23   387]]

 [[28211    38]
  [   26   380]]

 [[28642     1]
  [   12     0]]

 [[28497     9]
  [   21   128]]

 [[27900    53]
  [   33   669]]

 [[28456     3]
  [   12   184]]

 [[28622     1]
  [   17    15]]

 [[28571    15]
  [   16    53]]

 [[28555     7]
  [    4    89]]

 [[28621     1]
  [    4    29]]

 [[28594    11]
  [   10    40]]

 [[28473    28]
  [   17   137]]]

===scores report===
metrics	scores
Accuracy	0.8143
MCC	0.8104
log_loss	0.8597
f1 score weighted	0.8077
f1 score macro	0.6722
f1 score micro	0.8143
roc_auc ovr	0.9909
roc_auc ovo	0.9865
precision	0.8187
recall	0.8143

===Callbacks===

generate_callbacks
[<tensorflow.python.keras.callbacks.EarlyStopping object at 0x7fa2601117f0>, <tensorflow.python.keras.callbacks.ReduceLROnPlateau object at 0x7fa260111550>, <tensorflow.python.keras.callbacks.ModelCheckpoint object at 0x7fa2601117c0>]
===SCORING TEST SET ===

model_complete_evaluate
{'self': <deep_ml.DeepML object at 0x7fa260111490>, 'x_test': array([[13, 11,  3, ...,  0,  0,  0],
       [13, 16, 20, ...,  0,  0,  0],
       [13, 19,  3, ...,  0,  0,  0],
       ...,
       [20, 20, 20, ...,  1,  7,  1],
       [17, 12, 15, ...,  3,  9, 11],
       [ 8, 15, 15, ...,  9, 17, 11]], dtype=int8), 'y_test': array([ 56.,  56.,  56., ...,  96.,  46., 108.], dtype=float32), 'model': None}
report

              precision    recall  f1-score   support

         0.0       0.70      0.93      0.80       824
         1.0       0.00      0.00      0.00        14
         2.0       0.84      0.66      0.74        32
         3.0       0.00      0.00      0.00        12
         4.0       0.65      0.63      0.64        52
         5.0       0.31      0.74      0.44       175
         6.0       0.54      0.45      0.49       101
         7.0       0.80      0.20      0.33        98
         8.0       0.30      0.21      0.25        14
         9.0       0.20      0.39      0.26        70
        10.0       0.94      0.45      0.61       104
        11.0       0.00      0.00      0.00        18
        12.0       0.00      0.00      0.00        15
        13.0       0.83      0.24      0.37        42
        14.0       0.87      0.38      0.53        34
        15.0       0.73      0.85      0.79        65
        16.0       0.00      0.00      0.00        13
        17.0       0.83      0.26      0.40        19
        18.0       0.87      0.76      0.81        72
        19.0       0.67      0.13      0.22        30
        20.0       0.86      0.93      0.89        94
        21.0       0.84      0.83      0.84        46
        22.0       1.00      0.64      0.78        25
        23.0       0.91      0.94      0.93       345
        24.0       0.75      0.50      0.60        30
        25.0       0.00      0.00      0.00        20
        26.0       0.52      0.68      0.59       168
        27.0       0.32      0.66      0.43        35
        28.0       0.90      0.77      0.83        61
        29.0       0.86      0.60      0.71        63
        30.0       0.00      0.00      0.00        11
        31.0       0.50      0.08      0.14        12
        32.0       0.44      0.28      0.34        40
        33.0       0.35      0.68      0.46        74
        34.0       1.00      0.98      0.99        57
        35.0       0.63      0.75      0.69        16
        36.0       0.23      0.12      0.16        50
        37.0       0.55      0.90      0.68        20
        38.0       0.80      0.55      0.65        29
        39.0       0.70      0.89      0.78       101
        40.0       0.33      0.17      0.22        12
        41.0       1.00      0.93      0.96        14
        42.0       0.75      0.72      0.73        67
        43.0       0.81      0.91      0.86        76
        44.0       1.00      0.73      0.84        11
        45.0       1.00      0.86      0.93        37
        46.0       0.91      0.85      0.88      1613
        47.0       0.97      0.93      0.95       299
        48.0       0.99      0.96      0.97       243
        49.0       0.96      0.90      0.93       168
        50.0       0.72      0.78      0.75      1024
        51.0       0.52      0.59      0.55       353
        52.0       0.92      0.78      0.84        85
        53.0       0.90      0.55      0.68       606
        54.0       0.98      0.84      0.90       543
        55.0       1.00      0.62      0.77        79
        56.0       0.96      0.80      0.87       954
        57.0       0.90      0.82      0.86       247
        58.0       0.94      0.88      0.91        34
        59.0       0.90      0.79      0.84       876
        60.0       0.99      0.88      0.93        76
        61.0       0.71      0.84      0.77       566
        62.0       1.00      0.29      0.45        24
        63.0       0.94      0.31      0.47        55
        64.0       0.92      0.96      0.94       255
        65.0       0.00      0.00      0.00        13
        66.0       0.78      0.97      0.87       457
        67.0       1.00      0.54      0.70        37
        68.0       0.56      0.91      0.69      1189
        69.0       0.88      0.81      0.84       223
        70.0       1.00      0.05      0.10        19
        71.0       0.90      0.90      0.90       357
        72.0       0.56      0.58      0.57        31
        73.0       0.00      0.00      0.00        13
        74.0       0.98      0.91      0.95       128
        75.0       0.80      0.31      0.44        13
        76.0       0.79      0.67      0.73       461
        77.0       0.89      0.76      0.82       104
        78.0       0.83      0.09      0.17        53
        79.0       0.90      0.34      0.49        83
        80.0       0.38      0.35      0.37        79
        81.0       0.97      0.75      0.85        84
        82.0       0.94      0.82      0.87       334
        83.0       0.39      0.38      0.38        24
        84.0       0.65      0.75      0.70       518
        85.0       0.12      0.02      0.04        88
        86.0       0.22      0.17      0.19        12
        87.0       0.56      0.63      0.59       481
        88.0       0.68      0.50      0.58       126
        89.0       1.00      0.92      0.96        24
        90.0       0.94      0.49      0.65       152
        91.0       0.00      0.00      0.00        20
        92.0       0.37      0.41      0.39        27
        93.0       0.92      0.57      0.71        42
        94.0       0.14      0.24      0.17        33
        95.0       0.74      0.20      0.31       100
        96.0       0.77      0.83      0.80       415
        97.0       0.95      0.34      0.50       118
        98.0       0.82      0.65      0.73       100
        99.0       0.81      0.41      0.54       253
       100.0       0.83      0.96      0.89       116
       101.0       0.56      0.83      0.67       423
       102.0       0.87      0.63      0.73        99
       103.0       0.50      0.45      0.47        60
       104.0       0.57      0.74      0.64       265
       105.0       0.96      0.75      0.84        36
       106.0       0.73      0.85      0.78       495
       107.0       0.74      0.93      0.82        15
       108.0       0.95      0.77      0.85       611
       109.0       0.91      0.90      0.91       207
       110.0       0.80      0.18      0.30        22
       111.0       0.99      0.73      0.84       535
       112.0       0.48      0.60      0.53        98
       113.0       0.48      0.56      0.52        87
       114.0       0.95      0.91      0.93       110
       115.0       0.88      0.80      0.84       858
       116.0       0.25      0.30      0.27        60
       117.0       0.98      0.82      0.90       209
       118.0       0.50      0.08      0.14        12
       119.0       0.95      0.61      0.74        66
       120.0       0.94      0.83      0.88       157
       121.0       0.89      0.95      0.92        84
       122.0       1.00      0.36      0.53        55
       123.0       0.95      0.57      0.71       153
       124.0       0.97      0.76      0.86        51
       125.0       0.99      0.83      0.90       146
       126.0       0.60      0.45      0.52        77
       127.0       1.00      0.72      0.84        18
       128.0       0.48      0.88      0.62       197
       129.0       0.92      0.90      0.91       450
       130.0       0.00      0.00      0.00        11
       131.0       0.83      0.45      0.58        42
       132.0       1.00      0.53      0.70        15
       133.0       0.95      0.93      0.94       204
       134.0       0.96      0.96      0.96        76
       135.0       0.70      0.80      0.75       256
       136.0       0.33      0.05      0.09        20
       137.0       0.92      0.92      0.92        13
       138.0       0.53      0.54      0.53        67
       139.0       0.96      0.92      0.94      1464
       140.0       0.81      0.80      0.80       147
       141.0       0.52      0.88      0.66        98
       142.0       0.94      0.87      0.91       455
       143.0       0.91      0.94      0.92        82
       144.0       0.95      0.92      0.94       410
       145.0       0.64      0.96      0.76       406
       146.0       0.00      0.00      0.00        12
       147.0       0.85      0.87      0.86       148
       148.0       0.97      0.93      0.95       702
       149.0       0.99      0.93      0.96       196
       150.0       0.86      0.59      0.70        32
       151.0       0.93      0.80      0.86        69
       152.0       0.88      0.92      0.90        93
       153.0       1.00      0.94      0.97        33
       154.0       0.80      0.90      0.85        50
       155.0       0.87      0.90      0.89       153

    accuracy                           0.78     28655
   macro avg       0.71      0.61      0.63     28655
weighted avg       0.81      0.78      0.78     28655


===confusion_matrix===

[[770   0   0 ...   0   0   0]
 [  4   0   0 ...   0   0   0]
 [  1   0  21 ...   0   0   0]
 ...
 [  0   0   0 ...  31   0   1]
 [  0   0   0 ...   0  45   2]
 [  0   0   0 ...   0   5 138]]

===multilabel confusion matrix===

[[[27494   337]
  [   54   770]]

 [[28639     2]
  [   14     0]]

 [[28619     4]
  [   11    21]]

 [[28643     0]
  [   12     0]]

 [[28585    18]
  [   19    33]]

 [[28197   283]
  [   46   129]]

 [[28515    39]
  [   56    45]]

 [[28552     5]
  [   78    20]]

 [[28634     7]
  [   11     3]]

 [[28474   111]
  [   43    27]]

 [[28548     3]
  [   57    47]]

 [[28637     0]
  [   18     0]]

 [[28640     0]
  [   15     0]]

 [[28611     2]
  [   32    10]]

 [[28619     2]
  [   21    13]]

 [[28570    20]
  [   10    55]]

 [[28641     1]
  [   13     0]]

 [[28635     1]
  [   14     5]]

 [[28575     8]
  [   17    55]]

 [[28623     2]
  [   26     4]]

 [[28547    14]
  [    7    87]]

 [[28602     7]
  [    8    38]]

 [[28630     0]
  [    9    16]]

 [[28278    32]
  [   20   325]]

 [[28620     5]
  [   15    15]]

 [[28635     0]
  [   20     0]]

 [[28379   108]
  [   53   115]]

 [[28572    48]
  [   12    23]]

 [[28589     5]
  [   14    47]]

 [[28586     6]
  [   25    38]]

 [[28643     1]
  [   11     0]]

 [[28642     1]
  [   11     1]]

 [[28601    14]
  [   29    11]]

 [[28489    92]
  [   24    50]]

 [[28598     0]
  [    1    56]]

 [[28632     7]
  [    4    12]]

 [[28585    20]
  [   44     6]]

 [[28620    15]
  [    2    18]]

 [[28622     4]
  [   13    16]]

 [[28515    39]
  [   11    90]]

 [[28639     4]
  [   10     2]]

 [[28641     0]
  [    1    13]]

 [[28572    16]
  [   19    48]]

 [[28563    16]
  [    7    69]]

 [[28644     0]
  [    3     8]]

 [[28618     0]
  [    5    32]]

 [[26900   142]
  [  242  1371]]

 [[28348     8]
  [   20   279]]

 [[28409     3]
  [   10   233]]

 [[28481     6]
  [   16   152]]

 [[27321   310]
  [  227   797]]

 [[28105   197]
  [  143   210]]

 [[28564     6]
  [   19    66]]

 [[28010    39]
  [  273   333]]

 [[28103     9]
  [   89   454]]

 [[28576     0]
  [   30    49]]

 [[27665    36]
  [  187   767]]

 [[28385    23]
  [   45   202]]

 [[28619     2]
  [    4    30]]

 [[27702    77]
  [  180   696]]

 [[28578     1]
  [    9    67]]

 [[27893   196]
  [   88   478]]

 [[28631     0]
  [   17     7]]

 [[28599     1]
  [   38    17]]

 [[28380    20]
  [   10   245]]

 [[28642     0]
  [   13     0]]

 [[28075   123]
  [   13   444]]

 [[28618     0]
  [   17    20]]

 [[26624   842]
  [  111  1078]]

 [[28407    25]
  [   43   180]]

 [[28636     0]
  [   18     1]]

 [[28264    34]
  [   35   322]]

 [[28610    14]
  [   13    18]]

 [[28642     0]
  [   13     0]]

 [[28525     2]
  [   11   117]]

 [[28641     1]
  [    9     4]]

 [[28112    82]
  [  151   310]]

 [[28541    10]
  [   25    79]]

 [[28601     1]
  [   48     5]]

 [[28569     3]
  [   55    28]]

 [[28530    46]
  [   51    28]]

 [[28569     2]
  [   21    63]]

 [[28302    19]
  [   60   274]]

 [[28617    14]
  [   15     9]]

 [[27932   205]
  [  131   387]]

 [[28553    14]
  [   86     2]]

 [[28636     7]
  [   10     2]]

 [[27935   239]
  [  180   301]]

 [[28500    29]
  [   63    63]]

 [[28631     0]
  [    2    22]]

 [[28498     5]
  [   77    75]]

 [[28635     0]
  [   20     0]]

 [[28609    19]
  [   16    11]]

 [[28611     2]
  [   18    24]]

 [[28571    51]
  [   25     8]]

 [[28548     7]
  [   80    20]]

 [[28140   100]
  [   72   343]]

 [[28535     2]
  [   78    40]]

 [[28541    14]
  [   35    65]]

 [[28378    24]
  [  150   103]]

 [[28516    23]
  [    5   111]]

 [[27957   275]
  [   71   352]]

 [[28547     9]
  [   37    62]]

 [[28568    27]
  [   33    27]]

 [[28241   149]
  [   69   196]]

 [[28618     1]
  [    9    27]]

 [[28003   157]
  [   75   420]]

 [[28635     5]
  [    1    14]]

 [[28021    23]
  [  138   473]]

 [[28429    19]
  [   20   187]]

 [[28632     1]
  [   18     4]]

 [[28115     5]
  [  143   392]]

 [[28493    64]
  [   39    59]]

 [[28515    53]
  [   38    49]]

 [[28540     5]
  [   10   100]]

 [[27702    95]
  [  171   687]]

 [[28542    53]
  [   42    18]]

 [[28443     3]
  [   37   172]]

 [[28642     1]
  [   11     1]]

 [[28587     2]
  [   26    40]]

 [[28489     9]
  [   27   130]]

 [[28561    10]
  [    4    80]]

 [[28600     0]
  [   35    20]]

 [[28497     5]
  [   66    87]]

 [[28603     1]
  [   12    39]]

 [[28508     1]
  [   25   121]]

 [[28555    23]
  [   42    35]]

 [[28637     0]
  [    5    13]]

 [[28266   192]
  [   23   174]]

 [[28169    36]
  [   44   406]]

 [[28644     0]
  [   11     0]]

 [[28609     4]
  [   23    19]]

 [[28640     0]
  [    7     8]]

 [[28442     9]
  [   14   190]]

 [[28576     3]
  [    3    73]]

 [[28311    88]
  [   51   205]]

 [[28633     2]
  [   19     1]]

 [[28641     1]
  [    1    12]]

 [[28556    32]
  [   31    36]]

 [[27141    50]
  [  123  1341]]

 [[28481    27]
  [   30   117]]

 [[28479    78]
  [   12    86]]

 [[28175    25]
  [   57   398]]

 [[28565     8]
  [    5    77]]

 [[28226    19]
  [   33   377]]

 [[28027   222]
  [   18   388]]

 [[28643     0]
  [   12     0]]

 [[28484    23]
  [   19   129]]

 [[27930    23]
  [   52   650]]

 [[28458     1]
  [   13   183]]

 [[28620     3]
  [   13    19]]

 [[28582     4]
  [   14    55]]

 [[28550    12]
  [    7    86]]

 [[28622     0]
  [    2    31]]

 [[28594    11]
  [    5    45]]

 [[28482    20]
  [   15   138]]]

===scores report===
metrics	scores
Accuracy	0.7828
MCC	0.7787
log_loss	1.0243
f1 score weighted	0.7809
f1 score macro	0.6296
f1 score micro	0.7828
roc_auc ovr	0.9892
roc_auc ovo	0.9845
precision	0.8092
recall	0.7828

===Callbacks===

generate_callbacks
[<tensorflow.python.keras.callbacks.EarlyStopping object at 0x7fa2601117f0>, <tensorflow.python.keras.callbacks.ReduceLROnPlateau object at 0x7fa260111550>, <tensorflow.python.keras.callbacks.ModelCheckpoint object at 0x7fa2601117c0>]
===SCORING TEST SET ===

model_complete_evaluate
{'self': <deep_ml.DeepML object at 0x7fa260111490>, 'x_test': array([[13, 12, 12, ...,  0,  0,  0],
       [13, 12, 12, ...,  0,  0,  0],
       [13, 12, 17, ...,  0,  0,  0],
       ...,
       [10,  6,  6, ...,  8, 16, 11],
       [13, 15,  3, ...,  0,  0,  0],
       [ 9,  5,  1, ...,  8, 11, 15]], dtype=int8), 'y_test': array([ 56.,  56., 115., ...,  96., 109.,  88.], dtype=float32), 'model': None}
report

              precision    recall  f1-score   support

         0.0       0.81      0.90      0.85       824
         1.0       0.33      0.07      0.12        14
         2.0       0.87      0.62      0.73        32
         3.0       0.00      0.00      0.00        11
         4.0       1.00      0.51      0.68        51
         5.0       0.92      0.53      0.68       176
         6.0       0.43      0.44      0.43       102
         7.0       0.55      0.19      0.28        97
         8.0       0.75      0.21      0.33        14
         9.0       0.50      0.11      0.19        70
        10.0       0.82      0.83      0.82       103
        11.0       0.00      0.00      0.00        18
        12.0       0.00      0.00      0.00        15
        13.0       0.93      0.65      0.77        43
        14.0       0.86      0.35      0.50        34
        15.0       0.64      0.75      0.70        65
        16.0       0.00      0.00      0.00        13
        17.0       0.00      0.00      0.00        19
        18.0       0.79      0.85      0.82        72
        19.0       0.00      0.00      0.00        30
        20.0       0.82      0.98      0.89        94
        21.0       0.74      0.67      0.70        46
        22.0       0.39      0.28      0.33        25
        23.0       0.95      0.89      0.92       345
        24.0       0.46      0.20      0.28        30
        25.0       0.00      0.00      0.00        20
        26.0       0.61      0.46      0.52       168
        27.0       0.84      0.46      0.59        35
        28.0       0.96      0.82      0.88        61
        29.0       0.63      0.73      0.68        63
        30.0       0.00      0.00      0.00        11
        31.0       0.00      0.00      0.00        12
        32.0       0.34      0.28      0.31        40
        33.0       0.67      0.51      0.58        74
        34.0       0.92      0.98      0.95        57
        35.0       0.83      1.00      0.91        15
        36.0       0.67      0.04      0.08        50
        37.0       0.85      0.89      0.87        19
        38.0       0.88      0.52      0.65        29
        39.0       0.72      0.85      0.78       101
        40.0       1.00      0.46      0.63        13
        41.0       0.93      0.93      0.93        14
        42.0       0.86      0.82      0.84        66
        43.0       0.94      0.76      0.84        76
        44.0       0.69      1.00      0.81        11
        45.0       0.96      0.65      0.77        37
        46.0       0.80      0.90      0.85      1612
        47.0       0.98      0.95      0.97       299
        48.0       0.96      0.97      0.97       243
        49.0       0.84      0.90      0.87       168
        50.0       0.92      0.67      0.77      1024
        51.0       0.79      0.49      0.61       353
        52.0       0.88      0.84      0.86        85
        53.0       0.49      0.85      0.62       606
        54.0       0.95      0.87      0.91       543
        55.0       0.82      0.76      0.79        78
        56.0       0.76      0.88      0.82       954
        57.0       0.54      0.92      0.68       247
        58.0       1.00      0.97      0.99        34
        59.0       0.81      0.74      0.77       877
        60.0       0.95      0.79      0.86        76
        61.0       0.82      0.79      0.81       566
        62.0       0.00      0.00      0.00        24
        63.0       0.75      0.22      0.34        55
        64.0       0.91      0.98      0.94       255
        65.0       0.00      0.00      0.00        14
        66.0       0.98      0.92      0.95       457
        67.0       1.00      0.43      0.60        37
        68.0       0.81      0.78      0.80      1189
        69.0       0.90      0.72      0.80       224
        70.0       1.00      0.26      0.42        19
        71.0       0.82      0.93      0.87       357
        72.0       0.44      0.12      0.20        32
        73.0       0.00      0.00      0.00        12
        74.0       1.00      0.91      0.95       127
        75.0       0.80      0.33      0.47        12
        76.0       0.72      0.70      0.71       460
        77.0       0.93      0.81      0.86       103
        78.0       0.50      0.02      0.04        52
        79.0       0.72      0.34      0.46        83
        80.0       0.44      0.20      0.28        80
        81.0       1.00      0.67      0.80        84
        82.0       0.96      0.81      0.88       334
        83.0       0.00      0.00      0.00        23
        84.0       0.66      0.70      0.68       519
        85.0       0.00      0.00      0.00        88
        86.0       0.00      0.00      0.00        12
        87.0       0.41      0.67      0.51       480
        88.0       0.85      0.53      0.65       126
        89.0       0.74      1.00      0.85        25
        90.0       0.82      0.53      0.64       152
        91.0       0.00      0.00      0.00        20
        92.0       0.29      0.25      0.27        28
        93.0       0.74      0.62      0.68        42
        94.0       0.00      0.00      0.00        34
        95.0       0.33      0.02      0.04       100
        96.0       0.94      0.74      0.83       415
        97.0       0.60      0.20      0.30       118
        98.0       0.98      0.61      0.75        99
        99.0       0.85      0.49      0.62       253
       100.0       0.94      0.82      0.88       116
       101.0       0.80      0.67      0.73       423
       102.0       0.84      0.57      0.67        99
       103.0       0.50      0.22      0.30        60
       104.0       0.56      0.60      0.58       265
       105.0       0.93      0.73      0.82        37
       106.0       0.88      0.72      0.79       495
       107.0       0.92      0.73      0.81        15
       108.0       0.69      0.87      0.77       611
       109.0       0.98      0.88      0.93       206
       110.0       0.64      0.41      0.50        22
       111.0       0.60      0.87      0.71       534
       112.0       0.31      0.63      0.41        98
       113.0       0.21      0.45      0.29        87
       114.0       0.77      0.86      0.81       110
       115.0       0.89      0.82      0.85       858
       116.0       0.23      0.05      0.08        61
       117.0       0.96      0.88      0.92       209
       118.0       0.00      0.00      0.00        13
       119.0       0.80      0.57      0.67        65
       120.0       0.90      0.95      0.92       156
       121.0       0.93      0.94      0.94        85
       122.0       0.23      0.41      0.30        56
       123.0       0.99      0.58      0.73       154
       124.0       0.77      0.83      0.80        52
       125.0       0.88      0.80      0.84       146
       126.0       0.50      0.56      0.53        77
       127.0       1.00      0.83      0.91        18
       128.0       0.93      0.67      0.78       198
       129.0       0.83      0.91      0.87       450
       130.0       0.00      0.00      0.00        11
       131.0       0.47      0.51      0.49        43
       132.0       1.00      0.93      0.97        15
       133.0       0.82      0.97      0.89       205
       134.0       0.96      0.94      0.95        77
       135.0       0.78      0.66      0.72       255
       136.0       0.00      0.00      0.00        20
       137.0       0.79      0.92      0.85        12
       138.0       0.79      0.28      0.42        67
       139.0       0.82      0.98      0.90      1464
       140.0       0.73      0.82      0.77       147
       141.0       0.83      0.82      0.82        98
       142.0       0.42      0.93      0.58       455
       143.0       0.97      0.90      0.94        82
       144.0       0.78      0.96      0.86       411
       145.0       0.95      0.85      0.90       405
       146.0       0.00      0.00      0.00        11
       147.0       0.90      0.87      0.89       148
       148.0       0.96      0.89      0.92       702
       149.0       0.98      0.96      0.97       196
       150.0       0.88      0.47      0.61        32
       151.0       0.98      0.78      0.87        69
       152.0       0.91      0.92      0.91        93
       153.0       0.93      0.79      0.85        33
       154.0       0.82      0.90      0.86        50
       155.0       0.83      0.92      0.87       154

    accuracy                           0.77     28655
   macro avg       0.67      0.58      0.60     28655
weighted avg       0.78      0.77      0.76     28655


===confusion_matrix===

[[739   0   0 ...   0   0   0]
 [  0   1   0 ...   0   0   0]
 [  0   0  20 ...   0   0   0]
 ...
 [  0   0   0 ...  26   0   2]
 [  0   0   0 ...   0  45   5]
 [  0   0   0 ...   0   7 141]]

===multilabel confusion matrix===

[[[27657   174]
  [   85   739]]

 [[28639     2]
  [   13     1]]

 [[28620     3]
  [   12    20]]

 [[28644     0]
  [   11     0]]

 [[28604     0]
  [   25    26]]

 [[28471     8]
  [   82    94]]

 [[28493    60]
  [   57    45]]

 [[28543    15]
  [   79    18]]

 [[28640     1]
  [   11     3]]

 [[28577     8]
  [   62     8]]

 [[28533    19]
  [   18    85]]

 [[28636     1]
  [   18     0]]

 [[28640     0]
  [   15     0]]

 [[28610     2]
  [   15    28]]

 [[28619     2]
  [   22    12]]

 [[28563    27]
  [   16    49]]

 [[28642     0]
  [   13     0]]

 [[28636     0]
  [   19     0]]

 [[28567    16]
  [   11    61]]

 [[28624     1]
  [   30     0]]

 [[28541    20]
  [    2    92]]

 [[28598    11]
  [   15    31]]

 [[28619    11]
  [   18     7]]

 [[28293    17]
  [   38   307]]

 [[28618     7]
  [   24     6]]

 [[28632     3]
  [   20     0]]

 [[28438    49]
  [   91    77]]

 [[28617     3]
  [   19    16]]

 [[28592     2]
  [   11    50]]

 [[28565    27]
  [   17    46]]

 [[28644     0]
  [   11     0]]

 [[28643     0]
  [   12     0]]

 [[28594    21]
  [   29    11]]

 [[28562    19]
  [   36    38]]

 [[28593     5]
  [    1    56]]

 [[28637     3]
  [    0    15]]

 [[28604     1]
  [   48     2]]

 [[28633     3]
  [    2    17]]

 [[28624     2]
  [   14    15]]

 [[28521    33]
  [   15    86]]

 [[28642     0]
  [    7     6]]

 [[28640     1]
  [    1    13]]

 [[28580     9]
  [   12    54]]

 [[28575     4]
  [   18    58]]

 [[28639     5]
  [    0    11]]

 [[28617     1]
  [   13    24]]

 [[26679   364]
  [  159  1453]]

 [[28351     5]
  [   15   284]]

 [[28403     9]
  [    8   235]]

 [[28458    29]
  [   17   151]]

 [[27572    59]
  [  341   683]]

 [[28257    45]
  [  179   174]]

 [[28560    10]
  [   14    71]]

 [[27512   537]
  [   92   514]]

 [[28088    24]
  [   71   472]]

 [[28564    13]
  [   19    59]]

 [[27437   264]
  [  112   842]]

 [[28213   195]
  [   20   227]]

 [[28621     0]
  [    1    33]]

 [[27627   151]
  [  228   649]]

 [[28576     3]
  [   16    60]]

 [[27993    96]
  [  118   448]]

 [[28631     0]
  [   24     0]]

 [[28596     4]
  [   43    12]]

 [[28374    26]
  [    6   249]]

 [[28641     0]
  [   14     0]]

 [[28188    10]
  [   35   422]]

 [[28618     0]
  [   21    16]]

 [[27253   213]
  [  256   933]]

 [[28412    19]
  [   62   162]]

 [[28636     0]
  [   14     5]]

 [[28223    75]
  [   26   331]]

 [[28618     5]
  [   28     4]]

 [[28643     0]
  [   12     0]]

 [[28528     0]
  [   11   116]]

 [[28642     1]
  [    8     4]]

 [[28070   125]
  [  136   324]]

 [[28546     6]
  [   20    83]]

 [[28602     1]
  [   51     1]]

 [[28561    11]
  [   55    28]]

 [[28555    20]
  [   64    16]]

 [[28571     0]
  [   28    56]]

 [[28310    11]
  [   64   270]]

 [[28632     0]
  [   23     0]]

 [[27950   186]
  [  154   365]]

 [[28566     1]
  [   88     0]]

 [[28643     0]
  [   12     0]]

 [[27717   458]
  [  157   323]]

 [[28517    12]
  [   59    67]]

 [[28621     9]
  [    0    25]]

 [[28486    17]
  [   72    80]]

 [[28635     0]
  [   20     0]]

 [[28610    17]
  [   21     7]]

 [[28604     9]
  [   16    26]]

 [[28621     0]
  [   34     0]]

 [[28551     4]
  [   98     2]]

 [[28222    18]
  [  109   306]]

 [[28521    16]
  [   94    24]]

 [[28555     1]
  [   39    60]]

 [[28380    22]
  [  129   124]]

 [[28533     6]
  [   21    95]]

 [[28159    73]
  [  139   284]]

 [[28545    11]
  [   43    56]]

 [[28582    13]
  [   47    13]]

 [[28265   125]
  [  106   159]]

 [[28616     2]
  [   10    27]]

 [[28110    50]
  [  137   358]]

 [[28639     1]
  [    4    11]]

 [[27801   243]
  [   79   532]]

 [[28445     4]
  [   25   181]]

 [[28628     5]
  [   13     9]]

 [[27808   313]
  [   70   464]]

 [[28416   141]
  [   36    62]]

 [[28425   143]
  [   48    39]]

 [[28516    29]
  [   15    95]]

 [[27713    84]
  [  157   701]]

 [[28584    10]
  [   58     3]]

 [[28439     7]
  [   26   183]]

 [[28642     0]
  [   13     0]]

 [[28581     9]
  [   28    37]]

 [[28483    16]
  [    8   148]]

 [[28564     6]
  [    5    80]]

 [[28524    75]
  [   33    23]]

 [[28500     1]
  [   64    90]]

 [[28590    13]
  [    9    43]]

 [[28493    16]
  [   29   117]]

 [[28535    43]
  [   34    43]]

 [[28637     0]
  [    3    15]]

 [[28447    10]
  [   66   132]]

 [[28118    87]
  [   39   411]]

 [[28644     0]
  [   11     0]]

 [[28587    25]
  [   21    22]]

 [[28640     0]
  [    1    14]]

 [[28406    44]
  [    7   198]]

 [[28575     3]
  [    5    72]]

 [[28352    48]
  [   86   169]]

 [[28635     0]
  [   20     0]]

 [[28640     3]
  [    1    11]]

 [[28583     5]
  [   48    19]]

 [[26882   309]
  [   25  1439]]

 [[28463    45]
  [   27   120]]

 [[28541    16]
  [   18    80]]

 [[27627   573]
  [   32   423]]

 [[28571     2]
  [    8    74]]

 [[28135   109]
  [   18   393]]

 [[28231    19]
  [   61   344]]

 [[28644     0]
  [   11     0]]

 [[28493    14]
  [   19   129]]

 [[27924    29]
  [   75   627]]

 [[28456     3]
  [    8   188]]

 [[28621     2]
  [   17    15]]

 [[28585     1]
  [   15    54]]

 [[28553     9]
  [    7    86]]

 [[28620     2]
  [    7    26]]

 [[28595    10]
  [    5    45]]

 [[28473    28]
  [   13   141]]]

===scores report===
metrics	scores
Accuracy	0.7720
MCC	0.7676
log_loss	1.0854
f1 score weighted	0.7638
f1 score macro	0.6017
f1 score micro	0.7720
roc_auc ovr	0.9877
roc_auc ovo	0.9828
precision	0.7849
recall	0.7720

===TRAIN MODELS with CV===

train_model_cv	Accuracy	MCC	log_loss	f1 score weighted	f1 score macro	f1 score micro	roc_auc ovr	roc_auc ovo	precision	recall
0	0.7910036292573981	0.7870749563893508	0.9787479279356914	0.7857616222134609	0.6614245379389688	0.7910036292573982	0.9898211116680384	0.9857926212833197	0.8146270728215035	0.7910036292573981
1	0.7953236782411447	0.7915086085195342	0.9524508310647946	0.7908478789588983	0.6586679646262342	0.7953236782411447	0.9895084035164214	0.9851779642610138	0.8106260764377208	0.7953236782411447
2	0.8142732507415809	0.8103872092652584	0.8597472530997365	0.8077349229293546	0.6722385523107918	0.8142732507415809	0.9908739183289808	0.9864913188927825	0.8186852663575629	0.8142732507415809
3	0.7828302216018147	0.7787308697976086	1.024283511484509	0.7808849642216408	0.6296174007131092	0.7828302216018147	0.9891954929577345	0.984480322257791	0.8092183634542565	0.7828302216018147
4	0.7720467632175886	0.7675900367369166	1.0854055360975956	0.7638268736911625	0.6017130535369193	0.7720467632175886	0.9877216887494462	0.9828092021247554	0.7848755142050537	0.7720467632175886
mean	0.7910955086119055	0.7870583361417337	0.9801270119364653	0.7858112524029034	0.6447323018252046	0.7910955086119055	0.9894241230441244	0.9849502857639324	0.8076064586552196	0.7910955086119055
std	0.014044666325091666	0.014229567098902874	0.0752230327755983	0.014237967707216737	0.02572369809679425	0.014044666325091666	0.0010214855630520255	0.001260258273253883	0.011835887525719464	0.014044666325091666

Accuracy
MCC
log_loss
f1 score weighted
f1 score macro
f1 score micro
roc_auc ovr
roc_auc ovo
precision
recallFinished train_model_cv in 64338.1161 secs

