/home/amsequeira/enzymeClassification/models/embedding/64_64_32_500_post_pre_bilstm_attentio_cv_only_enz_emb_20_lev3_ec50
self
x_train
y_train
x_test
y_test
number_classes
problem_type
x_dval
y_dval
model
epochs
batch_size
callbacks
reduce_lr
early_stopping
checkpoint
tensorboard
early_stopping_patience
reduce_lr_patience
reduce_lr_factor
reduce_lr_min
path
report_name
verbose
validation_split
shuffle
class_weights
===Callbacks===

generate_callbacks
[<tensorflow.python.keras.callbacks.EarlyStopping object at 0x7f0dd8510820>, <tensorflow.python.keras.callbacks.ReduceLROnPlateau object at 0x7f0dd8510580>, <tensorflow.python.keras.callbacks.ModelCheckpoint object at 0x7f0dd8510850>]
===SCORING TEST SET ===

model_complete_evaluate
{'self': <deep_ml.DeepML object at 0x7f0dd8510370>, 'x_test': array([[13, 13,  2, ...,  0,  0,  0],
       [13, 16,  8, ...,  0,  0,  0],
       [13,  3, 15, ...,  0,  0,  0],
       ...,
       [13,  4, 11, ...,  0,  0,  0],
       [17, 19, 16, ...,  6, 14,  4],
       [13, 15,  3, ...,  0,  0,  0]], dtype=int8), 'y_test': array([42., 42., 42., ..., 78., 76., 88.], dtype=float32), 'model': None}
report

              precision    recall  f1-score   support

         0.0       0.69      0.73      0.71       358
         1.0       0.67      0.50      0.57        12
         2.0       0.62      0.42      0.50        19
         3.0       0.57      0.42      0.49        80
         4.0       0.25      0.24      0.25        54
         5.0       0.12      0.09      0.10        58
         6.0       0.43      0.27      0.33        45
         7.0       0.62      0.44      0.51        48
         8.0       0.00      0.00      0.00        11
         9.0       0.50      0.29      0.36        21
        10.0       0.67      0.13      0.22        15
        11.0       0.54      0.69      0.61        36
        12.0       0.83      0.42      0.56        12
        13.0       0.69      0.72      0.71        25
        14.0       0.55      0.32      0.40        19
        15.0       0.62      0.45      0.53        22
        16.0       0.62      0.57      0.59        23
        17.0       0.85      0.78      0.82       119
        18.0       0.67      0.67      0.67        18
        19.0       0.00      0.00      0.00        12
        20.0       0.40      0.38      0.39        90
        21.0       0.40      0.17      0.24        12
        22.0       0.59      0.80      0.68        25
        23.0       0.50      0.08      0.14        12
        24.0       0.15      0.09      0.11        22
        25.0       0.60      0.55      0.58        38
        26.0       0.78      0.82      0.80        17
        27.0       0.35      0.17      0.23        35
        28.0       0.33      0.18      0.24        11
        29.0       0.81      0.61      0.70        36
        30.0       0.63      0.69      0.66        32
        31.0       0.68      0.74      0.71        38
        32.0       0.76      0.81      0.78       747
        33.0       0.71      0.81      0.76        74
        34.0       0.93      0.93      0.93        59
        35.0       0.83      0.50      0.62        48
        36.0       0.67      0.67      0.67       502
        37.0       0.59      0.66      0.62       241
        38.0       0.64      0.48      0.55        33
        39.0       0.67      0.69      0.68       344
        40.0       0.77      0.66      0.71       191
        41.0       1.00      0.50      0.67        32
        42.0       0.66      0.70      0.68       384
        43.0       0.73      0.74      0.73       118
        44.0       0.63      0.71      0.66       436
        45.0       0.90      0.75      0.82        48
        46.0       0.76      0.84      0.79       402
        47.0       0.71      0.29      0.42        17
        48.0       0.77      0.48      0.59        42
        49.0       0.85      0.85      0.85        78
        50.0       0.83      0.87      0.85       172
        51.0       0.80      0.40      0.53        20
        52.0       0.64      0.62      0.63       499
        53.0       0.78      0.70      0.74       100
        54.0       0.00      0.00      0.00        11
        55.0       0.69      0.72      0.70       103
        56.0       0.56      0.28      0.37        18
        57.0       0.20      0.10      0.13        10
        58.0       0.97      0.97      0.97        34
        59.0       0.52      0.61      0.56       231
        60.0       0.87      0.67      0.76        58
        61.0       0.29      0.07      0.11        30
        62.0       0.57      0.35      0.44        48
        63.0       0.30      0.14      0.19        50
        64.0       0.78      0.62      0.69        34
        65.0       0.71      0.68      0.69       155
        66.0       0.00      0.00      0.00        14
        67.0       0.70      0.68      0.69       314
        68.0       0.22      0.08      0.12        63
        69.0       0.47      0.71      0.57       308
        70.0       0.43      0.49      0.46        68
        71.0       0.32      0.45      0.38        66
        72.0       0.40      0.14      0.21        14
        73.0       0.64      0.36      0.46        25
        74.0       0.00      0.00      0.00        18
        75.0       0.26      0.17      0.20        60
        76.0       0.61      0.68      0.64       205
        77.0       0.36      0.31      0.33        77
        78.0       0.83      0.68      0.75        59
        79.0       0.47      0.47      0.47       139
        80.0       0.74      0.76      0.75        42
        81.0       0.37      0.49      0.42       175
        82.0       0.39      0.28      0.32        43
        83.0       0.30      0.27      0.29        26
        84.0       0.54      0.41      0.46       106
        85.0       0.83      0.36      0.50        14
        86.0       0.48      0.69      0.57       242
        87.0       0.68      0.76      0.72       309
        88.0       0.87      0.59      0.70        58
        89.0       0.50      0.18      0.27        11
        90.0       0.59      0.36      0.45       187
        91.0       0.44      0.24      0.31        46
        92.0       0.60      0.23      0.33        40
        93.0       0.63      0.38      0.47        32
        94.0       0.49      0.64      0.56       289
        95.0       0.30      0.10      0.15        31
        96.0       0.88      0.77      0.82        74
        97.0       0.47      0.33      0.39        27
        98.0       0.71      0.46      0.56        37
        99.0       0.91      0.83      0.87        24
       100.0       0.00      0.00      0.00        25
       101.0       0.65      0.55      0.60        65
       102.0       0.81      0.59      0.68        22
       103.0       0.70      0.62      0.66        64
       104.0       0.36      0.23      0.28        40
       105.0       0.83      0.83      0.83        12
       106.0       0.65      0.71      0.68       114
       107.0       0.72      0.80      0.75       161
       108.0       0.62      0.33      0.43        24
       109.0       0.73      0.58      0.65        52
       110.0       0.80      0.80      0.80        15
       111.0       0.57      0.69      0.62       123
       112.0       0.48      0.55      0.51        42
       113.0       0.79      0.90      0.84       430
       114.0       0.81      0.71      0.75        65
       115.0       0.59      0.55      0.57        31
       116.0       0.79      0.67      0.73       173
       117.0       0.85      0.94      0.89        31
       118.0       0.80      0.80      0.80       117
       119.0       0.71      0.85      0.78       136
       120.0       0.68      0.61      0.64        62
       121.0       0.84      0.86      0.85       224
       122.0       0.76      0.71      0.74        35
       123.0       0.83      0.65      0.73        37
       124.0       0.59      0.52      0.55        31
       125.0       0.80      0.80      0.80        15
       126.0       0.73      0.76      0.74        21
       127.0       0.70      0.78      0.74        73

    accuracy                           0.65     12227
   macro avg       0.60      0.52      0.54     12227
weighted avg       0.65      0.65      0.64     12227


===confusion_matrix===

[[262   0   0 ...   0   0   0]
 [  0   6   0 ...   0   0   0]
 [  0   0   8 ...   0   0   0]
 ...
 [  0   0   0 ...  12   0   0]
 [  0   0   0 ...   0  16   4]
 [  0   0   0 ...   0   2  57]]

===multilabel confusion matrix===

[[[11753   116]
  [   96   262]]

 [[12212     3]
  [    6     6]]

 [[12203     5]
  [   11     8]]

 [[12121    26]
  [   46    34]]

 [[12134    39]
  [   41    13]]

 [[12133    36]
  [   53     5]]

 [[12166    16]
  [   33    12]]

 [[12166    13]
  [   27    21]]

 [[12216     0]
  [   11     0]]

 [[12200     6]
  [   15     6]]

 [[12211     1]
  [   13     2]]

 [[12170    21]
  [   11    25]]

 [[12214     1]
  [    7     5]]

 [[12194     8]
  [    7    18]]

 [[12203     5]
  [   13     6]]

 [[12199     6]
  [   12    10]]

 [[12196     8]
  [   10    13]]

 [[12092    16]
  [   26    93]]

 [[12203     6]
  [    6    12]]

 [[12210     5]
  [   12     0]]

 [[12086    51]
  [   56    34]]

 [[12212     3]
  [   10     2]]

 [[12188    14]
  [    5    20]]

 [[12214     1]
  [   11     1]]

 [[12194    11]
  [   20     2]]

 [[12175    14]
  [   17    21]]

 [[12206     4]
  [    3    14]]

 [[12181    11]
  [   29     6]]

 [[12212     4]
  [    9     2]]

 [[12186     5]
  [   14    22]]

 [[12182    13]
  [   10    22]]

 [[12176    13]
  [   10    28]]

 [[11285   195]
  [  141   606]]

 [[12129    24]
  [   14    60]]

 [[12164     4]
  [    4    55]]

 [[12174     5]
  [   24    24]]

 [[11555   170]
  [  164   338]]

 [[11875   111]
  [   81   160]]

 [[12185     9]
  [   17    16]]

 [[11766   117]
  [  105   239]]

 [[11998    38]
  [   64   127]]

 [[12195     0]
  [   16    16]]

 [[11707   136]
  [  116   268]]

 [[12077    32]
  [   31    87]]

 [[11607   184]
  [  128   308]]

 [[12175     4]
  [   12    36]]

 [[11716   109]
  [   65   337]]

 [[12208     2]
  [   12     5]]

 [[12179     6]
  [   22    20]]

 [[12137    12]
  [   12    66]]

 [[12024    31]
  [   22   150]]

 [[12205     2]
  [   12     8]]

 [[11557   171]
  [  190   309]]

 [[12107    20]
  [   30    70]]

 [[12212     4]
  [   11     0]]

 [[12091    33]
  [   29    74]]

 [[12205     4]
  [   13     5]]

 [[12213     4]
  [    9     1]]

 [[12192     1]
  [    1    33]]

 [[11866   130]
  [   89   142]]

 [[12163     6]
  [   19    39]]

 [[12192     5]
  [   28     2]]

 [[12166    13]
  [   31    17]]

 [[12161    16]
  [   43     7]]

 [[12187     6]
  [   13    21]]

 [[12029    43]
  [   50   105]]

 [[12213     0]
  [   14     0]]

 [[11820    93]
  [  101   213]]

 [[12146    18]
  [   58     5]]

 [[11674   245]
  [   90   218]]

 [[12115    44]
  [   35    33]]

 [[12098    63]
  [   36    30]]

 [[12210     3]
  [   12     2]]

 [[12197     5]
  [   16     9]]

 [[12203     6]
  [   18     0]]

 [[12138    29]
  [   50    10]]

 [[11932    90]
  [   65   140]]

 [[12107    43]
  [   53    24]]

 [[12160     8]
  [   19    40]]

 [[12014    74]
  [   74    65]]

 [[12174    11]
  [   10    32]]

 [[11908   144]
  [   89    86]]

 [[12165    19]
  [   31    12]]

 [[12185    16]
  [   19     7]]

 [[12084    37]
  [   63    43]]

 [[12212     1]
  [    9     5]]

 [[11804   181]
  [   74   168]]

 [[11806   112]
  [   73   236]]

 [[12164     5]
  [   24    34]]

 [[12214     2]
  [    9     2]]

 [[11993    47]
  [  119    68]]

 [[12167    14]
  [   35    11]]

 [[12181     6]
  [   31     9]]

 [[12188     7]
  [   20    12]]

 [[11746   192]
  [  103   186]]

 [[12189     7]
  [   28     3]]

 [[12145     8]
  [   17    57]]

 [[12190    10]
  [   18     9]]

 [[12183     7]
  [   20    17]]

 [[12201     2]
  [    4    20]]

 [[12196     6]
  [   25     0]]

 [[12143    19]
  [   29    36]]

 [[12202     3]
  [    9    13]]

 [[12146    17]
  [   24    40]]

 [[12171    16]
  [   31     9]]

 [[12213     2]
  [    2    10]]

 [[12070    43]
  [   33    81]]

 [[12015    51]
  [   33   128]]

 [[12198     5]
  [   16     8]]

 [[12164    11]
  [   22    30]]

 [[12209     3]
  [    3    12]]

 [[12039    65]
  [   38    85]]

 [[12160    25]
  [   19    23]]

 [[11695   102]
  [   45   385]]

 [[12151    11]
  [   19    46]]

 [[12184    12]
  [   14    17]]

 [[12024    30]
  [   57   116]]

 [[12191     5]
  [    2    29]]

 [[12087    23]
  [   23    94]]

 [[12044    47]
  [   20   116]]

 [[12147    18]
  [   24    38]]

 [[11965    38]
  [   31   193]]

 [[12184     8]
  [   10    25]]

 [[12185     5]
  [   13    24]]

 [[12185    11]
  [   15    16]]

 [[12209     3]
  [    3    12]]

 [[12200     6]
  [    5    16]]

 [[12130    24]
  [   16    57]]]

===scores report===
metrics	scores
Accuracy	0.6495
MCC	0.6416
log_loss	1.6624
f1 score weighted	0.6405
f1 score macro	0.5400
f1 score micro	0.6495
roc_auc ovr	0.9675
roc_auc ovo	0.9636
precision	0.6458
recall	0.6495

===Callbacks===

generate_callbacks
[<tensorflow.python.keras.callbacks.EarlyStopping object at 0x7f0dd8510820>, <tensorflow.python.keras.callbacks.ReduceLROnPlateau object at 0x7f0dd8510580>, <tensorflow.python.keras.callbacks.ModelCheckpoint object at 0x7f0dd8510850>]
===SCORING TEST SET ===

model_complete_evaluate
{'self': <deep_ml.DeepML object at 0x7f0dd8510370>, 'x_test': array([[13,  7, 17, ...,  0,  0,  0],
       [13,  1, 11, ...,  0,  0,  0],
       [13,  3, 17, ...,  0,  0,  0],
       ...,
       [13,  1,  8, ...,  0,  0,  0],
       [13,  1, 20, ...,  0,  0,  0],
       [12, 12, 11, ..., 16,  9, 20]], dtype=int8), 'y_test': array([42., 21., 21., ..., 36., 37., 32.], dtype=float32), 'model': None}
report

              precision    recall  f1-score   support

         0.0       0.67      0.75      0.71       357
         1.0       0.12      0.08      0.10        12
         2.0       1.00      0.32      0.48        19
         3.0       0.41      0.38      0.39        80
         4.0       0.27      0.26      0.26        54
         5.0       0.32      0.17      0.22        58
         6.0       0.18      0.11      0.14        44
         7.0       0.66      0.60      0.63        48
         8.0       0.00      0.00      0.00        11
         9.0       0.43      0.29      0.34        21
        10.0       0.00      0.00      0.00        15
        11.0       0.67      0.67      0.67        36
        12.0       0.50      0.08      0.14        12
        13.0       0.62      0.52      0.57        25
        14.0       0.00      0.00      0.00        20
        15.0       0.81      0.57      0.67        23
        16.0       0.56      0.61      0.58        23
        17.0       0.77      0.77      0.77       119
        18.0       0.67      0.47      0.55        17
        19.0       0.20      0.08      0.11        13
        20.0       0.48      0.41      0.44        90
        21.0       0.00      0.00      0.00        12
        22.0       0.70      0.64      0.67        25
        23.0       0.50      0.17      0.25        12
        24.0       0.80      0.18      0.30        22
        25.0       0.61      0.46      0.52        37
        26.0       0.81      0.94      0.87        18
        27.0       0.33      0.09      0.14        35
        28.0       0.50      0.08      0.14        12
        29.0       0.59      0.51      0.55        37
        30.0       0.53      0.53      0.53        32
        31.0       0.66      0.59      0.62        39
        32.0       0.76      0.79      0.77       746
        33.0       0.92      0.82      0.87        74
        34.0       0.92      0.78      0.84        58
        35.0       0.62      0.60      0.61        48
        36.0       0.49      0.67      0.57       502
        37.0       0.59      0.75      0.66       241
        38.0       0.70      0.48      0.57        33
        39.0       0.57      0.64      0.60       344
        40.0       0.72      0.64      0.68       191
        41.0       0.77      0.32      0.45        31
        42.0       0.66      0.67      0.66       384
        43.0       0.73      0.78      0.75       118
        44.0       0.62      0.73      0.67       436
        45.0       0.93      0.77      0.84        48
        46.0       0.80      0.84      0.82       402
        47.0       0.78      0.41      0.54        17
        48.0       0.69      0.69      0.69        42
        49.0       0.79      0.86      0.82        77
        50.0       0.89      0.78      0.84       172
        51.0       0.91      0.50      0.65        20
        52.0       0.62      0.64      0.63       499
        53.0       0.63      0.55      0.58        99
        54.0       0.33      0.18      0.24        11
        55.0       0.71      0.62      0.66       103
        56.0       0.50      0.28      0.36        18
        57.0       0.00      0.00      0.00        11
        58.0       0.94      0.88      0.91        34
        59.0       0.40      0.62      0.49       231
        60.0       0.84      0.71      0.77        58
        61.0       1.00      0.03      0.06        30
        62.0       0.27      0.29      0.28        48
        63.0       0.18      0.08      0.11        49
        64.0       0.95      0.59      0.73        34
        65.0       0.70      0.66      0.68       154
        66.0       0.00      0.00      0.00        14
        67.0       0.48      0.53      0.50       314
        68.0       0.09      0.03      0.05        63
        69.0       0.47      0.62      0.53       308
        70.0       0.42      0.39      0.40        69
        71.0       0.26      0.38      0.31        66
        72.0       0.00      0.00      0.00        14
        73.0       0.44      0.44      0.44        25
        74.0       0.00      0.00      0.00        18
        75.0       0.33      0.19      0.24        59
        76.0       0.59      0.60      0.59       205
        77.0       0.39      0.31      0.35        77
        78.0       0.72      0.39      0.51        59
        79.0       0.41      0.47      0.44       139
        80.0       0.72      0.76      0.74        41
        81.0       0.29      0.43      0.35       175
        82.0       0.42      0.40      0.41        43
        83.0       0.33      0.12      0.17        26
        84.0       0.47      0.44      0.45       105
        85.0       0.67      0.43      0.52        14
        86.0       0.62      0.64      0.63       242
        87.0       0.80      0.69      0.74       309
        88.0       0.66      0.64      0.65        58
        89.0       0.60      0.27      0.37        11
        90.0       0.48      0.48      0.48       187
        91.0       0.45      0.22      0.29        46
        92.0       0.14      0.03      0.04        40
        93.0       0.78      0.42      0.55        33
        94.0       0.52      0.63      0.57       289
        95.0       0.14      0.09      0.11        32
        96.0       0.78      0.62      0.69        74
        97.0       0.47      0.26      0.33        27
        98.0       0.76      0.51      0.61        37
        99.0       0.86      0.75      0.80        24
       100.0       0.25      0.04      0.07        26
       101.0       0.41      0.28      0.33        65
       102.0       0.80      0.18      0.30        22
       103.0       0.61      0.72      0.66        64
       104.0       0.42      0.12      0.19        40
       105.0       0.91      0.77      0.83        13
       106.0       0.65      0.77      0.71       113
       107.0       0.83      0.75      0.79       162
       108.0       0.77      0.42      0.54        24
       109.0       0.60      0.69      0.64        52
       110.0       0.65      0.73      0.69        15
       111.0       0.77      0.70      0.74       123
       112.0       0.41      0.32      0.36        41
       113.0       0.87      0.87      0.87       430
       114.0       0.65      0.75      0.70        65
       115.0       0.65      0.65      0.65        31
       116.0       0.79      0.74      0.76       173
       117.0       0.67      0.67      0.67        30
       118.0       0.77      0.80      0.78       118
       119.0       0.77      0.78      0.78       136
       120.0       0.70      0.66      0.68        61
       121.0       0.77      0.84      0.80       225
       122.0       0.91      0.89      0.90        35
       123.0       0.78      0.66      0.71        38
       124.0       0.72      0.74      0.73        31
       125.0       0.71      0.62      0.67        16
       126.0       0.67      0.67      0.67        21
       127.0       0.70      0.74      0.72        73

    accuracy                           0.63     12227
   macro avg       0.57      0.48      0.50     12227
weighted avg       0.62      0.63      0.62     12227


===confusion_matrix===

[[269   0   0 ...   0   0   0]
 [  1   1   0 ...   0   0   0]
 [  0   0   6 ...   0   0   0]
 ...
 [  0   0   0 ...  10   0   1]
 [  0   0   0 ...   0  14   2]
 [  0   0   0 ...   2   4  54]]

===multilabel confusion matrix===

[[[11738   132]
  [   88   269]]

 [[12208     7]
  [   11     1]]

 [[12208     0]
  [   13     6]]

 [[12104    43]
  [   50    30]]

 [[12135    38]
  [   40    14]]

 [[12148    21]
  [   48    10]]

 [[12160    23]
  [   39     5]]

 [[12164    15]
  [   19    29]]

 [[12216     0]
  [   11     0]]

 [[12198     8]
  [   15     6]]

 [[12211     1]
  [   15     0]]

 [[12179    12]
  [   12    24]]

 [[12214     1]
  [   11     1]]

 [[12194     8]
  [   12    13]]

 [[12206     1]
  [   20     0]]

 [[12201     3]
  [   10    13]]

 [[12193    11]
  [    9    14]]

 [[12081    27]
  [   27    92]]

 [[12206     4]
  [    9     8]]

 [[12210     4]
  [   12     1]]

 [[12097    40]
  [   53    37]]

 [[12215     0]
  [   12     0]]

 [[12195     7]
  [    9    16]]

 [[12213     2]
  [   10     2]]

 [[12204     1]
  [   18     4]]

 [[12179    11]
  [   20    17]]

 [[12205     4]
  [    1    17]]

 [[12186     6]
  [   32     3]]

 [[12214     1]
  [   11     1]]

 [[12177    13]
  [   18    19]]

 [[12180    15]
  [   15    17]]

 [[12176    12]
  [   16    23]]

 [[11294   187]
  [  159   587]]

 [[12148     5]
  [   13    61]]

 [[12165     4]
  [   13    45]]

 [[12161    18]
  [   19    29]]

 [[11380   345]
  [  165   337]]

 [[11860   126]
  [   61   180]]

 [[12187     7]
  [   17    16]]

 [[11719   164]
  [  124   220]]

 [[11987    49]
  [   68   123]]

 [[12193     3]
  [   21    10]]

 [[11708   135]
  [  127   257]]

 [[12075    34]
  [   26    92]]

 [[11596   195]
  [  118   318]]

 [[12176     3]
  [   11    37]]

 [[11741    84]
  [   63   339]]

 [[12208     2]
  [   10     7]]

 [[12172    13]
  [   13    29]]

 [[12132    18]
  [   11    66]]

 [[12039    16]
  [   37   135]]

 [[12206     1]
  [   10    10]]

 [[11535   193]
  [  180   319]]

 [[12096    32]
  [   45    54]]

 [[12212     4]
  [    9     2]]

 [[12098    26]
  [   39    64]]

 [[12204     5]
  [   13     5]]

 [[12216     0]
  [   11     0]]

 [[12191     2]
  [    4    30]]

 [[11781   215]
  [   87   144]]

 [[12161     8]
  [   17    41]]

 [[12197     0]
  [   29     1]]

 [[12141    38]
  [   34    14]]

 [[12160    18]
  [   45     4]]

 [[12192     1]
  [   14    20]]

 [[12030    43]
  [   53   101]]

 [[12213     0]
  [   14     0]]

 [[11736   177]
  [  149   165]]

 [[12144    20]
  [   61     2]]

 [[11705   214]
  [  118   190]]

 [[12120    38]
  [   42    27]]

 [[12091    70]
  [   41    25]]

 [[12212     1]
  [   14     0]]

 [[12188    14]
  [   14    11]]

 [[12207     2]
  [   18     0]]

 [[12146    22]
  [   48    11]]

 [[11936    86]
  [   82   123]]

 [[12113    37]
  [   53    24]]

 [[12159     9]
  [   36    23]]

 [[11994    94]
  [   73    66]]

 [[12174    12]
  [   10    31]]

 [[11867   185]
  [   99    76]]

 [[12161    23]
  [   26    17]]

 [[12195     6]
  [   23     3]]

 [[12070    52]
  [   59    46]]

 [[12210     3]
  [    8     6]]

 [[11889    96]
  [   86   156]]

 [[11864    54]
  [   97   212]]

 [[12150    19]
  [   21    37]]

 [[12214     2]
  [    8     3]]

 [[11944    96]
  [   98    89]]

 [[12169    12]
  [   36    10]]

 [[12181     6]
  [   39     1]]

 [[12190     4]
  [   19    14]]

 [[11773   165]
  [  107   182]]

 [[12177    18]
  [   29     3]]

 [[12140    13]
  [   28    46]]

 [[12192     8]
  [   20     7]]

 [[12184     6]
  [   18    19]]

 [[12200     3]
  [    6    18]]

 [[12198     3]
  [   25     1]]

 [[12136    26]
  [   47    18]]

 [[12204     1]
  [   18     4]]

 [[12133    30]
  [   18    46]]

 [[12180     7]
  [   35     5]]

 [[12213     1]
  [    3    10]]

 [[12068    46]
  [   26    87]]

 [[12041    24]
  [   41   121]]

 [[12200     3]
  [   14    10]]

 [[12151    24]
  [   16    36]]

 [[12206     6]
  [    4    11]]

 [[12079    25]
  [   37    86]]

 [[12167    19]
  [   28    13]]

 [[11743    54]
  [   54   376]]

 [[12136    26]
  [   16    49]]

 [[12185    11]
  [   11    20]]

 [[12019    35]
  [   45   128]]

 [[12187    10]
  [   10    20]]

 [[12081    28]
  [   24    94]]

 [[12060    31]
  [   30   106]]

 [[12149    17]
  [   21    40]]

 [[11946    56]
  [   36   189]]

 [[12189     3]
  [    4    31]]

 [[12182     7]
  [   13    25]]

 [[12187     9]
  [    8    23]]

 [[12207     4]
  [    6    10]]

 [[12199     7]
  [    7    14]]

 [[12131    23]
  [   19    54]]]

===scores report===
metrics	scores
Accuracy	0.6264
MCC	0.6179
log_loss	1.7649
f1 score weighted	0.6173
f1 score macro	0.5046
f1 score micro	0.6264
roc_auc ovr	0.9638
roc_auc ovo	0.9587
precision	0.6250
recall	0.6264

===Callbacks===

generate_callbacks
[<tensorflow.python.keras.callbacks.EarlyStopping object at 0x7f0dd8510820>, <tensorflow.python.keras.callbacks.ReduceLROnPlateau object at 0x7f0dd8510580>, <tensorflow.python.keras.callbacks.ModelCheckpoint object at 0x7f0dd8510850>]
===SCORING TEST SET ===

model_complete_evaluate
{'self': <deep_ml.DeepML object at 0x7f0dd8510370>, 'x_test': array([[13,  1,  1, ...,  0,  0,  0],
       [13, 16,  7, ...,  0,  0,  0],
       [13, 16, 16, ...,  0,  0,  0],
       ...,
       [13, 16, 16, ...,  0,  0,  0],
       [ 6, 17,  1, ...,  4,  6, 11],
       [13,  6, 12, ...,  0,  0,  0]], dtype=int8), 'y_test': array([42., 42., 42., ..., 88., 87., 37.], dtype=float32), 'model': None}
report

              precision    recall  f1-score   support

         0.0       0.72      0.75      0.73       357
         1.0       0.67      0.31      0.42        13
         2.0       0.14      0.05      0.08        19
         3.0       0.49      0.38      0.43        79
         4.0       0.22      0.18      0.20        55
         5.0       0.05      0.03      0.04        59
         6.0       0.31      0.20      0.25        44
         7.0       0.60      0.44      0.51        48
         8.0       0.00      0.00      0.00        10
         9.0       0.44      0.19      0.27        21
        10.0       0.57      0.27      0.36        15
        11.0       0.74      0.72      0.73        36
        12.0       0.60      0.25      0.35        12
        13.0       0.78      0.72      0.75        25
        14.0       0.67      0.10      0.17        20
        15.0       0.50      0.45      0.48        22
        16.0       0.73      0.70      0.71        23
        17.0       0.76      0.79      0.78       118
        18.0       0.60      0.33      0.43        18
        19.0       0.00      0.00      0.00        13
        20.0       0.44      0.38      0.41        89
        21.0       1.00      0.08      0.15        12
        22.0       0.79      0.62      0.70        24
        23.0       0.50      0.08      0.14        12
        24.0       0.29      0.09      0.13        23
        25.0       0.82      0.38      0.52        37
        26.0       1.00      0.82      0.90        17
        27.0       0.25      0.06      0.09        36
        28.0       0.00      0.00      0.00        12
        29.0       0.74      0.46      0.57        37
        30.0       0.60      0.56      0.58        32
        31.0       0.76      0.64      0.69        39
        32.0       0.83      0.81      0.82       746
        33.0       0.87      0.82      0.85        74
        34.0       0.70      0.81      0.75        58
        35.0       0.76      0.58      0.66        48
        36.0       0.52      0.71      0.60       502
        37.0       0.58      0.72      0.64       240
        38.0       0.64      0.64      0.64        33
        39.0       0.65      0.69      0.67       344
        40.0       0.75      0.69      0.72       191
        41.0       0.71      0.39      0.50        31
        42.0       0.72      0.71      0.71       384
        43.0       0.69      0.74      0.71       117
        44.0       0.58      0.71      0.64       436
        45.0       0.78      0.71      0.74        49
        46.0       0.77      0.83      0.80       402
        47.0       1.00      0.12      0.21        17
        48.0       0.68      0.60      0.63        42
        49.0       0.84      0.88      0.86        77
        50.0       0.91      0.91      0.91       172
        51.0       0.80      0.21      0.33        19
        52.0       0.63      0.61      0.62       499
        53.0       0.74      0.68      0.71        99
        54.0       0.50      0.09      0.15        11
        55.0       0.65      0.73      0.69       103
        56.0       1.00      0.17      0.29        18
        57.0       0.00      0.00      0.00        11
        58.0       0.97      0.86      0.91        35
        59.0       0.45      0.62      0.52       231
        60.0       0.86      0.77      0.81        57
        61.0       0.00      0.00      0.00        29
        62.0       0.44      0.31      0.37        48
        63.0       0.31      0.16      0.21        49
        64.0       0.90      0.53      0.67        34
        65.0       0.70      0.69      0.69       155
        66.0       0.50      0.07      0.12        14
        67.0       0.48      0.65      0.55       315
        68.0       0.30      0.10      0.14        63
        69.0       0.50      0.69      0.58       307
        70.0       0.66      0.28      0.39        69
        71.0       0.47      0.38      0.42        66
        72.0       0.33      0.07      0.11        15
        73.0       0.60      0.24      0.34        25
        74.0       0.00      0.00      0.00        18
        75.0       0.19      0.08      0.12        59
        76.0       0.55      0.71      0.62       206
        77.0       0.39      0.37      0.38        76
        78.0       0.71      0.58      0.64        59
        79.0       0.46      0.45      0.45       140
        80.0       0.65      0.81      0.72        42
        81.0       0.39      0.45      0.42       175
        82.0       0.34      0.26      0.29        43
        83.0       0.33      0.08      0.13        25
        84.0       0.44      0.41      0.42       105
        85.0       0.83      0.36      0.50        14
        86.0       0.51      0.71      0.59       242
        87.0       0.66      0.77      0.71       310
        88.0       0.77      0.51      0.61        59
        89.0       0.33      0.09      0.14        11
        90.0       0.48      0.54      0.51       187
        91.0       0.48      0.30      0.37        46
        92.0       0.27      0.10      0.15        40
        93.0       0.50      0.18      0.27        33
        94.0       0.52      0.61      0.56       289
        95.0       0.17      0.03      0.05        32
        96.0       0.80      0.71      0.75        75
        97.0       0.42      0.29      0.34        28
        98.0       0.88      0.41      0.56        37
        99.0       0.83      0.83      0.83        23
       100.0       0.12      0.04      0.06        25
       101.0       0.52      0.35      0.42        66
       102.0       0.83      0.71      0.77        21
       103.0       0.72      0.65      0.68        65
       104.0       0.42      0.28      0.33        40
       105.0       0.75      0.75      0.75        12
       106.0       0.77      0.71      0.74       113
       107.0       0.77      0.73      0.75       162
       108.0       0.38      0.12      0.19        24
       109.0       0.70      0.74      0.72        53
       110.0       0.62      0.57      0.59        14
       111.0       0.59      0.56      0.58       123
       112.0       0.54      0.51      0.53        41
       113.0       0.88      0.85      0.87       429
       114.0       0.71      0.68      0.69        65
       115.0       0.95      0.61      0.75        31
       116.0       0.78      0.79      0.79       173
       117.0       0.86      0.83      0.85        30
       118.0       0.79      0.79      0.79       117
       119.0       0.82      0.83      0.83       136
       120.0       0.67      0.66      0.66        61
       121.0       0.81      0.87      0.84       225
       122.0       0.84      0.74      0.79        35
       123.0       0.83      0.66      0.74        38
       124.0       0.60      0.50      0.55        30
       125.0       0.80      0.75      0.77        16
       126.0       0.65      0.59      0.62        22
       127.0       0.69      0.85      0.76        73

    accuracy                           0.64     12226
   macro avg       0.59      0.48      0.51     12226
weighted avg       0.64      0.64      0.63     12226


===confusion_matrix===

[[267   0   0 ...   0   0   1]
 [  1   4   0 ...   0   0   0]
 [  0   0   1 ...   0   0   0]
 ...
 [  0   0   0 ...  12   1   2]
 [  0   0   0 ...   0  13   6]
 [  0   0   0 ...   1   2  62]]

===multilabel confusion matrix===

[[[11764   105]
  [   90   267]]

 [[12211     2]
  [    9     4]]

 [[12201     6]
  [   18     1]]

 [[12116    31]
  [   49    30]]

 [[12136    35]
  [   45    10]]

 [[12131    36]
  [   57     2]]

 [[12162    20]
  [   35     9]]

 [[12164    14]
  [   27    21]]

 [[12216     0]
  [   10     0]]

 [[12200     5]
  [   17     4]]

 [[12208     3]
  [   11     4]]

 [[12181     9]
  [   10    26]]

 [[12212     2]
  [    9     3]]

 [[12196     5]
  [    7    18]]

 [[12205     1]
  [   18     2]]

 [[12194    10]
  [   12    10]]

 [[12197     6]
  [    7    16]]

 [[12079    29]
  [   25    93]]

 [[12204     4]
  [   12     6]]

 [[12211     2]
  [   13     0]]

 [[12094    43]
  [   55    34]]

 [[12214     0]
  [   11     1]]

 [[12198     4]
  [    9    15]]

 [[12213     1]
  [   11     1]]

 [[12198     5]
  [   21     2]]

 [[12186     3]
  [   23    14]]

 [[12209     0]
  [    3    14]]

 [[12184     6]
  [   34     2]]

 [[12214     0]
  [   12     0]]

 [[12183     6]
  [   20    17]]

 [[12182    12]
  [   14    18]]

 [[12179     8]
  [   14    25]]

 [[11358   122]
  [  144   602]]

 [[12143     9]
  [   13    61]]

 [[12148    20]
  [   11    47]]

 [[12169     9]
  [   20    28]]

 [[11395   329]
  [  144   358]]

 [[11859   127]
  [   67   173]]

 [[12181    12]
  [   12    21]]

 [[11756   126]
  [  106   238]]

 [[11990    45]
  [   59   132]]

 [[12190     5]
  [   19    12]]

 [[11735   107]
  [  113   271]]

 [[12069    40]
  [   30    87]]

 [[11570   220]
  [  126   310]]

 [[12167    10]
  [   14    35]]

 [[11724   100]
  [   67   335]]

 [[12209     0]
  [   15     2]]

 [[12172    12]
  [   17    25]]

 [[12136    13]
  [    9    68]]

 [[12038    16]
  [   15   157]]

 [[12206     1]
  [   15     4]]

 [[11545   182]
  [  193   306]]

 [[12104    23]
  [   32    67]]

 [[12214     1]
  [   10     1]]

 [[12083    40]
  [   28    75]]

 [[12208     0]
  [   15     3]]

 [[12213     2]
  [   11     0]]

 [[12190     1]
  [    5    30]]

 [[11819   176]
  [   88   143]]

 [[12162     7]
  [   13    44]]

 [[12189     8]
  [   29     0]]

 [[12159    19]
  [   33    15]]

 [[12159    18]
  [   41     8]]

 [[12190     2]
  [   16    18]]

 [[12025    46]
  [   48   107]]

 [[12211     1]
  [   13     1]]

 [[11688   223]
  [  110   205]]

 [[12149    14]
  [   57     6]]

 [[11705   214]
  [   96   211]]

 [[12147    10]
  [   50    19]]

 [[12132    28]
  [   41    25]]

 [[12209     2]
  [   14     1]]

 [[12197     4]
  [   19     6]]

 [[12208     0]
  [   18     0]]

 [[12145    22]
  [   54     5]]

 [[11901   119]
  [   59   147]]

 [[12106    44]
  [   48    28]]

 [[12153    14]
  [   25    34]]

 [[12012    74]
  [   77    63]]

 [[12166    18]
  [    8    34]]

 [[11925   126]
  [   96    79]]

 [[12162    21]
  [   32    11]]

 [[12197     4]
  [   23     2]]

 [[12066    55]
  [   62    43]]

 [[12211     1]
  [    9     5]]

 [[11820   164]
  [   71   171]]

 [[11795   121]
  [   71   239]]

 [[12158     9]
  [   29    30]]

 [[12213     2]
  [   10     1]]

 [[11930   109]
  [   86   101]]

 [[12165    15]
  [   32    14]]

 [[12175    11]
  [   36     4]]

 [[12187     6]
  [   27     6]]

 [[11775   162]
  [  113   176]]

 [[12189     5]
  [   31     1]]

 [[12138    13]
  [   22    53]]

 [[12187    11]
  [   20     8]]

 [[12187     2]
  [   22    15]]

 [[12199     4]
  [    4    19]]

 [[12194     7]
  [   24     1]]

 [[12139    21]
  [   43    23]]

 [[12202     3]
  [    6    15]]

 [[12145    16]
  [   23    42]]

 [[12171    15]
  [   29    11]]

 [[12211     3]
  [    3     9]]

 [[12089    24]
  [   33    80]]

 [[12029    35]
  [   44   118]]

 [[12197     5]
  [   21     3]]

 [[12156    17]
  [   14    39]]

 [[12207     5]
  [    6     8]]

 [[12056    47]
  [   54    69]]

 [[12167    18]
  [   20    21]]

 [[11749    48]
  [   63   366]]

 [[12143    18]
  [   21    44]]

 [[12194     1]
  [   12    19]]

 [[12014    39]
  [   36   137]]

 [[12192     4]
  [    5    25]]

 [[12085    24]
  [   25    92]]

 [[12066    24]
  [   23   113]]

 [[12145    20]
  [   21    40]]

 [[11955    46]
  [   29   196]]

 [[12186     5]
  [    9    26]]

 [[12183     5]
  [   13    25]]

 [[12186    10]
  [   15    15]]

 [[12207     3]
  [    4    12]]

 [[12197     7]
  [    9    13]]

 [[12125    28]
  [   11    62]]]

===scores report===
metrics	scores
Accuracy	0.6412
MCC	0.6331
log_loss	1.7225
f1 score weighted	0.6292
f1 score macro	0.5062
f1 score micro	0.6412
roc_auc ovr	0.9657
roc_auc ovo	0.9587
precision	0.6373
recall	0.6412

===Callbacks===

generate_callbacks
[<tensorflow.python.keras.callbacks.EarlyStopping object at 0x7f0dd8510820>, <tensorflow.python.keras.callbacks.ReduceLROnPlateau object at 0x7f0dd8510580>, <tensorflow.python.keras.callbacks.ModelCheckpoint object at 0x7f0dd8510850>]
===SCORING TEST SET ===

model_complete_evaluate
{'self': <deep_ml.DeepML object at 0x7f0dd8510370>, 'x_test': array([[13, 12, 12, ...,  0,  0,  0],
       [13,  3, 10, ...,  0,  0,  0],
       [13,  3, 12, ...,  0,  0,  0],
       ...,
       [17, 12, 15, ...,  3,  9, 11],
       [20,  6, 15, ...,  4,  2,  3],
       [ 8, 15, 15, ...,  9, 17, 11]], dtype=int8), 'y_test': array([42., 42., 21., ..., 32., 70., 87.], dtype=float32), 'model': None}
report

              precision    recall  f1-score   support

         0.0       0.68      0.80      0.74       358
         1.0       0.80      0.33      0.47        12
         2.0       0.00      0.00      0.00        18
         3.0       0.55      0.39      0.46        79
         4.0       0.17      0.24      0.20        55
         5.0       0.18      0.12      0.14        58
         6.0       0.47      0.18      0.26        45
         7.0       0.66      0.40      0.50        47
         8.0       0.00      0.00      0.00        10
         9.0       0.58      0.52      0.55        21
        10.0       0.67      0.27      0.38        15
        11.0       0.87      0.72      0.79        36
        12.0       0.67      0.17      0.27        12
        13.0       0.85      0.44      0.58        25
        14.0       0.50      0.05      0.09        20
        15.0       1.00      0.77      0.87        22
        16.0       0.46      0.52      0.49        23
        17.0       0.90      0.71      0.80       118
        18.0       0.67      0.33      0.44        18
        19.0       0.00      0.00      0.00        13
        20.0       0.47      0.19      0.27        89
        21.0       0.67      0.15      0.25        13
        22.0       0.94      0.64      0.76        25
        23.0       1.00      0.17      0.29        12
        24.0       1.00      0.13      0.23        23
        25.0       0.90      0.49      0.63        37
        26.0       0.93      0.76      0.84        17
        27.0       0.67      0.06      0.10        36
        28.0       0.50      0.08      0.14        12
        29.0       0.52      0.36      0.43        36
        30.0       0.70      0.66      0.68        32
        31.0       0.86      0.77      0.81        39
        32.0       0.77      0.79      0.78       747
        33.0       0.75      0.68      0.71        74
        34.0       0.74      0.83      0.78        58
        35.0       0.64      0.53      0.58        47
        36.0       0.76      0.56      0.64       502
        37.0       0.79      0.56      0.65       240
        38.0       0.44      0.44      0.44        34
        39.0       0.54      0.74      0.63       344
        40.0       0.61      0.72      0.66       191
        41.0       0.94      0.47      0.62        32
        42.0       0.51      0.73      0.60       384
        43.0       0.66      0.80      0.73       117
        44.0       0.80      0.61      0.69       437
        45.0       0.76      0.71      0.74        49
        46.0       0.80      0.83      0.81       401
        47.0       0.83      0.29      0.43        17
        48.0       0.88      0.33      0.48        42
        49.0       0.88      0.78      0.83        77
        50.0       0.76      0.81      0.79       171
        51.0       0.73      0.40      0.52        20
        52.0       0.54      0.68      0.60       499
        53.0       0.64      0.58      0.61       100
        54.0       0.00      0.00      0.00        11
        55.0       0.90      0.68      0.78       104
        56.0       0.20      0.11      0.14        19
        57.0       0.00      0.00      0.00        11
        58.0       0.97      0.91      0.94        35
        59.0       0.66      0.47      0.55       230
        60.0       0.85      0.69      0.76        58
        61.0       0.11      0.10      0.11        29
        62.0       0.53      0.20      0.29        49
        63.0       0.12      0.12      0.12        50
        64.0       0.79      0.65      0.71        34
        65.0       0.78      0.72      0.75       155
        66.0       0.00      0.00      0.00        14
        67.0       0.61      0.64      0.63       314
        68.0       0.10      0.06      0.08        62
        69.0       0.42      0.66      0.51       307
        70.0       0.72      0.26      0.39        68
        71.0       0.40      0.29      0.34        66
        72.0       0.00      0.00      0.00        15
        73.0       0.89      0.32      0.47        25
        74.0       0.00      0.00      0.00        19
        75.0       0.24      0.15      0.19        59
        76.0       0.74      0.67      0.70       206
        77.0       0.57      0.35      0.44        77
        78.0       0.78      0.47      0.59        59
        79.0       0.48      0.48      0.48       139
        80.0       0.81      0.52      0.64        42
        81.0       0.25      0.42      0.31       174
        82.0       0.60      0.21      0.31        43
        83.0       0.29      0.28      0.29        25
        84.0       0.52      0.34      0.41       105
        85.0       0.73      0.53      0.62        15
        86.0       0.57      0.60      0.58       242
        87.0       0.86      0.68      0.76       309
        88.0       0.76      0.49      0.60        59
        89.0       0.40      0.18      0.25        11
        90.0       0.29      0.57      0.38       188
        91.0       0.57      0.28      0.37        47
        92.0       0.14      0.03      0.04        40
        93.0       0.37      0.55      0.44        33
        94.0       0.42      0.65      0.51       288
        95.0       0.00      0.00      0.00        32
        96.0       0.53      0.81      0.64        75
        97.0       0.50      0.04      0.07        27
        98.0       0.71      0.53      0.61        38
        99.0       0.73      0.96      0.83        23
       100.0       0.33      0.04      0.07        25
       101.0       0.36      0.41      0.39        66
       102.0       0.85      0.77      0.81        22
       103.0       0.79      0.52      0.62        64
       104.0       0.38      0.26      0.31        39
       105.0       1.00      0.75      0.86        12
       106.0       0.46      0.77      0.57       113
       107.0       0.60      0.72      0.65       161
       108.0       0.62      0.35      0.44        23
       109.0       0.90      0.53      0.67        53
       110.0       0.71      0.71      0.71        14
       111.0       0.51      0.60      0.55       123
       112.0       0.71      0.29      0.41        41
       113.0       0.65      0.91      0.76       429
       114.0       0.80      0.63      0.71        65
       115.0       0.45      0.55      0.49        31
       116.0       0.69      0.75      0.72       173
       117.0       0.93      0.90      0.92        31
       118.0       0.84      0.74      0.79       117
       119.0       0.69      0.71      0.70       135
       120.0       0.92      0.55      0.69        62
       121.0       0.73      0.82      0.77       224
       122.0       0.90      0.74      0.81        35
       123.0       0.76      0.59      0.67        37
       124.0       0.70      0.47      0.56        30
       125.0       0.83      0.62      0.71        16
       126.0       0.93      0.59      0.72        22
       127.0       0.67      0.88      0.76        73

    accuracy                           0.62     12226
   macro avg       0.60      0.47      0.50     12226
weighted avg       0.64      0.62      0.61     12226


===confusion_matrix===

[[287   0   0 ...   0   0   0]
 [  0   4   0 ...   0   0   0]
 [  0   0   0 ...   0   0   0]
 ...
 [  0   0   0 ...  10   0   2]
 [  0   0   0 ...   0  13   9]
 [  0   0   0 ...   0   1  64]]

===multilabel confusion matrix===

[[[11734   134]
  [   71   287]]

 [[12213     1]
  [    8     4]]

 [[12207     1]
  [   18     0]]

 [[12122    25]
  [   48    31]]

 [[12106    65]
  [   42    13]]

 [[12136    32]
  [   51     7]]

 [[12172     9]
  [   37     8]]

 [[12169    10]
  [   28    19]]

 [[12216     0]
  [   10     0]]

 [[12197     8]
  [   10    11]]

 [[12209     2]
  [   11     4]]

 [[12186     4]
  [   10    26]]

 [[12213     1]
  [   10     2]]

 [[12199     2]
  [   14    11]]

 [[12205     1]
  [   19     1]]

 [[12204     0]
  [    5    17]]

 [[12189    14]
  [   11    12]]

 [[12099     9]
  [   34    84]]

 [[12205     3]
  [   12     6]]

 [[12213     0]
  [   13     0]]

 [[12118    19]
  [   72    17]]

 [[12212     1]
  [   11     2]]

 [[12200     1]
  [    9    16]]

 [[12214     0]
  [   10     2]]

 [[12203     0]
  [   20     3]]

 [[12187     2]
  [   19    18]]

 [[12208     1]
  [    4    13]]

 [[12189     1]
  [   34     2]]

 [[12213     1]
  [   11     1]]

 [[12178    12]
  [   23    13]]

 [[12185     9]
  [   11    21]]

 [[12182     5]
  [    9    30]]

 [[11304   175]
  [  157   590]]

 [[12135    17]
  [   24    50]]

 [[12151    17]
  [   10    48]]

 [[12165    14]
  [   22    25]]

 [[11634    90]
  [  221   281]]

 [[11950    36]
  [  106   134]]

 [[12173    19]
  [   19    15]]

 [[11668   214]
  [   88   256]]

 [[11946    89]
  [   53   138]]

 [[12193     1]
  [   17    15]]

 [[11569   273]
  [  105   279]]

 [[12061    48]
  [   23    94]]

 [[11724    65]
  [  170   267]]

 [[12166    11]
  [   14    35]]

 [[11742    83]
  [   70   331]]

 [[12208     1]
  [   12     5]]

 [[12182     2]
  [   28    14]]

 [[12141     8]
  [   17    60]]

 [[12012    43]
  [   32   139]]

 [[12203     3]
  [   12     8]]

 [[11440   287]
  [  162   337]]

 [[12094    32]
  [   42    58]]

 [[12214     1]
  [   11     0]]

 [[12114     8]
  [   33    71]]

 [[12199     8]
  [   17     2]]

 [[12214     1]
  [   11     0]]

 [[12190     1]
  [    3    32]]

 [[11942    54]
  [  123   107]]

 [[12161     7]
  [   18    40]]

 [[12172    25]
  [   26     3]]

 [[12168     9]
  [   39    10]]

 [[12134    42]
  [   44     6]]

 [[12186     6]
  [   12    22]]

 [[12040    31]
  [   44   111]]

 [[12212     0]
  [   14     0]]

 [[11784   128]
  [  113   201]]

 [[12128    36]
  [   58     4]]

 [[11636   283]
  [  104   203]]

 [[12151     7]
  [   50    18]]

 [[12132    28]
  [   47    19]]

 [[12211     0]
  [   15     0]]

 [[12200     1]
  [   17     8]]

 [[12206     1]
  [   19     0]]

 [[12139    28]
  [   50     9]]

 [[11972    48]
  [   68   138]]

 [[12129    20]
  [   50    27]]

 [[12159     8]
  [   31    28]]

 [[12014    73]
  [   72    67]]

 [[12179     5]
  [   20    22]]

 [[11828   224]
  [  101    73]]

 [[12177     6]
  [   34     9]]

 [[12184    17]
  [   18     7]]

 [[12088    33]
  [   69    36]]

 [[12208     3]
  [    7     8]]

 [[11875   109]
  [   98   144]]

 [[11882    35]
  [   99   210]]

 [[12158     9]
  [   30    29]]

 [[12212     3]
  [    9     2]]

 [[11768   270]
  [   80   108]]

 [[12169    10]
  [   34    13]]

 [[12180     6]
  [   39     1]]

 [[12162    31]
  [   15    18]]

 [[11676   262]
  [  102   186]]

 [[12191     3]
  [   32     0]]

 [[12097    54]
  [   14    61]]

 [[12198     1]
  [   26     1]]

 [[12180     8]
  [   18    20]]

 [[12195     8]
  [    1    22]]

 [[12199     2]
  [   24     1]]

 [[12113    47]
  [   39    27]]

 [[12201     3]
  [    5    17]]

 [[12153     9]
  [   31    33]]

 [[12171    16]
  [   29    10]]

 [[12214     0]
  [    3     9]]

 [[12009   104]
  [   26    87]]

 [[11987    78]
  [   45   116]]

 [[12198     5]
  [   15     8]]

 [[12170     3]
  [   25    28]]

 [[12208     4]
  [    4    10]]

 [[12033    70]
  [   49    74]]

 [[12180     5]
  [   29    12]]

 [[11585   212]
  [   38   391]]

 [[12151    10]
  [   24    41]]

 [[12174    21]
  [   14    17]]

 [[11995    58]
  [   43   130]]

 [[12193     2]
  [    3    28]]

 [[12093    16]
  [   30    87]]

 [[12047    44]
  [   39    96]]

 [[12161     3]
  [   28    34]]

 [[11935    67]
  [   40   184]]

 [[12188     3]
  [    9    26]]

 [[12182     7]
  [   15    22]]

 [[12190     6]
  [   16    14]]

 [[12208     2]
  [    6    10]]

 [[12203     1]
  [    9    13]]

 [[12122    31]
  [    9    64]]]

===scores report===
metrics	scores
Accuracy	0.6171
MCC	0.6088
log_loss	1.8206
f1 score weighted	0.6093
f1 score macro	0.5019
f1 score micro	0.6171
roc_auc ovr	0.9637
roc_auc ovo	0.9593
precision	0.6374
recall	0.6171

===Callbacks===

generate_callbacks
[<tensorflow.python.keras.callbacks.EarlyStopping object at 0x7f0dd8510820>, <tensorflow.python.keras.callbacks.ReduceLROnPlateau object at 0x7f0dd8510580>, <tensorflow.python.keras.callbacks.ModelCheckpoint object at 0x7f0dd8510850>]
===SCORING TEST SET ===

model_complete_evaluate
{'self': <deep_ml.DeepML object at 0x7f0dd8510370>, 'x_test': array([[13, 17, 12, ...,  0,  0,  0],
       [13,  4, 12, ...,  0,  0,  0],
       [13,  7,  1, ...,  0,  0,  0],
       ...,
       [20, 19, 11, ...,  1, 19,  5],
       [20, 20, 20, ...,  1,  7,  1],
       [11, 11,  2, ...,  1, 16,  1]], dtype=int8), 'y_test': array([ 42.,  42.,  42., ...,  58.,  76., 125.], dtype=float32), 'model': None}
report

              precision    recall  f1-score   support

         0.0       0.53      0.84      0.65       358
         1.0       0.50      0.25      0.33        12
         2.0       1.00      0.11      0.19        19
         3.0       0.28      0.25      0.26        79
         4.0       0.35      0.13      0.19        55
         5.0       0.43      0.05      0.09        58
         6.0       0.21      0.13      0.16        45
         7.0       0.72      0.49      0.58        47
         8.0       0.00      0.00      0.00        10
         9.0       0.00      0.00      0.00        21
        10.0       0.00      0.00      0.00        15
        11.0       0.74      0.64      0.69        36
        12.0       0.00      0.00      0.00        12
        13.0       0.71      0.48      0.57        25
        14.0       0.50      0.16      0.24        19
        15.0       0.87      0.59      0.70        22
        16.0       0.56      0.43      0.49        23
        17.0       0.67      0.75      0.70       118
        18.0       0.80      0.44      0.57        18
        19.0       0.00      0.00      0.00        12
        20.0       0.23      0.14      0.18        90
        21.0       1.00      0.23      0.38        13
        22.0       1.00      0.68      0.81        25
        23.0       0.40      0.15      0.22        13
        24.0       0.40      0.09      0.15        22
        25.0       0.68      0.45      0.54        38
        26.0       0.94      0.88      0.91        17
        27.0       0.27      0.09      0.13        35
        28.0       0.00      0.00      0.00        12
        29.0       0.41      0.39      0.40        36
        30.0       0.71      0.62      0.67        32
        31.0       0.78      0.82      0.79        38
        32.0       0.66      0.83      0.73       747
        33.0       0.80      0.79      0.79        75
        34.0       0.90      0.75      0.81        59
        35.0       0.44      0.36      0.40        47
        36.0       0.37      0.74      0.49       501
        37.0       0.72      0.63      0.67       241
        38.0       0.62      0.30      0.41        33
        39.0       0.50      0.68      0.58       344
        40.0       0.87      0.65      0.74       192
        41.0       0.88      0.22      0.35        32
        42.0       0.74      0.63      0.68       384
        43.0       0.72      0.84      0.77       117
        44.0       0.57      0.70      0.63       436
        45.0       0.93      0.88      0.91        49
        46.0       0.85      0.79      0.82       401
        47.0       0.56      0.29      0.38        17
        48.0       0.85      0.69      0.76        42
        49.0       0.90      0.86      0.88        77
        50.0       0.90      0.84      0.87       172
        51.0       1.00      0.35      0.52        20
        52.0       0.66      0.60      0.63       499
        53.0       0.83      0.58      0.68       100
        54.0       0.20      0.09      0.13        11
        55.0       0.67      0.70      0.69       104
        56.0       0.50      0.06      0.10        18
        57.0       0.11      0.10      0.11        10
        58.0       1.00      0.77      0.87        35
        59.0       0.34      0.66      0.45       230
        60.0       0.92      0.57      0.70        58
        61.0       0.00      0.00      0.00        29
        62.0       0.28      0.35      0.31        49
        63.0       0.31      0.10      0.15        50
        64.0       0.91      0.59      0.71        34
        65.0       0.76      0.73      0.75       155
        66.0       0.00      0.00      0.00        14
        67.0       0.53      0.59      0.56       314
        68.0       0.08      0.02      0.03        62
        69.0       0.61      0.54      0.57       307
        70.0       0.32      0.21      0.25        68
        71.0       0.33      0.29      0.31        66
        72.0       0.00      0.00      0.00        14
        73.0       0.73      0.46      0.56        24
        74.0       0.00      0.00      0.00        19
        75.0       0.16      0.18      0.17        60
        76.0       0.71      0.62      0.66       206
        77.0       0.33      0.36      0.35        77
        78.0       0.49      0.59      0.53        59
        79.0       0.43      0.33      0.37       139
        80.0       0.67      0.67      0.67        42
        81.0       0.34      0.34      0.34       174
        82.0       0.54      0.33      0.41        43
        83.0       0.33      0.08      0.12        26
        84.0       0.52      0.50      0.51       106
        85.0       0.38      0.53      0.44        15
        86.0       0.53      0.62      0.57       241
        87.0       0.72      0.73      0.73       309
        88.0       0.81      0.51      0.62        59
        89.0       0.33      0.20      0.25        10
        90.0       0.31      0.37      0.34       188
        91.0       0.33      0.30      0.31        46
        92.0       0.00      0.00      0.00        41
        93.0       0.71      0.16      0.26        32
        94.0       0.44      0.60      0.51       288
        95.0       0.50      0.10      0.16        31
        96.0       0.91      0.57      0.70        75
        97.0       0.33      0.15      0.21        27
        98.0       0.86      0.32      0.46        38
        99.0       0.91      0.83      0.87        24
       100.0       0.00      0.00      0.00        25
       101.0       0.75      0.28      0.40        65
       102.0       1.00      0.50      0.67        22
       103.0       0.45      0.75      0.56        64
       104.0       0.18      0.05      0.08        40
       105.0       0.91      0.83      0.87        12
       106.0       0.73      0.61      0.67       113
       107.0       0.87      0.53      0.66       161
       108.0       0.62      0.33      0.43        24
       109.0       0.78      0.56      0.65        52
       110.0       1.00      0.60      0.75        15
       111.0       0.69      0.48      0.56       124
       112.0       0.71      0.41      0.52        41
       113.0       0.92      0.79      0.85       430
       114.0       0.68      0.72      0.70        65
       115.0       0.76      0.42      0.54        31
       116.0       0.85      0.67      0.75       173
       117.0       1.00      0.71      0.83        31
       118.0       0.83      0.74      0.78       117
       119.0       0.46      0.68      0.55       136
       120.0       0.64      0.63      0.63        62
       121.0       0.79      0.80      0.79       224
       122.0       1.00      0.57      0.73        35
       123.0       1.00      0.49      0.65        37
       124.0       0.67      0.77      0.72        31
       125.0       1.00      0.73      0.85        15
       126.0       0.87      0.62      0.72        21
       127.0       0.69      0.81      0.75        73

    accuracy                           0.60     12226
   macro avg       0.58      0.45      0.48     12226
weighted avg       0.62      0.60      0.59     12226


===confusion_matrix===

[[299   0   0 ...   0   0   0]
 [  2   3   0 ...   0   0   0]
 [  0   0   2 ...   0   0   0]
 ...
 [  0   0   0 ...  11   1   1]
 [  0   0   0 ...   0  13   5]
 [  0   0   0 ...   0   1  59]]

===multilabel confusion matrix===

[[[11606   262]
  [   59   299]]

 [[12211     3]
  [    9     3]]

 [[12207     0]
  [   17     2]]

 [[12095    52]
  [   59    20]]

 [[12158    13]
  [   48     7]]

 [[12164     4]
  [   55     3]]

 [[12158    23]
  [   39     6]]

 [[12170     9]
  [   24    23]]

 [[12216     0]
  [   10     0]]

 [[12204     1]
  [   21     0]]

 [[12211     0]
  [   15     0]]

 [[12182     8]
  [   13    23]]

 [[12214     0]
  [   12     0]]

 [[12196     5]
  [   13    12]]

 [[12204     3]
  [   16     3]]

 [[12202     2]
  [    9    13]]

 [[12195     8]
  [   13    10]]

 [[12064    44]
  [   30    88]]

 [[12206     2]
  [   10     8]]

 [[12212     2]
  [   12     0]]

 [[12093    43]
  [   77    13]]

 [[12213     0]
  [   10     3]]

 [[12201     0]
  [    8    17]]

 [[12210     3]
  [   11     2]]

 [[12201     3]
  [   20     2]]

 [[12180     8]
  [   21    17]]

 [[12208     1]
  [    2    15]]

 [[12183     8]
  [   32     3]]

 [[12209     5]
  [   12     0]]

 [[12170    20]
  [   22    14]]

 [[12186     8]
  [   12    20]]

 [[12179     9]
  [    7    31]]

 [[11156   323]
  [  129   618]]

 [[12136    15]
  [   16    59]]

 [[12162     5]
  [   15    44]]

 [[12157    22]
  [   30    17]]

 [[11085   640]
  [  130   371]]

 [[11925    60]
  [   88   153]]

 [[12187     6]
  [   23    10]]

 [[11650   232]
  [  110   234]]

 [[12016    18]
  [   68   124]]

 [[12193     1]
  [   25     7]]

 [[11758    84]
  [  142   242]]

 [[12070    39]
  [   19    98]]

 [[11562   228]
  [  132   304]]

 [[12174     3]
  [    6    43]]

 [[11770    55]
  [   84   317]]

 [[12205     4]
  [   12     5]]

 [[12179     5]
  [   13    29]]

 [[12142     7]
  [   11    66]]

 [[12037    17]
  [   27   145]]

 [[12206     0]
  [   13     7]]

 [[11573   154]
  [  201   298]]

 [[12114    12]
  [   42    58]]

 [[12211     4]
  [   10     1]]

 [[12086    36]
  [   31    73]]

 [[12207     1]
  [   17     1]]

 [[12208     8]
  [    9     1]]

 [[12191     0]
  [    8    27]]

 [[11702   294]
  [   79   151]]

 [[12165     3]
  [   25    33]]

 [[12196     1]
  [   29     0]]

 [[12133    44]
  [   32    17]]

 [[12165    11]
  [   45     5]]

 [[12190     2]
  [   14    20]]

 [[12036    35]
  [   42   113]]

 [[12212     0]
  [   14     0]]

 [[11749   163]
  [  130   184]]

 [[12152    12]
  [   61     1]]

 [[11815   104]
  [  142   165]]

 [[12128    30]
  [   54    14]]

 [[12121    39]
  [   47    19]]

 [[12210     2]
  [   14     0]]

 [[12198     4]
  [   13    11]]

 [[12207     0]
  [   19     0]]

 [[12107    59]
  [   49    11]]

 [[11968    52]
  [   78   128]]

 [[12092    57]
  [   49    28]]

 [[12130    37]
  [   24    35]]

 [[12025    62]
  [   93    46]]

 [[12170    14]
  [   14    28]]

 [[11935   117]
  [  114    60]]

 [[12171    12]
  [   29    14]]

 [[12196     4]
  [   24     2]]

 [[12072    48]
  [   53    53]]

 [[12198    13]
  [    7     8]]

 [[11853   132]
  [   91   150]]

 [[11831    86]
  [   83   226]]

 [[12160     7]
  [   29    30]]

 [[12212     4]
  [    8     2]]

 [[11885   153]
  [  118    70]]

 [[12151    29]
  [   32    14]]

 [[12179     6]
  [   41     0]]

 [[12192     2]
  [   27     5]]

 [[11720   218]
  [  116   172]]

 [[12192     3]
  [   28     3]]

 [[12147     4]
  [   32    43]]

 [[12191     8]
  [   23     4]]

 [[12186     2]
  [   26    12]]

 [[12200     2]
  [    4    20]]

 [[12201     0]
  [   25     0]]

 [[12155     6]
  [   47    18]]

 [[12204     0]
  [   11    11]]

 [[12104    58]
  [   16    48]]

 [[12177     9]
  [   38     2]]

 [[12213     1]
  [    2    10]]

 [[12088    25]
  [   44    69]]

 [[12052    13]
  [   76    85]]

 [[12197     5]
  [   16     8]]

 [[12166     8]
  [   23    29]]

 [[12211     0]
  [    6     9]]

 [[12075    27]
  [   65    59]]

 [[12178     7]
  [   24    17]]

 [[11766    30]
  [   89   341]]

 [[12139    22]
  [   18    47]]

 [[12191     4]
  [   18    13]]

 [[12033    20]
  [   57   116]]

 [[12195     0]
  [    9    22]]

 [[12092    17]
  [   31    86]]

 [[11981   109]
  [   43    93]]

 [[12142    22]
  [   23    39]]

 [[11954    48]
  [   45   179]]

 [[12191     0]
  [   15    20]]

 [[12189     0]
  [   19    18]]

 [[12183    12]
  [    7    24]]

 [[12211     0]
  [    4    11]]

 [[12203     2]
  [    8    13]]

 [[12127    26]
  [   14    59]]]

===scores report===
metrics	scores
Accuracy	0.6013
MCC	0.5924
log_loss	1.9080
f1 score weighted	0.5923
f1 score macro	0.4812
f1 score micro	0.6013
roc_auc ovr	0.9587
roc_auc ovo	0.9521
precision	0.6185
recall	0.6013

===TRAIN MODELS with CV===

train_model_cv	Accuracy	MCC	log_loss	f1 score weighted	f1 score macro	f1 score micro	roc_auc ovr	roc_auc ovo	precision	recall
0	0.6494643003189662	0.6416112079508527	1.6624305895934974	0.6404972744203912	0.5400040613715928	0.6494643003189662	0.9675478755303797	0.9636142343452765	0.6457743272032788	0.6494643003189662
1	0.626400588860718	0.6179470510995431	1.7649211844769899	0.6172653728131025	0.5046349085917916	0.626400588860718	0.9637938186954659	0.9587266829759991	0.6249897772387938	0.626400588860718
2	0.6411745460494029	0.6330765692440746	1.722537319870921	0.6292292708013617	0.5062211619370959	0.6411745460494029	0.965715471216116	0.9587085456348238	0.6373171796571404	0.6411745460494029
3	0.6171274333387862	0.6088263574845094	1.8206281477684239	0.6092524397744278	0.5018551197652743	0.6171274333387862	0.9637010410564631	0.9592636142115247	0.6373970706281401	0.6171274333387862
4	0.6013414035661705	0.5924405181032774	1.9080491059037445	0.5922763407007325	0.4812272841192309	0.6013414035661705	0.9587065407213305	0.952073726107274	0.618520113080882	0.6013414035661705
mean	0.6271016544268088	0.6187803407764514	1.7757132695227154	0.6177041397020031	0.5067885071569972	0.6271016544268088	0.9638929494439511	0.9584773606549796	0.632799693561647	0.6271016544268088
std	0.017097960776437836	0.017430967029111098	0.08403241775820008	0.0165562818727248	0.018899456836134677	0.017097960776437836	0.00295383010614454	0.0036912818776267033	0.009744597337249713	0.017097960776437836

Accuracy
MCC
log_loss
f1 score weighted
f1 score macro
f1 score micro
roc_auc ovr
roc_auc ovo
precision
recallFinished train_model_cv in 35651.2913 secs

