/home/amsequeira/enzymeClassification/models/diff_rnn/64_64_32_500_pre_pre_bilstm_attentio_cv_only_enz_500epochs_4level_ec50
self
x_train
y_train
x_test
y_test
number_classes
problem_type
x_dval
y_dval
model
epochs
batch_size
callbacks
reduce_lr
early_stopping
checkpoint
tensorboard
early_stopping_patience
reduce_lr_patience
reduce_lr_factor
reduce_lr_min
path
report_name
verbose
validation_split
shuffle
class_weights
===Callbacks===

generate_callbacks
[<tensorflow.python.keras.callbacks.EarlyStopping object at 0x7ff88c2f1610>, <tensorflow.python.keras.callbacks.ReduceLROnPlateau object at 0x7ff88c2f1490>, <tensorflow.python.keras.callbacks.ModelCheckpoint object at 0x7ff88c2f1910>]
===SCORING TEST SET ===

model_complete_evaluate
{'self': <deep_ml.DeepML object at 0x7ff88c2f17c0>, 'x_test': array([[[1, 0, 0, ..., 0, 0, 0],
        [1, 0, 0, ..., 0, 0, 0],
        [1, 0, 0, ..., 0, 0, 0],
        ...,
        [0, 1, 0, ..., 0, 0, 0],
        [0, 0, 0, ..., 0, 0, 1],
        [0, 0, 0, ..., 0, 0, 0]],

       [[1, 0, 0, ..., 0, 0, 0],
        [1, 0, 0, ..., 0, 0, 0],
        [1, 0, 0, ..., 0, 0, 0],
        ...,
        [0, 0, 0, ..., 0, 0, 0],
        [1, 0, 0, ..., 0, 0, 0],
        [0, 0, 0, ..., 0, 0, 0]],

       [[0, 0, 0, ..., 0, 0, 0],
        [0, 0, 0, ..., 0, 0, 0],
        [0, 0, 0, ..., 0, 0, 0],
        ...,
        [0, 0, 0, ..., 0, 0, 0],
        [0, 0, 0, ..., 0, 0, 0],
        [0, 0, 0, ..., 0, 0, 0]],

       ...,

       [[0, 0, 0, ..., 0, 0, 0],
        [0, 0, 0, ..., 0, 0, 0],
        [0, 0, 0, ..., 0, 0, 0],
        ...,
        [0, 0, 0, ..., 0, 0, 0],
        [0, 1, 0, ..., 0, 0, 0],
        [0, 0, 0, ..., 0, 0, 0]],

       [[0, 0, 0, ..., 0, 0, 0],
        [0, 0, 0, ..., 0, 0, 0],
        [0, 0, 0, ..., 0, 0, 0],
        ...,
        [0, 0, 0, ..., 0, 0, 0],
        [1, 0, 0, ..., 0, 0, 0],
        [0, 0, 0, ..., 0, 0, 0]],

       [[1, 0, 0, ..., 0, 0, 0],
        [1, 0, 0, ..., 0, 0, 0],
        [1, 0, 0, ..., 0, 0, 0],
        ...,
        [0, 0, 0, ..., 0, 0, 0],
        [0, 1, 0, ..., 0, 0, 0],
        [0, 0, 0, ..., 1, 0, 0]]], dtype=int8), 'y_test': array([ 84.,  84., 213., ...,  62.,  62.,  62.], dtype=float32), 'model': None}
report

              precision    recall  f1-score   support

         0.0       0.73      0.80      0.76        10
         1.0       1.00      0.96      0.98        25
         2.0       0.94      1.00      0.97        16
         3.0       0.90      0.75      0.82        12
         4.0       0.69      0.60      0.64        15
         5.0       0.83      1.00      0.91        10
         6.0       0.95      0.86      0.90        21
         7.0       0.95      0.87      0.91        23
         8.0       0.72      0.59      0.65        22
         9.0       0.74      0.80      0.77        35
        10.0       0.67      0.55      0.60        11
        11.0       1.00      1.00      1.00        19
        12.0       0.76      0.72      0.74        18
        13.0       0.82      1.00      0.90        14
        14.0       1.00      0.93      0.96        14
        15.0       0.83      1.00      0.91        10
        16.0       0.93      0.88      0.90        16
        17.0       0.92      1.00      0.96        12
        18.0       0.96      0.92      0.94        26
        19.0       0.96      0.92      0.94        26
        20.0       0.93      1.00      0.96        13
        21.0       0.80      1.00      0.89        16
        22.0       0.94      1.00      0.97        17
        23.0       0.92      1.00      0.96        11
        24.0       0.79      0.83      0.81        18
        25.0       0.86      1.00      0.92        18
        26.0       1.00      0.90      0.95        10
        27.0       0.76      1.00      0.87        13
        28.0       0.95      0.95      0.95        20
        29.0       1.00      0.96      0.98        23
        30.0       0.97      1.00      0.98        29
        31.0       0.95      1.00      0.97        18
        32.0       1.00      0.90      0.95        10
        33.0       0.97      1.00      0.98        31
        34.0       0.94      0.94      0.94        32
        35.0       0.92      0.92      0.92        12
        36.0       1.00      0.96      0.98        27
        37.0       0.92      0.80      0.86        15
        38.0       1.00      0.73      0.84        11
        39.0       0.33      0.15      0.21        13
        40.0       1.00      0.93      0.97        15
        41.0       0.92      1.00      0.96        12
        42.0       0.82      0.90      0.86        10
        43.0       1.00      1.00      1.00        17
        44.0       0.93      0.96      0.95        28
        45.0       1.00      0.95      0.98        21
        46.0       1.00      0.88      0.93        16
        47.0       0.86      0.92      0.89        13
        48.0       0.56      0.82      0.67        11
        49.0       0.80      1.00      0.89        12
        50.0       1.00      0.75      0.86        12
        51.0       0.88      1.00      0.93        14
        52.0       0.92      0.92      0.92        26
        53.0       1.00      0.96      0.98        27
        54.0       1.00      0.95      0.98        22
        55.0       1.00      0.90      0.95        20
        56.0       0.93      1.00      0.96        25
        57.0       0.90      0.90      0.90        21
        58.0       1.00      0.91      0.95        11
        59.0       0.89      0.50      0.64        16
        60.0       0.82      0.96      0.88        24
        61.0       0.59      0.71      0.65        14
        62.0       0.89      0.78      0.83       133
        63.0       0.94      0.94      0.94        16
        64.0       1.00      0.91      0.95        11
        65.0       0.88      0.82      0.85        17
        66.0       0.88      1.00      0.93        14
        67.0       1.00      1.00      1.00        11
        68.0       0.86      0.95      0.90        19
        69.0       0.97      1.00      0.98        30
        70.0       0.95      1.00      0.97        18
        71.0       0.94      1.00      0.97        15
        72.0       1.00      0.95      0.98        22
        73.0       0.85      1.00      0.92        11
        74.0       1.00      1.00      1.00        22
        75.0       1.00      0.94      0.97        17
        76.0       0.94      1.00      0.97        15
        77.0       1.00      0.95      0.98        21
        78.0       0.91      1.00      0.95        21
        79.0       0.90      0.90      0.90        10
        80.0       0.73      0.97      0.83        31
        81.0       0.90      0.86      0.88        21
        82.0       0.96      1.00      0.98        27
        83.0       1.00      1.00      1.00        13
        84.0       0.91      0.91      0.91        22
        85.0       1.00      1.00      1.00        12
        86.0       0.95      1.00      0.97        39
        87.0       0.84      0.94      0.89        17
        88.0       0.93      0.93      0.93        27
        89.0       1.00      0.75      0.86        12
        90.0       1.00      0.90      0.95        21
        91.0       0.97      0.97      0.97        30
        92.0       1.00      1.00      1.00        12
        93.0       0.89      0.57      0.70        14
        94.0       0.93      1.00      0.97        28
        95.0       0.96      0.92      0.94        26
        96.0       1.00      1.00      1.00        11
        97.0       1.00      0.93      0.97        30
        98.0       1.00      0.94      0.97        16
        99.0       0.93      0.82      0.87        17
       100.0       0.92      0.96      0.94        24
       101.0       0.90      0.96      0.93        28
       102.0       0.71      0.53      0.61        19
       103.0       0.83      0.85      0.84       291
       104.0       0.91      0.77      0.83        13
       105.0       0.70      0.88      0.78        16
       106.0       0.88      0.82      0.85        44
       107.0       1.00      1.00      1.00        12
       108.0       0.94      0.94      0.94        16
       109.0       0.90      1.00      0.95        19
       110.0       0.94      1.00      0.97        16
       111.0       1.00      1.00      1.00        14
       112.0       1.00      0.91      0.95        23
       113.0       0.94      0.91      0.93        34
       114.0       0.82      1.00      0.90        18
       115.0       0.95      0.90      0.93        21
       116.0       0.92      1.00      0.96        34
       117.0       1.00      1.00      1.00        13
       118.0       0.96      0.96      0.96        28
       119.0       0.96      0.96      0.96        26
       120.0       1.00      1.00      1.00        14
       121.0       0.90      0.82      0.86        11
       122.0       0.12      0.11      0.11        19
       123.0       0.75      0.87      0.81       136
       124.0       1.00      0.90      0.95        20
       125.0       0.49      0.67      0.57        58
       126.0       0.76      1.00      0.87        13
       127.0       1.00      1.00      1.00        17
       128.0       0.94      1.00      0.97        17
       129.0       1.00      0.88      0.94        17
       130.0       0.90      0.88      0.89        32
       131.0       1.00      1.00      1.00        20
       132.0       1.00      1.00      1.00        17
       133.0       1.00      1.00      1.00        15
       134.0       1.00      0.94      0.97        17
       135.0       1.00      1.00      1.00        13
       136.0       0.82      0.69      0.75        13
       137.0       1.00      0.92      0.96        38
       138.0       0.50      0.27      0.35        15
       139.0       0.70      0.84      0.76        19
       140.0       1.00      0.57      0.73        21
       141.0       0.92      1.00      0.96        45
       142.0       0.29      0.18      0.22        11
       143.0       0.83      0.94      0.88        16
       144.0       1.00      0.70      0.82        10
       145.0       0.36      0.28      0.31        18
       146.0       0.96      0.89      0.93        28
       147.0       0.71      0.91      0.80        11
       148.0       1.00      0.74      0.85        23
       149.0       0.98      0.90      0.94        52
       150.0       0.80      0.80      0.80        54
       151.0       0.70      0.44      0.54        16
       152.0       0.81      0.72      0.76        67
       153.0       0.80      0.36      0.50        11
       154.0       0.74      0.80      0.77        40
       155.0       1.00      0.79      0.88        24
       156.0       0.50      0.42      0.45        12
       157.0       0.67      0.56      0.61        18
       158.0       0.90      0.53      0.67        17
       159.0       0.72      0.68      0.70        19
       160.0       0.50      0.40      0.44        15
       161.0       0.42      0.68      0.52        25
       162.0       0.60      0.82      0.69        11
       163.0       0.57      0.50      0.53        16
       164.0       1.00      0.89      0.94        18
       165.0       0.91      0.83      0.87        12
       166.0       0.45      0.60      0.52        48
       167.0       1.00      0.95      0.98        21
       168.0       0.83      1.00      0.91        15
       169.0       0.94      0.94      0.94        17
       170.0       0.96      1.00      0.98        24
       171.0       0.92      1.00      0.96        36
       172.0       0.92      0.79      0.85        14
       173.0       0.94      0.88      0.91        17
       174.0       0.77      0.92      0.84        26
       175.0       0.82      0.82      0.82        11
       176.0       0.70      0.58      0.64        12
       177.0       0.89      0.76      0.82        21
       178.0       0.88      1.00      0.94        15
       179.0       0.77      0.71      0.74        14
       180.0       0.92      0.73      0.81        15
       181.0       0.83      0.83      0.83        23
       182.0       1.00      1.00      1.00        30
       183.0       1.00      0.92      0.96        12
       184.0       0.91      0.91      0.91        22
       185.0       0.93      0.96      0.95        28
       186.0       0.76      0.74      0.75       128
       187.0       0.94      0.87      0.90       119
       188.0       0.93      1.00      0.97        14
       189.0       0.83      0.83      0.83        23
       190.0       0.93      1.00      0.97        14
       191.0       0.89      0.67      0.76        12
       192.0       0.93      0.93      0.93        15
       193.0       0.62      0.83      0.71        12
       194.0       0.86      0.90      0.88        20
       195.0       0.60      0.55      0.57        11
       196.0       0.79      0.85      0.81        13
       197.0       0.90      0.69      0.78        13
       198.0       1.00      1.00      1.00        14
       199.0       0.80      0.53      0.64        15
       200.0       0.96      0.88      0.92        26
       201.0       1.00      0.88      0.94        17
       202.0       0.93      0.87      0.90        15
       203.0       0.93      0.93      0.93        29
       204.0       1.00      0.95      0.98        22
       205.0       1.00      0.93      0.97        15
       206.0       1.00      0.89      0.94        19
       207.0       1.00      1.00      1.00        19
       208.0       0.94      1.00      0.97        17
       209.0       1.00      0.94      0.97        16
       210.0       1.00      1.00      1.00        20
       211.0       0.93      1.00      0.96        13
       212.0       1.00      0.93      0.96        14
       213.0       0.88      0.88      0.88        17
       214.0       0.83      0.86      0.84        22
       215.0       1.00      1.00      1.00        14
       216.0       1.00      1.00      1.00        17
       217.0       0.91      1.00      0.95        10
       218.0       0.85      0.87      0.86       110
       219.0       0.96      0.83      0.89        29
       220.0       1.00      1.00      1.00        21
       221.0       0.92      0.92      0.92        13
       222.0       0.90      1.00      0.95        26
       223.0       0.83      0.94      0.88        16
       224.0       0.94      0.81      0.87        21
       225.0       1.00      0.94      0.97        17
       226.0       0.80      1.00      0.89        12
       227.0       0.79      0.85      0.81        13
       228.0       0.80      1.00      0.89        12
       229.0       1.00      0.94      0.97        31
       230.0       0.90      0.79      0.84        34
       231.0       0.75      0.69      0.72        13
       232.0       0.75      0.72      0.74        29
       233.0       0.86      0.95      0.90        20
       234.0       0.85      0.85      0.85        20
       235.0       0.86      0.90      0.88        21
       236.0       0.76      0.86      0.81        22
       237.0       1.00      0.90      0.95        20
       238.0       1.00      0.96      0.98        27
       239.0       0.94      0.97      0.95        30
       240.0       0.73      0.96      0.83        23
       241.0       0.71      0.92      0.80        13
       242.0       0.79      0.91      0.85        45
       243.0       1.00      0.92      0.96        26
       244.0       0.92      0.92      0.92        12
       245.0       0.86      1.00      0.93        19
       246.0       0.87      0.95      0.91        21
       247.0       0.90      0.86      0.88        21
       248.0       0.83      0.94      0.88        16
       249.0       1.00      0.92      0.96        26
       250.0       0.95      0.95      0.95        19
       251.0       1.00      0.75      0.86        12
       252.0       0.73      0.73      0.73        11
       253.0       0.96      1.00      0.98        22
       254.0       0.92      1.00      0.96        12
       255.0       0.73      0.73      0.73        15
       256.0       1.00      0.96      0.98        24
       257.0       0.79      0.73      0.76        15
       258.0       1.00      0.94      0.97        18
       259.0       0.93      1.00      0.96        26
       260.0       0.94      0.94      0.94        18
       261.0       0.96      0.87      0.92        31
       262.0       1.00      1.00      1.00        11
       263.0       0.93      0.93      0.93        15
       264.0       1.00      1.00      1.00        18
       265.0       1.00      1.00      1.00        11
       266.0       1.00      0.93      0.97        15
       267.0       0.82      0.69      0.75        13
       268.0       0.91      1.00      0.95        20
       269.0       0.95      1.00      0.97        19
       270.0       0.48      0.71      0.57        14
       271.0       0.97      0.92      0.95        38
       272.0       0.88      0.94      0.91        53
       273.0       0.93      0.81      0.86        31
       274.0       0.97      0.94      0.95        32
       275.0       0.92      1.00      0.96        11
       276.0       0.85      1.00      0.92        11
       277.0       0.69      0.75      0.72        12

    accuracy                           0.87      6280
   macro avg       0.88      0.87      0.87      6280
weighted avg       0.88      0.87      0.87      6280


===confusion_matrix===

[[ 8  0  0 ...  0  0  0]
 [ 0 24  0 ...  0  0  0]
 [ 0  0 16 ...  0  0  0]
 ...
 [ 0  0  0 ... 11  0  0]
 [ 0  0  0 ...  0 11  0]
 [ 0  0  0 ...  0  1  9]]

===multilabel confusion matrix===

[[[6267    3]
  [   2    8]]

 [[6255    0]
  [   1   24]]

 [[6263    1]
  [   0   16]]

 ...

 [[6268    1]
  [   0   11]]

 [[6267    2]
  [   0   11]]

 [[6264    4]
  [   3    9]]]

===scores report===
metrics	scores
Accuracy	0.8729
MCC	0.8720
log_loss	0.6408
f1 score weighted	0.8720
f1 score macro	0.8737
f1 score micro	0.8729
roc_auc ovr	0.9965
roc_auc ovo	0.9971
precision	0.8784
recall	0.8729

===Callbacks===

generate_callbacks
[<tensorflow.python.keras.callbacks.EarlyStopping object at 0x7ff88c2f1610>, <tensorflow.python.keras.callbacks.ReduceLROnPlateau object at 0x7ff88c2f1490>, <tensorflow.python.keras.callbacks.ModelCheckpoint object at 0x7ff88c2f1910>]
===SCORING TEST SET ===

model_complete_evaluate
{'self': <deep_ml.DeepML object at 0x7ff88c2f17c0>, 'x_test': array([[[1, 0, 0, ..., 0, 0, 0],
        [1, 0, 0, ..., 0, 0, 0],
        [1, 0, 0, ..., 0, 0, 0],
        ...,
        [0, 0, 0, ..., 0, 0, 0],
        [0, 0, 0, ..., 0, 0, 0],
        [0, 0, 0, ..., 0, 0, 0]],

       [[1, 0, 0, ..., 0, 0, 0],
        [1, 0, 0, ..., 0, 0, 0],
        [1, 0, 0, ..., 0, 0, 0],
        ...,
        [0, 0, 0, ..., 0, 0, 0],
        [0, 0, 0, ..., 0, 0, 0],
        [0, 1, 0, ..., 0, 0, 0]],

       [[1, 0, 0, ..., 0, 0, 0],
        [1, 0, 0, ..., 0, 0, 0],
        [1, 0, 0, ..., 0, 0, 0],
        ...,
        [0, 0, 0, ..., 0, 0, 0],
        [0, 0, 0, ..., 1, 0, 0],
        [0, 0, 0, ..., 0, 0, 0]],

       ...,

       [[0, 0, 0, ..., 0, 0, 0],
        [0, 0, 0, ..., 0, 0, 0],
        [0, 0, 0, ..., 0, 0, 0],
        ...,
        [0, 0, 0, ..., 0, 0, 0],
        [0, 1, 0, ..., 0, 0, 0],
        [0, 0, 0, ..., 1, 0, 0]],

       [[0, 0, 0, ..., 0, 0, 0],
        [0, 0, 0, ..., 0, 0, 0],
        [0, 0, 0, ..., 0, 0, 0],
        ...,
        [0, 0, 0, ..., 0, 0, 0],
        [1, 0, 0, ..., 0, 0, 0],
        [0, 0, 0, ..., 0, 0, 0]],

       [[0, 0, 0, ..., 0, 0, 0],
        [0, 0, 0, ..., 0, 0, 1],
        [0, 0, 0, ..., 0, 0, 0],
        ...,
        [0, 0, 0, ..., 0, 0, 0],
        [0, 0, 0, ..., 0, 0, 0],
        [0, 0, 0, ..., 0, 0, 0]]], dtype=int8), 'y_test': array([ 84.,  84.,  84., ..., 186.,  62., 139.], dtype=float32), 'model': None}
report

              precision    recall  f1-score   support

         0.0       1.00      0.91      0.95        11
         1.0       1.00      1.00      1.00        25
         2.0       0.94      0.94      0.94        16
         3.0       0.92      0.85      0.88        13
         4.0       0.83      0.94      0.88        16
         5.0       1.00      0.90      0.95        10
         6.0       1.00      1.00      1.00        21
         7.0       0.82      0.78      0.80        23
         8.0       0.52      0.59      0.55        22
         9.0       0.73      0.88      0.80        34
        10.0       0.78      0.64      0.70        11
        11.0       0.94      0.89      0.92        19
        12.0       0.62      0.76      0.68        17
        13.0       0.93      1.00      0.97        14
        14.0       1.00      0.71      0.83        14
        15.0       1.00      0.80      0.89        10
        16.0       1.00      0.94      0.97        16
        17.0       0.86      1.00      0.92        12
        18.0       0.88      0.85      0.86        26
        19.0       0.96      0.96      0.96        26
        20.0       0.81      1.00      0.90        13
        21.0       0.94      1.00      0.97        16
        22.0       0.89      1.00      0.94        17
        23.0       0.77      0.83      0.80        12
        24.0       1.00      0.95      0.97        19
        25.0       0.95      1.00      0.97        19
        26.0       1.00      1.00      1.00        10
        27.0       1.00      0.92      0.96        13
        28.0       0.95      0.95      0.95        20
        29.0       0.92      1.00      0.96        22
        30.0       0.90      0.97      0.93        29
        31.0       1.00      1.00      1.00        18
        32.0       0.90      0.90      0.90        10
        33.0       1.00      0.97      0.98        30
        34.0       0.94      0.94      0.94        32
        35.0       0.91      0.83      0.87        12
        36.0       1.00      0.96      0.98        27
        37.0       1.00      0.87      0.93        15
        38.0       0.91      0.91      0.91        11
        39.0       0.30      0.23      0.26        13
        40.0       1.00      0.93      0.97        15
        41.0       0.92      1.00      0.96        12
        42.0       0.71      0.91      0.80        11
        43.0       1.00      1.00      1.00        16
        44.0       0.96      0.96      0.96        28
        45.0       1.00      1.00      1.00        21
        46.0       1.00      1.00      1.00        16
        47.0       1.00      1.00      1.00        13
        48.0       0.90      0.82      0.86        11
        49.0       1.00      1.00      1.00        12
        50.0       0.86      1.00      0.92        12
        51.0       0.92      0.86      0.89        14
        52.0       0.83      0.92      0.87        26
        53.0       0.96      0.93      0.94        27
        54.0       0.92      1.00      0.96        22
        55.0       1.00      1.00      1.00        20
        56.0       0.86      1.00      0.93        25
        57.0       1.00      0.95      0.98        21
        58.0       0.83      0.91      0.87        11
        59.0       0.58      0.44      0.50        16
        60.0       1.00      0.88      0.94        25
        61.0       0.67      0.57      0.62        14
        62.0       0.79      0.80      0.80       133
        63.0       1.00      1.00      1.00        16
        64.0       0.92      1.00      0.96        12
        65.0       0.93      0.76      0.84        17
        66.0       0.74      1.00      0.85        14
        67.0       1.00      0.91      0.95        11
        68.0       0.89      0.94      0.92        18
        69.0       1.00      0.97      0.98        30
        70.0       0.94      0.83      0.88        18
        71.0       0.92      0.80      0.86        15
        72.0       1.00      1.00      1.00        21
        73.0       0.83      0.91      0.87        11
        74.0       0.91      1.00      0.95        21
        75.0       0.90      1.00      0.95        18
        76.0       0.88      1.00      0.94        15
        77.0       1.00      1.00      1.00        21
        78.0       0.95      1.00      0.98        21
        79.0       1.00      1.00      1.00        11
        80.0       0.78      0.68      0.72        31
        81.0       1.00      0.86      0.92        21
        82.0       0.96      0.85      0.90        27
        83.0       0.92      0.92      0.92        13
        84.0       1.00      0.86      0.93        22
        85.0       0.86      1.00      0.92        12
        86.0       0.93      1.00      0.96        39
        87.0       0.78      0.82      0.80        17
        88.0       0.96      0.96      0.96        26
        89.0       1.00      0.92      0.96        12
        90.0       1.00      0.95      0.98        21
        91.0       1.00      1.00      1.00        30
        92.0       1.00      1.00      1.00        12
        93.0       0.85      0.79      0.81        14
        94.0       0.92      0.86      0.89        28
        95.0       1.00      0.88      0.94        26
        96.0       0.91      0.91      0.91        11
        97.0       0.88      0.90      0.89        31
        98.0       0.94      0.94      0.94        16
        99.0       0.94      0.88      0.91        17
       100.0       0.96      0.92      0.94        25
       101.0       0.96      0.89      0.93        28
       102.0       0.75      0.63      0.69        19
       103.0       0.82      0.88      0.85       292
       104.0       0.73      0.85      0.79        13
       105.0       0.89      1.00      0.94        17
       106.0       0.84      0.72      0.77        43
       107.0       1.00      0.92      0.96        13
       108.0       0.88      0.94      0.91        16
       109.0       1.00      1.00      1.00        18
       110.0       0.94      0.94      0.94        16
       111.0       1.00      0.92      0.96        13
       112.0       0.96      1.00      0.98        23
       113.0       0.94      0.94      0.94        34
       114.0       0.93      0.78      0.85        18
       115.0       1.00      1.00      1.00        21
       116.0       1.00      1.00      1.00        34
       117.0       1.00      0.92      0.96        12
       118.0       1.00      1.00      1.00        28
       119.0       1.00      0.96      0.98        25
       120.0       0.93      0.93      0.93        14
       121.0       0.89      0.73      0.80        11
       122.0       0.28      0.42      0.33        19
       123.0       0.86      0.90      0.88       136
       124.0       0.90      0.95      0.93        20
       125.0       0.52      0.53      0.53        58
       126.0       0.92      0.86      0.89        14
       127.0       1.00      1.00      1.00        17
       128.0       1.00      1.00      1.00        16
       129.0       0.94      0.89      0.91        18
       130.0       0.97      0.97      0.97        31
       131.0       0.91      1.00      0.95        20
       132.0       1.00      1.00      1.00        18
       133.0       1.00      0.93      0.97        15
       134.0       0.89      1.00      0.94        16
       135.0       1.00      0.92      0.96        13
       136.0       0.91      0.77      0.83        13
       137.0       0.97      0.90      0.93        39
       138.0       0.45      0.36      0.40        14
       139.0       0.65      0.68      0.67        19
       140.0       0.83      0.95      0.89        21
       141.0       0.96      1.00      0.98        46
       142.0       0.54      0.58      0.56        12
       143.0       1.00      1.00      1.00        16
       144.0       0.89      0.80      0.84        10
       145.0       0.35      0.32      0.33        19
       146.0       0.84      0.75      0.79        28
       147.0       1.00      0.83      0.91        12
       148.0       0.96      0.92      0.94        24
       149.0       0.94      0.96      0.95        52
       150.0       0.71      0.75      0.73        53
       151.0       0.86      0.80      0.83        15
       152.0       0.81      0.76      0.78        67
       153.0       0.43      0.27      0.33        11
       154.0       0.74      0.70      0.72        40
       155.0       0.88      0.92      0.90        24
       156.0       0.22      0.17      0.19        12
       157.0       0.50      0.39      0.44        18
       158.0       0.45      0.53      0.49        17
       159.0       0.69      0.61      0.65        18
       160.0       0.54      0.47      0.50        15
       161.0       0.49      0.68      0.57        25
       162.0       0.36      0.40      0.38        10
       163.0       0.82      0.56      0.67        16
       164.0       0.94      0.94      0.94        18
       165.0       0.62      0.77      0.69        13
       166.0       0.64      0.52      0.57        48
       167.0       0.95      1.00      0.98        21
       168.0       0.70      0.93      0.80        15
       169.0       1.00      1.00      1.00        17
       170.0       0.88      0.96      0.92        24
       171.0       0.75      0.92      0.83        36
       172.0       0.92      0.79      0.85        14
       173.0       0.76      0.94      0.84        17
       174.0       0.82      0.88      0.85        26
       175.0       0.90      0.82      0.86        11
       176.0       0.36      0.42      0.38        12
       177.0       0.89      0.81      0.85        21
       178.0       0.94      1.00      0.97        15
       179.0       0.67      0.86      0.75        14
       180.0       0.76      0.87      0.81        15
       181.0       0.82      0.78      0.80        23
       182.0       1.00      0.97      0.98        30
       183.0       1.00      1.00      1.00        12
       184.0       0.95      0.95      0.95        21
       185.0       0.90      1.00      0.95        28
       186.0       0.81      0.75      0.78       128
       187.0       0.93      0.87      0.90       119
       188.0       1.00      0.93      0.96        14
       189.0       0.76      0.96      0.85        23
       190.0       0.88      1.00      0.93        14
       191.0       1.00      0.50      0.67        12
       192.0       0.83      1.00      0.91        15
       193.0       0.69      0.82      0.75        11
       194.0       1.00      0.75      0.86        20
       195.0       1.00      0.36      0.53        11
       196.0       0.91      0.77      0.83        13
       197.0       1.00      0.85      0.92        13
       198.0       1.00      1.00      1.00        13
       199.0       0.62      0.71      0.67        14
       200.0       0.88      0.81      0.84        26
       201.0       0.93      0.88      0.90        16
       202.0       0.88      1.00      0.94        15
       203.0       1.00      0.93      0.96        29
       204.0       0.95      0.95      0.95        21
       205.0       1.00      1.00      1.00        15
       206.0       0.90      1.00      0.95        19
       207.0       0.95      1.00      0.98        20
       208.0       0.94      1.00      0.97        17
       209.0       0.78      0.88      0.82        16
       210.0       1.00      1.00      1.00        20
       211.0       0.87      1.00      0.93        13
       212.0       0.86      0.86      0.86        14
       213.0       0.81      1.00      0.89        17
       214.0       0.81      0.95      0.88        22
       215.0       1.00      0.93      0.96        14
       216.0       0.94      1.00      0.97        17
       217.0       1.00      1.00      1.00        11
       218.0       0.91      0.80      0.85       111
       219.0       0.94      0.97      0.95        30
       220.0       0.95      1.00      0.98        21
       221.0       0.93      1.00      0.96        13
       222.0       1.00      0.92      0.96        26
       223.0       1.00      1.00      1.00        17
       224.0       0.90      0.90      0.90        20
       225.0       0.85      1.00      0.92        17
       226.0       0.92      1.00      0.96        12
       227.0       1.00      0.54      0.70        13
       228.0       1.00      1.00      1.00        12
       229.0       0.97      0.90      0.93        31
       230.0       0.94      0.94      0.94        34
       231.0       0.55      0.50      0.52        12
       232.0       0.86      0.68      0.76        28
       233.0       0.94      0.89      0.92        19
       234.0       0.76      0.95      0.84        20
       235.0       0.89      0.85      0.87        20
       236.0       0.73      0.96      0.83        23
       237.0       0.86      0.90      0.88        20
       238.0       0.96      1.00      0.98        27
       239.0       1.00      0.90      0.95        31
       240.0       0.85      0.96      0.90        23
       241.0       0.72      0.93      0.81        14
       242.0       0.90      0.80      0.84        44
       243.0       0.93      0.96      0.94        26
       244.0       1.00      1.00      1.00        11
       245.0       0.86      0.90      0.88        20
       246.0       1.00      0.86      0.93        22
       247.0       0.76      0.95      0.84        20
       248.0       0.93      0.81      0.87        16
       249.0       0.96      0.92      0.94        26
       250.0       0.94      0.79      0.86        19
       251.0       1.00      1.00      1.00        11
       252.0       0.82      0.82      0.82        11
       253.0       1.00      0.96      0.98        23
       254.0       1.00      1.00      1.00        12
       255.0       0.67      0.62      0.65        16
       256.0       1.00      1.00      1.00        24
       257.0       0.67      0.86      0.75        14
       258.0       0.95      1.00      0.97        18
       259.0       1.00      1.00      1.00        26
       260.0       0.94      0.94      0.94        18
       261.0       0.97      0.90      0.93        31
       262.0       1.00      1.00      1.00        11
       263.0       0.94      1.00      0.97        15
       264.0       0.89      0.89      0.89        19
       265.0       1.00      0.91      0.95        11
       266.0       1.00      0.93      0.96        14
       267.0       0.79      0.85      0.81        13
       268.0       0.95      0.95      0.95        20
       269.0       1.00      1.00      1.00        19
       270.0       0.57      0.29      0.38        14
       271.0       0.95      0.92      0.93        38
       272.0       0.98      0.96      0.97        53
       273.0       0.94      0.97      0.95        31
       274.0       0.91      0.94      0.92        32
       275.0       1.00      0.90      0.95        10
       276.0       0.79      1.00      0.88        11
       277.0       0.92      0.92      0.92        12

    accuracy                           0.87      6279
   macro avg       0.88      0.87      0.87      6279
weighted avg       0.88      0.87      0.87      6279


===confusion_matrix===

[[10  0  0 ...  0  0  0]
 [ 0 25  0 ...  0  0  0]
 [ 0  0 15 ...  0  0  0]
 ...
 [ 0  0  0 ...  9  1  0]
 [ 0  0  0 ...  0 11  0]
 [ 0  0  0 ...  0  0 11]]

===multilabel confusion matrix===

[[[6268    0]
  [   1   10]]

 [[6254    0]
  [   0   25]]

 [[6262    1]
  [   1   15]]

 ...

 [[6269    0]
  [   1    9]]

 [[6265    3]
  [   0   11]]

 [[6266    1]
  [   1   11]]]

===scores report===
metrics	scores
Accuracy	0.8742
MCC	0.8733
log_loss	0.6769
f1 score weighted	0.8732
f1 score macro	0.8739
f1 score micro	0.8742
roc_auc ovr	0.9965
roc_auc ovo	0.9969
precision	0.8781
recall	0.8742

===Callbacks===

generate_callbacks
[<tensorflow.python.keras.callbacks.EarlyStopping object at 0x7ff88c2f1610>, <tensorflow.python.keras.callbacks.ReduceLROnPlateau object at 0x7ff88c2f1490>, <tensorflow.python.keras.callbacks.ModelCheckpoint object at 0x7ff88c2f1910>]
===SCORING TEST SET ===

model_complete_evaluate
{'self': <deep_ml.DeepML object at 0x7ff88c2f17c0>, 'x_test': array([[[1, 0, 0, ..., 0, 0, 0],
        [1, 0, 0, ..., 0, 0, 0],
        [1, 0, 0, ..., 0, 0, 0],
        ...,
        [0, 0, 0, ..., 0, 0, 0],
        [0, 0, 0, ..., 0, 0, 0],
        [0, 0, 0, ..., 0, 0, 0]],

       [[1, 0, 0, ..., 0, 0, 0],
        [1, 0, 0, ..., 0, 0, 0],
        [1, 0, 0, ..., 0, 0, 0],
        ...,
        [0, 0, 0, ..., 0, 0, 0],
        [0, 0, 0, ..., 0, 0, 0],
        [0, 0, 0, ..., 0, 0, 0]],

       [[1, 0, 0, ..., 0, 0, 0],
        [1, 0, 0, ..., 0, 0, 0],
        [1, 0, 0, ..., 0, 0, 0],
        ...,
        [0, 0, 0, ..., 0, 0, 0],
        [0, 0, 0, ..., 0, 0, 0],
        [0, 0, 0, ..., 0, 0, 1]],

       ...,

       [[0, 0, 0, ..., 0, 0, 0],
        [0, 0, 0, ..., 0, 0, 0],
        [0, 0, 1, ..., 0, 0, 0],
        ...,
        [0, 0, 0, ..., 0, 1, 0],
        [0, 0, 0, ..., 0, 0, 0],
        [0, 0, 0, ..., 0, 0, 0]],

       [[1, 0, 0, ..., 0, 0, 0],
        [1, 0, 0, ..., 0, 0, 0],
        [1, 0, 0, ..., 0, 0, 0],
        ...,
        [0, 0, 0, ..., 0, 1, 0],
        [0, 0, 0, ..., 0, 0, 1],
        [0, 0, 0, ..., 0, 0, 0]],

       [[1, 0, 0, ..., 0, 0, 0],
        [0, 0, 0, ..., 0, 0, 0],
        [0, 0, 0, ..., 0, 0, 0],
        ...,
        [0, 1, 0, ..., 0, 0, 0],
        [0, 0, 0, ..., 0, 0, 0],
        [0, 0, 0, ..., 0, 0, 0]]], dtype=int8), 'y_test': array([84., 84., 84., ..., 62., 62., 62.], dtype=float32), 'model': None}
report

              precision    recall  f1-score   support

         0.0       1.00      1.00      1.00        11
         1.0       0.93      1.00      0.96        25
         2.0       0.94      0.94      0.94        17
         3.0       0.87      1.00      0.93        13
         4.0       1.00      0.87      0.93        15
         5.0       1.00      0.90      0.95        10
         6.0       0.95      0.95      0.95        21
         7.0       0.82      0.78      0.80        23
         8.0       0.48      0.64      0.55        22
         9.0       0.86      0.94      0.90        34
        10.0       0.82      0.90      0.86        10
        11.0       0.90      0.95      0.92        19
        12.0       0.71      0.59      0.65        17
        13.0       0.92      0.86      0.89        14
        14.0       1.00      0.85      0.92        13
        15.0       1.00      0.91      0.95        11
        16.0       0.94      1.00      0.97        16
        17.0       0.92      1.00      0.96        12
        18.0       0.96      0.96      0.96        25
        19.0       0.96      1.00      0.98        26
        20.0       0.93      1.00      0.96        13
        21.0       0.94      0.94      0.94        16
        22.0       0.94      1.00      0.97        17
        23.0       0.77      0.91      0.83        11
        24.0       0.95      0.95      0.95        19
        25.0       1.00      1.00      1.00        18
        26.0       0.85      1.00      0.92        11
        27.0       0.92      0.92      0.92        13
        28.0       1.00      1.00      1.00        21
        29.0       0.96      1.00      0.98        22
        30.0       0.94      1.00      0.97        29
        31.0       1.00      1.00      1.00        18
        32.0       0.78      0.70      0.74        10
        33.0       1.00      0.97      0.98        30
        34.0       1.00      0.97      0.98        32
        35.0       1.00      0.85      0.92        13
        36.0       0.93      0.96      0.95        27
        37.0       0.86      0.80      0.83        15
        38.0       0.92      1.00      0.96        12
        39.0       1.00      0.38      0.56        13
        40.0       1.00      1.00      1.00        15
        41.0       1.00      0.92      0.96        12
        42.0       0.91      0.91      0.91        11
        43.0       0.94      1.00      0.97        16
        44.0       0.96      0.93      0.95        29
        45.0       0.96      1.00      0.98        22
        46.0       0.94      1.00      0.97        16
        47.0       0.92      0.92      0.92        13
        48.0       0.60      0.82      0.69        11
        49.0       0.92      0.92      0.92        12
        50.0       0.92      1.00      0.96        12
        51.0       1.00      1.00      1.00        13
        52.0       0.96      0.85      0.90        26
        53.0       0.87      0.96      0.91        27
        54.0       0.96      0.96      0.96        23
        55.0       1.00      1.00      1.00        19
        56.0       0.96      0.96      0.96        25
        57.0       1.00      1.00      1.00        22
        58.0       1.00      1.00      1.00        11
        59.0       0.62      0.50      0.55        16
        60.0       0.96      0.88      0.92        25
        61.0       0.80      0.80      0.80        15
        62.0       0.84      0.85      0.84       133
        63.0       1.00      0.88      0.93        16
        64.0       1.00      1.00      1.00        12
        65.0       0.95      1.00      0.97        18
        66.0       1.00      0.93      0.96        14
        67.0       0.92      1.00      0.96        11
        68.0       1.00      0.89      0.94        18
        69.0       1.00      1.00      1.00        30
        70.0       0.95      1.00      0.97        18
        71.0       0.93      0.93      0.93        15
        72.0       1.00      1.00      1.00        22
        73.0       1.00      0.91      0.95        11
        74.0       1.00      1.00      1.00        21
        75.0       0.89      0.94      0.92        18
        76.0       0.93      0.87      0.90        15
        77.0       0.95      1.00      0.98        21
        78.0       0.95      1.00      0.98        21
        79.0       0.83      0.91      0.87        11
        80.0       0.79      0.69      0.73        32
        81.0       0.91      1.00      0.95        21
        82.0       0.96      1.00      0.98        26
        83.0       1.00      1.00      1.00        13
        84.0       0.91      1.00      0.95        21
        85.0       1.00      0.83      0.91        12
        86.0       1.00      1.00      1.00        39
        87.0       1.00      0.88      0.94        17
        88.0       0.96      1.00      0.98        27
        89.0       1.00      0.58      0.74        12
        90.0       0.95      0.95      0.95        20
        91.0       0.97      1.00      0.98        30
        92.0       1.00      1.00      1.00        13
        93.0       0.82      0.69      0.75        13
        94.0       0.96      1.00      0.98        27
        95.0       1.00      0.96      0.98        26
        96.0       1.00      0.91      0.95        11
        97.0       0.97      1.00      0.98        31
        98.0       1.00      0.82      0.90        17
        99.0       1.00      0.94      0.97        18
       100.0       0.96      0.88      0.92        25
       101.0       0.96      0.89      0.93        28
       102.0       0.79      0.55      0.65        20
       103.0       0.85      0.89      0.87       292
       104.0       1.00      0.85      0.92        13
       105.0       0.87      0.81      0.84        16
       106.0       0.85      0.79      0.82        43
       107.0       1.00      1.00      1.00        13
       108.0       0.93      0.93      0.93        15
       109.0       0.94      0.89      0.91        18
       110.0       1.00      1.00      1.00        17
       111.0       0.88      1.00      0.93        14
       112.0       0.95      0.91      0.93        23
       113.0       0.91      0.94      0.93        34
       114.0       0.90      1.00      0.95        18
       115.0       0.95      0.86      0.90        21
       116.0       0.94      0.97      0.96        34
       117.0       1.00      0.83      0.91        12
       118.0       1.00      0.96      0.98        28
       119.0       0.93      1.00      0.96        26
       120.0       0.93      1.00      0.96        13
       121.0       1.00      0.91      0.95        11
       122.0       0.20      0.25      0.22        20
       123.0       0.80      0.85      0.82       135
       124.0       0.95      0.95      0.95        19
       125.0       0.59      0.62      0.61        58
       126.0       0.93      0.93      0.93        14
       127.0       1.00      1.00      1.00        18
       128.0       1.00      1.00      1.00        16
       129.0       1.00      0.94      0.97        18
       130.0       0.85      0.91      0.88        32
       131.0       0.83      1.00      0.91        20
       132.0       1.00      1.00      1.00        18
       133.0       1.00      1.00      1.00        14
       134.0       1.00      0.94      0.97        16
       135.0       0.93      1.00      0.96        13
       136.0       0.75      0.69      0.72        13
       137.0       0.93      0.97      0.95        39
       138.0       0.70      0.50      0.58        14
       139.0       0.59      0.68      0.63        19
       140.0       1.00      0.80      0.89        20
       141.0       0.96      1.00      0.98        45
       142.0       0.54      0.58      0.56        12
       143.0       1.00      1.00      1.00        17
       144.0       1.00      0.90      0.95        10
       145.0       0.42      0.53      0.47        19
       146.0       0.76      0.79      0.77        28
       147.0       0.85      0.92      0.88        12
       148.0       0.90      0.79      0.84        24
       149.0       0.96      0.94      0.95        51
       150.0       0.78      0.81      0.80        53
       151.0       0.75      0.94      0.83        16
       152.0       0.88      0.67      0.76        67
       153.0       0.33      0.40      0.36        10
       154.0       0.71      0.72      0.72        40
       155.0       0.79      0.92      0.85        25
       156.0       0.33      0.36      0.35        11
       157.0       0.56      0.56      0.56        18
       158.0       0.79      0.69      0.73        16
       159.0       0.61      0.61      0.61        18
       160.0       0.60      0.80      0.69        15
       161.0       0.70      0.64      0.67        25
       162.0       0.75      0.30      0.43        10
       163.0       0.69      0.60      0.64        15
       164.0       0.89      1.00      0.94        17
       165.0       0.92      0.85      0.88        13
       166.0       0.48      0.65      0.55        48
       167.0       0.88      1.00      0.94        22
       168.0       0.80      0.80      0.80        15
       169.0       1.00      0.88      0.93        16
       170.0       0.89      1.00      0.94        24
       171.0       0.89      0.94      0.92        36
       172.0       0.92      0.86      0.89        14
       173.0       0.84      0.94      0.89        17
       174.0       0.88      0.92      0.90        25
       175.0       1.00      0.75      0.86        12
       176.0       0.82      0.75      0.78        12
       177.0       0.90      0.90      0.90        21
       178.0       1.00      1.00      1.00        15
       179.0       0.64      0.60      0.62        15
       180.0       0.80      0.80      0.80        15
       181.0       0.83      0.68      0.75        22
       182.0       0.91      0.97      0.94        31
       183.0       1.00      0.83      0.91        12
       184.0       0.95      1.00      0.98        21
       185.0       0.90      0.97      0.93        29
       186.0       0.72      0.72      0.72       127
       187.0       0.89      0.87      0.88       119
       188.0       1.00      0.93      0.96        14
       189.0       1.00      0.91      0.95        22
       190.0       0.93      1.00      0.97        14
       191.0       0.91      0.83      0.87        12
       192.0       0.88      0.93      0.90        15
       193.0       0.75      0.75      0.75        12
       194.0       0.73      0.55      0.63        20
       195.0       1.00      0.73      0.84        11
       196.0       1.00      1.00      1.00        14
       197.0       0.80      0.92      0.86        13
       198.0       0.93      1.00      0.96        13
       199.0       0.75      0.40      0.52        15
       200.0       0.92      0.89      0.91        27
       201.0       0.83      0.94      0.88        16
       202.0       0.92      0.86      0.89        14
       203.0       0.97      0.97      0.97        29
       204.0       1.00      1.00      1.00        21
       205.0       0.94      1.00      0.97        16
       206.0       1.00      1.00      1.00        19
       207.0       0.95      1.00      0.98        20
       208.0       1.00      0.94      0.97        17
       209.0       0.93      0.88      0.90        16
       210.0       1.00      1.00      1.00        20
       211.0       0.92      0.86      0.89        14
       212.0       1.00      0.93      0.96        14
       213.0       1.00      1.00      1.00        18
       214.0       1.00      0.86      0.93        22
       215.0       1.00      0.86      0.92        14
       216.0       1.00      1.00      1.00        17
       217.0       0.91      0.91      0.91        11
       218.0       0.89      0.90      0.90       111
       219.0       0.90      0.97      0.93        29
       220.0       0.95      0.95      0.95        21
       221.0       1.00      1.00      1.00        13
       222.0       1.00      0.92      0.96        26
       223.0       0.88      0.88      0.88        17
       224.0       1.00      0.95      0.97        20
       225.0       0.93      0.88      0.90        16
       226.0       1.00      0.91      0.95        11
       227.0       0.81      1.00      0.90        13
       228.0       1.00      1.00      1.00        11
       229.0       0.94      1.00      0.97        30
       230.0       1.00      0.88      0.94        34
       231.0       0.55      0.50      0.52        12
       232.0       0.88      0.72      0.79        29
       233.0       0.94      0.89      0.92        19
       234.0       1.00      0.79      0.88        19
       235.0       0.95      1.00      0.98        20
       236.0       0.84      0.95      0.89        22
       237.0       0.95      0.95      0.95        20
       238.0       1.00      1.00      1.00        27
       239.0       0.94      0.94      0.94        31
       240.0       0.92      0.96      0.94        24
       241.0       1.00      0.71      0.83        14
       242.0       0.82      0.93      0.87        44
       243.0       1.00      1.00      1.00        27
       244.0       0.92      1.00      0.96        11
       245.0       1.00      0.95      0.97        20
       246.0       1.00      1.00      1.00        22
       247.0       0.83      0.95      0.88        20
       248.0       1.00      0.75      0.86        16
       249.0       0.90      1.00      0.95        26
       250.0       0.95      0.95      0.95        19
       251.0       1.00      1.00      1.00        11
       252.0       0.82      0.82      0.82        11
       253.0       0.95      0.95      0.95        22
       254.0       1.00      0.92      0.96        12
       255.0       0.78      0.88      0.82        16
       256.0       1.00      0.96      0.98        24
       257.0       0.79      0.79      0.79        14
       258.0       1.00      1.00      1.00        18
       259.0       0.93      1.00      0.96        26
       260.0       1.00      1.00      1.00        18
       261.0       0.90      0.84      0.87        31
       262.0       1.00      1.00      1.00        10
       263.0       1.00      1.00      1.00        15
       264.0       0.86      1.00      0.93        19
       265.0       1.00      1.00      1.00        10
       266.0       0.91      0.67      0.77        15
       267.0       0.77      0.77      0.77        13
       268.0       0.85      0.85      0.85        20
       269.0       0.94      0.94      0.94        18
       270.0       0.65      0.73      0.69        15
       271.0       0.92      0.95      0.94        38
       272.0       0.95      0.98      0.96        53
       273.0       1.00      0.87      0.93        31
       274.0       0.93      0.81      0.87        32
       275.0       1.00      1.00      1.00        10
       276.0       1.00      1.00      1.00        11
       277.0       1.00      1.00      1.00        11

    accuracy                           0.89      6279
   macro avg       0.90      0.89      0.89      6279
weighted avg       0.89      0.89      0.89      6279


===confusion_matrix===

[[11  0  0 ...  0  0  0]
 [ 0 25  0 ...  0  0  0]
 [ 0  0 16 ...  0  0  0]
 ...
 [ 0  0  0 ... 10  0  0]
 [ 0  0  0 ...  0 11  0]
 [ 0  0  0 ...  0  0 11]]

===multilabel confusion matrix===

[[[6268    0]
  [   0   11]]

 [[6252    2]
  [   0   25]]

 [[6261    1]
  [   1   16]]

 ...

 [[6269    0]
  [   0   10]]

 [[6268    0]
  [   0   11]]

 [[6268    0]
  [   0   11]]]

===scores report===
metrics	scores
Accuracy	0.8868
MCC	0.8859
log_loss	0.6511
f1 score weighted	0.8865
f1 score macro	0.8917
f1 score micro	0.8868
roc_auc ovr	0.9968
roc_auc ovo	0.9972
precision	0.8915
recall	0.8868

===Callbacks===

generate_callbacks
[<tensorflow.python.keras.callbacks.EarlyStopping object at 0x7ff88c2f1610>, <tensorflow.python.keras.callbacks.ReduceLROnPlateau object at 0x7ff88c2f1490>, <tensorflow.python.keras.callbacks.ModelCheckpoint object at 0x7ff88c2f1910>]