/home/amsequeira/enzymeClassification/models/cv_len_pad/64_64_32_900_pre_terminal_cv
self
x_train
y_train
x_test
y_test
number_classes
problem_type
x_dval
y_dval
model
epochs
batch_size
callbacks
reduce_lr
early_stopping
checkpoint
tensorboard
early_stopping_patience
reduce_lr_patience
reduce_lr_factor
reduce_lr_min
path
report_name
verbose
validation_split
shuffle
class_weights
===Callbacks===

generate_callbacks
[<tensorflow.python.keras.callbacks.EarlyStopping object at 0x7ff0c0459280>, <tensorflow.python.keras.callbacks.ReduceLROnPlateau object at 0x7ff0c04594f0>, <tensorflow.python.keras.callbacks.ModelCheckpoint object at 0x7ff0c0459490>]
===SCORING TEST SET ===

model_complete_evaluate
{'self': <deep_ml.DeepML object at 0x7ff0c0459250>, 'x_test': array([[[1, 0, 0, ..., 0, 0, 0],
        [1, 0, 0, ..., 0, 0, 0],
        [1, 0, 0, ..., 0, 0, 0],
        ...,
        [0, 0, 0, ..., 0, 0, 0],
        [0, 0, 0, ..., 1, 0, 0],
        [0, 0, 0, ..., 0, 0, 0]],

       [[1, 0, 0, ..., 0, 0, 0],
        [1, 0, 0, ..., 0, 0, 0],
        [1, 0, 0, ..., 0, 0, 0],
        ...,
        [0, 0, 0, ..., 0, 1, 0],
        [0, 0, 0, ..., 0, 0, 0],
        [0, 0, 0, ..., 0, 0, 0]],

       [[1, 0, 0, ..., 0, 0, 0],
        [1, 0, 0, ..., 0, 0, 0],
        [1, 0, 0, ..., 0, 0, 0],
        ...,
        [0, 0, 0, ..., 0, 0, 0],
        [0, 0, 0, ..., 1, 0, 0],
        [1, 0, 0, ..., 0, 0, 0]],

       ...,

       [[1, 0, 0, ..., 0, 0, 0],
        [1, 0, 0, ..., 0, 0, 0],
        [1, 0, 0, ..., 0, 0, 0],
        ...,
        [0, 0, 0, ..., 0, 0, 0],
        [0, 0, 0, ..., 0, 0, 0],
        [0, 0, 0, ..., 0, 0, 0]],

       [[1, 0, 0, ..., 0, 0, 0],
        [1, 0, 0, ..., 0, 0, 0],
        [1, 0, 0, ..., 0, 0, 0],
        ...,
        [0, 0, 0, ..., 0, 0, 0],
        [0, 0, 0, ..., 0, 0, 0],
        [0, 0, 0, ..., 0, 0, 0]],

       [[0, 0, 0, ..., 0, 0, 0],
        [0, 0, 0, ..., 0, 0, 0],
        [0, 0, 0, ..., 0, 0, 0],
        ...,
        [0, 0, 0, ..., 0, 0, 0],
        [0, 0, 0, ..., 0, 0, 0],
        [0, 0, 0, ..., 0, 0, 0]]], dtype=int8), 'y_test': array([2., 2., 1., ..., 0., 0., 0.], dtype=float32), 'model': None}
report

              precision    recall  f1-score   support

         0.0       0.81      0.58      0.68      4541
         1.0       0.68      0.71      0.70      3813
         2.0       0.88      0.71      0.79     10869
         3.0       0.63      0.80      0.70      6897
         4.0       0.75      0.60      0.67      2585
         5.0       0.69      0.53      0.60      1617
         6.0       0.59      0.96      0.73      3258
         7.0       0.86      0.92      0.89      1372

    accuracy                           0.73     34952
   macro avg       0.74      0.73      0.72     34952
weighted avg       0.75      0.73      0.73     34952


===confusion_matrix===

[[2631  157  257 1243   12   38  120   83]
 [  40 2705  205  350  102   78  314   19]
 [ 281  458 7759 1008  213   86  999   65]
 [ 194  244  338 5522  141  102  315   41]
 [  23  244  167  390 1558   79  122    2]
 [  32  108   73  220   53  863  265    3]
 [   6   25   37   39    5    8 3137    1]
 [  26   24   20   27    1    0   12 1262]]

===multilabel confusion matrix===

[[[29809   602]
  [ 1910  2631]]

 [[29879  1260]
  [ 1108  2705]]

 [[22986  1097]
  [ 3110  7759]]

 [[24778  3277]
  [ 1375  5522]]

 [[31840   527]
  [ 1027  1558]]

 [[32944   391]
  [  754   863]]

 [[29547  2147]
  [  121  3137]]

 [[33366   214]
  [  110  1262]]]

===scores report===
metrics	scores
Accuracy	0.7278
MCC	0.6748
log_loss	0.8165
f1 score weighted	0.7277
f1 score macro	0.7190
f1 score micro	0.7278
roc_auc ovr	0.9451
roc_auc ovo	0.9503
precision	0.7524
recall	0.7278

===Callbacks===

generate_callbacks
[<tensorflow.python.keras.callbacks.EarlyStopping object at 0x7ff0c0459280>, <tensorflow.python.keras.callbacks.ReduceLROnPlateau object at 0x7ff0c04594f0>, <tensorflow.python.keras.callbacks.ModelCheckpoint object at 0x7ff0c0459490>]
===SCORING TEST SET ===

model_complete_evaluate
{'self': <deep_ml.DeepML object at 0x7ff0c0459250>, 'x_test': array([[[1, 0, 0, ..., 0, 0, 0],
        [1, 0, 0, ..., 0, 0, 0],
        [1, 0, 0, ..., 0, 0, 0],
        ...,
        [0, 0, 0, ..., 0, 0, 0],
        [0, 0, 0, ..., 0, 0, 0],
        [0, 0, 0, ..., 0, 0, 0]],

       [[1, 0, 0, ..., 0, 0, 0],
        [1, 0, 0, ..., 0, 0, 0],
        [1, 0, 0, ..., 0, 0, 0],
        ...,
        [0, 0, 0, ..., 0, 0, 1],
        [0, 0, 0, ..., 0, 0, 0],
        [0, 0, 0, ..., 0, 0, 0]],

       [[1, 0, 0, ..., 0, 0, 0],
        [1, 0, 0, ..., 0, 0, 0],
        [1, 0, 0, ..., 0, 0, 0],
        ...,
        [0, 0, 0, ..., 0, 0, 0],
        [0, 0, 0, ..., 0, 0, 0],
        [0, 0, 0, ..., 0, 0, 0]],

       ...,

       [[1, 0, 0, ..., 0, 0, 0],
        [1, 0, 0, ..., 0, 0, 0],
        [1, 0, 0, ..., 0, 0, 0],
        ...,
        [0, 0, 0, ..., 0, 0, 0],
        [0, 0, 0, ..., 0, 0, 0],
        [0, 0, 0, ..., 0, 0, 0]],

       [[0, 0, 0, ..., 0, 0, 0],
        [0, 1, 0, ..., 0, 0, 0],
        [0, 0, 0, ..., 0, 0, 0],
        ...,
        [1, 0, 0, ..., 0, 0, 0],
        [1, 0, 0, ..., 0, 0, 0],
        [0, 0, 0, ..., 0, 0, 0]],

       [[1, 0, 0, ..., 0, 0, 0],
        [1, 0, 0, ..., 0, 0, 0],
        [1, 0, 0, ..., 0, 0, 0],
        ...,
        [0, 0, 0, ..., 0, 0, 0],
        [0, 0, 0, ..., 0, 0, 0],
        [0, 0, 0, ..., 0, 0, 0]]], dtype=int8), 'y_test': array([2., 2., 2., ..., 0., 0., 0.], dtype=float32), 'model': None}
report

              precision    recall  f1-score   support

         0.0       0.79      0.79      0.79      4541
         1.0       0.85      0.87      0.86      3813
         2.0       0.89      0.92      0.90     10869
         3.0       0.88      0.79      0.84      6897
         4.0       0.76      0.89      0.82      2585
         5.0       0.89      0.85      0.87      1616
         6.0       0.98      0.93      0.95      3258
         7.0       0.95      0.95      0.95      1372

    accuracy                           0.87     34951
   macro avg       0.87      0.88      0.87     34951
weighted avg       0.87      0.87      0.87     34951


===confusion_matrix===

[[3593  137  346  259  129   24   14   39]
 [  61 3318  144  119  127   27   10    7]
 [ 290  165 9952  202  204   41   12    3]
 [ 481  179  479 5480  193   48   21   16]
 [  39   42  111   78 2303   11    1    0]
 [  32   22   80   53   37 1381    5    6]
 [  31   39   95   20   24   13 3034    2]
 [  31   14    2   14    2    2    1 1306]]

===multilabel confusion matrix===

[[[29445   965]
  [  948  3593]]

 [[30540   598]
  [  495  3318]]

 [[22825  1257]
  [  917  9952]]

 [[27309   745]
  [ 1417  5480]]

 [[31650   716]
  [  282  2303]]

 [[33169   166]
  [  235  1381]]

 [[31629    64]
  [  224  3034]]

 [[33506    73]
  [   66  1306]]]

===scores report===
metrics	scores
Accuracy	0.8688
MCC	0.8399
log_loss	0.4317
f1 score weighted	0.8689
f1 score macro	0.8731
f1 score micro	0.8688
roc_auc ovr	0.9825
roc_auc ovo	0.9851
precision	0.8708
recall	0.8688

===Callbacks===

generate_callbacks
[<tensorflow.python.keras.callbacks.EarlyStopping object at 0x7ff0c0459280>, <tensorflow.python.keras.callbacks.ReduceLROnPlateau object at 0x7ff0c04594f0>, <tensorflow.python.keras.callbacks.ModelCheckpoint object at 0x7ff0c0459490>]
===SCORING TEST SET ===

model_complete_evaluate
{'self': <deep_ml.DeepML object at 0x7ff0c0459250>, 'x_test': array([[[1, 0, 0, ..., 0, 0, 0],
        [1, 0, 0, ..., 0, 0, 0],
        [1, 0, 0, ..., 0, 0, 0],
        ...,
        [0, 0, 0, ..., 0, 0, 0],
        [0, 0, 0, ..., 0, 0, 0],
        [0, 1, 0, ..., 0, 0, 0]],

       [[1, 0, 0, ..., 0, 0, 0],
        [1, 0, 0, ..., 0, 0, 0],
        [1, 0, 0, ..., 0, 0, 0],
        ...,
        [0, 0, 0, ..., 0, 0, 0],
        [1, 0, 0, ..., 0, 0, 0],
        [0, 0, 0, ..., 0, 0, 0]],

       [[1, 0, 0, ..., 0, 0, 0],
        [1, 0, 0, ..., 0, 0, 0],
        [1, 0, 0, ..., 0, 0, 0],
        ...,
        [0, 0, 0, ..., 0, 0, 0],
        [0, 0, 0, ..., 1, 0, 0],
        [0, 0, 0, ..., 0, 0, 1]],

       ...,

       [[1, 0, 0, ..., 0, 0, 0],
        [1, 0, 0, ..., 0, 0, 0],
        [1, 0, 0, ..., 0, 0, 0],
        ...,
        [0, 0, 0, ..., 0, 0, 0],
        [0, 0, 0, ..., 0, 0, 1],
        [0, 0, 0, ..., 0, 0, 0]],

       [[1, 0, 0, ..., 0, 0, 0],
        [1, 0, 0, ..., 0, 0, 0],
        [1, 0, 0, ..., 0, 0, 0],
        ...,
        [0, 0, 0, ..., 0, 0, 0],
        [0, 0, 0, ..., 0, 0, 0],
        [1, 0, 0, ..., 0, 0, 0]],

       [[1, 0, 0, ..., 0, 0, 0],
        [1, 0, 0, ..., 0, 0, 0],
        [1, 0, 0, ..., 0, 0, 0],
        ...,
        [0, 0, 1, ..., 0, 0, 0],
        [0, 0, 0, ..., 0, 0, 0],
        [0, 0, 0, ..., 0, 0, 0]]], dtype=int8), 'y_test': array([2., 2., 1., ..., 0., 0., 0.], dtype=float32), 'model': None}
report

              precision    recall  f1-score   support

         0.0       0.80      0.80      0.80      4542
         1.0       0.87      0.89      0.88      3814
         2.0       0.86      0.95      0.90     10869
         3.0       0.92      0.80      0.85      6896
         4.0       0.88      0.86      0.87      2584
         5.0       0.93      0.85      0.89      1616
         6.0       0.98      0.96      0.97      3258
         7.0       0.96      0.96      0.96      1372

    accuracy                           0.88     34951
   macro avg       0.90      0.88      0.89     34951
weighted avg       0.89      0.88      0.88     34951


===confusion_matrix===

[[ 3636   110   463   224    53    20    10    26]
 [   91  3401   187    53    48     9    11    14]
 [  246   116 10285   127    69    13    12     1]
 [  439   144   652  5507    94    28    17    15]
 [   33    58   176    65  2229    17     3     3]
 [   41    52    83    25    34  1374     6     1]
 [   12    32    68    11     5    11  3118     1]
 [   23    12     9     6     1     0     3  1318]]

===multilabel confusion matrix===

[[[29524   885]
  [  906  3636]]

 [[30613   524]
  [  413  3401]]

 [[22444  1638]
  [  584 10285]]

 [[27544   511]
  [ 1389  5507]]

 [[32063   304]
  [  355  2229]]

 [[33237    98]
  [  242  1374]]

 [[31631    62]
  [  140  3118]]

 [[33518    61]
  [   54  1318]]]

===scores report===
metrics	scores
Accuracy	0.8832
MCC	0.8573
log_loss	0.3855
f1 score weighted	0.8826
f1 score macro	0.8906
f1 score micro	0.8832
roc_auc ovr	0.9857
roc_auc ovo	0.9874
precision	0.8850
recall	0.8832

===Callbacks===

generate_callbacks
[<tensorflow.python.keras.callbacks.EarlyStopping object at 0x7ff0c0459280>, <tensorflow.python.keras.callbacks.ReduceLROnPlateau object at 0x7ff0c04594f0>, <tensorflow.python.keras.callbacks.ModelCheckpoint object at 0x7ff0c0459490>]
===SCORING TEST SET ===

model_complete_evaluate
{'self': <deep_ml.DeepML object at 0x7ff0c0459250>, 'x_test': array([[[1, 0, 0, ..., 0, 0, 0],
        [1, 0, 0, ..., 0, 0, 0],
        [1, 0, 0, ..., 0, 0, 0],
        ...,
        [0, 0, 0, ..., 0, 0, 0],
        [1, 0, 0, ..., 0, 0, 0],
        [0, 0, 0, ..., 0, 0, 0]],

       [[1, 0, 0, ..., 0, 0, 0],
        [1, 0, 0, ..., 0, 0, 0],
        [1, 0, 0, ..., 0, 0, 0],
        ...,
        [0, 0, 0, ..., 0, 0, 0],
        [0, 0, 0, ..., 0, 0, 0],
        [1, 0, 0, ..., 0, 0, 0]],

       [[1, 0, 0, ..., 0, 0, 0],
        [1, 0, 0, ..., 0, 0, 0],
        [1, 0, 0, ..., 0, 0, 0],
        ...,
        [0, 0, 0, ..., 0, 0, 0],
        [0, 0, 0, ..., 1, 0, 0],
        [0, 0, 0, ..., 0, 0, 0]],

       ...,

       [[1, 0, 0, ..., 0, 0, 0],
        [1, 0, 0, ..., 0, 0, 0],
        [1, 0, 0, ..., 0, 0, 0],
        ...,
        [0, 0, 0, ..., 1, 0, 0],
        [0, 0, 1, ..., 0, 0, 0],
        [0, 0, 0, ..., 0, 0, 1]],

       [[0, 0, 0, ..., 0, 0, 0],
        [0, 0, 0, ..., 0, 0, 0],
        [1, 0, 0, ..., 0, 0, 0],
        ...,
        [0, 0, 0, ..., 0, 0, 0],
        [0, 0, 0, ..., 0, 0, 0],
        [0, 0, 0, ..., 0, 0, 0]],

       [[1, 0, 0, ..., 0, 0, 0],
        [1, 0, 0, ..., 0, 0, 0],
        [1, 0, 0, ..., 0, 0, 0],
        ...,
        [0, 0, 0, ..., 0, 0, 0],
        [0, 0, 0, ..., 0, 0, 0],
        [0, 0, 0, ..., 0, 1, 0]]], dtype=int8), 'y_test': array([2., 2., 1., ..., 0., 0., 0.], dtype=float32), 'model': None}
report

              precision    recall  f1-score   support

         0.0       0.85      0.71      0.77      4542
         1.0       0.91      0.82      0.86      3813
         2.0       0.88      0.91      0.90     10868
         3.0       0.81      0.89      0.85      6897
         4.0       0.84      0.87      0.86      2585
         5.0       0.87      0.86      0.86      1616
         6.0       0.94      0.95      0.94      3258
         7.0       0.92      0.97      0.95      1372

    accuracy                           0.87     34951
   macro avg       0.88      0.87      0.87     34951
weighted avg       0.87      0.87      0.87     34951


===confusion_matrix===

[[3218   80  484  592   48   52   19   49]
 [  54 3141  205  211  122   24   36   20]
 [ 232   98 9870  392  128   46   86   16]
 [ 226   63  315 6113   74   55   33   18]
 [  14   39  116  133 2248   25   10    0]
 [  20   19   70   67   29 1384   25    2]
 [   8   15   86   30   12    9 3094    4]
 [  10    0   14   11    1    0    2 1334]]

===multilabel confusion matrix===

[[[29845   564]
  [ 1324  3218]]

 [[30824   314]
  [  672  3141]]

 [[22793  1290]
  [  998  9870]]

 [[26618  1436]
  [  784  6113]]

 [[31952   414]
  [  337  2248]]

 [[33124   211]
  [  232  1384]]

 [[31482   211]
  [  164  3094]]

 [[33470   109]
  [   38  1334]]]

===scores report===
metrics	scores
Accuracy	0.8698
MCC	0.8408
log_loss	0.4051
f1 score weighted	0.8688
f1 score macro	0.8737
f1 score micro	0.8698
roc_auc ovr	0.9835
roc_auc ovo	0.9860
precision	0.8707
recall	0.8698

===Callbacks===

generate_callbacks
[<tensorflow.python.keras.callbacks.EarlyStopping object at 0x7ff0c0459280>, <tensorflow.python.keras.callbacks.ReduceLROnPlateau object at 0x7ff0c04594f0>, <tensorflow.python.keras.callbacks.ModelCheckpoint object at 0x7ff0c0459490>]
===SCORING TEST SET ===

model_complete_evaluate
{'self': <deep_ml.DeepML object at 0x7ff0c0459250>, 'x_test': array([[[1, 0, 0, ..., 0, 0, 0],
        [1, 0, 0, ..., 0, 0, 0],
        [1, 0, 0, ..., 0, 0, 0],
        ...,
        [0, 0, 0, ..., 0, 0, 0],
        [0, 0, 0, ..., 0, 0, 0],
        [1, 0, 0, ..., 0, 0, 0]],

       [[1, 0, 0, ..., 0, 0, 0],
        [1, 0, 0, ..., 0, 0, 0],
        [1, 0, 0, ..., 0, 0, 0],
        ...,
        [0, 0, 0, ..., 0, 0, 0],
        [1, 0, 0, ..., 0, 0, 0],
        [0, 0, 0, ..., 0, 0, 0]],

       [[1, 0, 0, ..., 0, 0, 0],
        [1, 0, 0, ..., 0, 0, 0],
        [1, 0, 0, ..., 0, 0, 0],
        ...,
        [0, 0, 0, ..., 0, 0, 0],
        [0, 0, 0, ..., 0, 0, 0],
        [0, 1, 0, ..., 0, 0, 0]],

       ...,

       [[1, 0, 0, ..., 0, 0, 0],
        [1, 0, 0, ..., 0, 0, 0],
        [1, 0, 0, ..., 0, 0, 0],
        ...,
        [0, 0, 0, ..., 0, 0, 0],
        [0, 0, 0, ..., 0, 0, 0],
        [0, 0, 0, ..., 0, 0, 0]],

       [[1, 0, 0, ..., 0, 0, 0],
        [1, 0, 0, ..., 0, 0, 0],
        [1, 0, 0, ..., 0, 0, 0],
        ...,
        [1, 0, 0, ..., 0, 0, 0],
        [1, 0, 0, ..., 0, 0, 0],
        [0, 0, 0, ..., 0, 0, 1]],

       [[1, 0, 0, ..., 0, 0, 0],
        [1, 0, 0, ..., 0, 0, 0],
        [1, 0, 0, ..., 0, 0, 0],
        ...,
        [0, 0, 0, ..., 0, 0, 0],
        [0, 0, 0, ..., 0, 0, 0],
        [0, 0, 0, ..., 0, 0, 0]]], dtype=int8), 'y_test': array([2., 2., 2., ..., 0., 0., 0.], dtype=float32), 'model': None}
report

              precision    recall  f1-score   support

         0.0       0.78      0.75      0.76      4542
         1.0       0.96      0.74      0.83      3813
         2.0       0.94      0.83      0.88     10868
         3.0       0.78      0.86      0.81      6897
         4.0       0.70      0.87      0.78      2585
         5.0       0.53      0.90      0.67      1616
         6.0       0.96      0.94      0.95      3258
         7.0       0.97      0.91      0.94      1372

    accuracy                           0.83     34951
   macro avg       0.83      0.85      0.83     34951
weighted avg       0.85      0.83      0.84     34951


===confusion_matrix===

[[3384   38  170  700   51  179    7   13]
 [ 102 2819  115  288  225  237   16   11]
 [ 392   41 9054  506  433  371   67    4]
 [ 304   25  201 5897  191  259   13    7]
 [  30    8   44  125 2251  125    2    0]
 [  29    4   28   47   41 1461    6    0]
 [  11    2   30   23   10  130 3052    0]
 [  60   11   26   22    6    2    1 1244]]

===multilabel confusion matrix===

[[[29481   928]
  [ 1158  3384]]

 [[31009   129]
  [  994  2819]]

 [[23469   614]
  [ 1814  9054]]

 [[26343  1711]
  [ 1000  5897]]

 [[31409   957]
  [  334  2251]]

 [[32032  1303]
  [  155  1461]]

 [[31581   112]
  [  206  3052]]

 [[33544    35]
  [  128  1244]]]

===scores report===
metrics	scores
Accuracy	0.8344
MCC	0.8011
log_loss	0.5356
f1 score weighted	0.8387
f1 score macro	0.8283
f1 score micro	0.8344
roc_auc ovr	0.9783
roc_auc ovo	0.9816
precision	0.8549
recall	0.8344

===TRAIN MODELS with CV===

train_model_cv	Accuracy	MCC	log_loss	f1 score weighted	f1 score macro	f1 score micro	roc_auc ovr	roc_auc ovo	precision	recall
0	0.7277695124742504	0.6748041187818127	0.8164720978648259	0.7277210187663038	0.7189882010174736	0.7277695124742504	0.9450691303648645	0.9503474728849166	0.75244552467435	0.7277695124742504
1	0.868844954364682	0.8399415256559772	0.4317453788355566	0.8688813714444295	0.8730508851230332	0.868844954364682	0.9825410066637619	0.9850641897961082	0.8708369661453261	0.868844954364682
2	0.8831793081743011	0.8572507387169259	0.3855277544261494	0.8825825987934324	0.8905776920518651	0.883179308174301	0.9857106673603219	0.9874174586234129	0.8850114910663868	0.8831793081743011
3	0.8698463563274298	0.8408408600990865	0.405089317877786	0.86876050461571	0.8736909767005444	0.8698463563274298	0.9835396111923137	0.9859575825412165	0.8706894408180252	0.8698463563274298
4	0.8343681153615061	0.8011463947478252	0.5355677068706378	0.8387135304423826	0.8283040895305976	0.8343681153615061	0.9783060613295724	0.9816059138416062	0.8548970545217591	0.8343681153615061
mean	0.8368016493404339	0.8027967276003256	0.5148804511749911	0.8373318048124517	0.8369223688847027	0.8368016493404339	0.9750332953821669	0.9780785235374522	0.8467760954451695	0.8368016493404339
std	0.05685691207386622	0.06659904335282628	0.1594259309278567	0.056651930708968616	0.062480135403234015	0.056856912073866214	0.015174265002564417	0.01399677437878632	0.04811844889926185	0.05685691207386622

Accuracy
MCC
log_loss
f1 score weighted
f1 score macro
f1 score micro
roc_auc ovr
roc_auc ovo
precision
recallFinished train_model_cv in 127983.2523 secs

