/home/amsequeira/enzymeClassification/models/cv_len_pad/64_64_32_500_pre_middle_cv
self
x_train
y_train
x_test
y_test
number_classes
problem_type
x_dval
y_dval
model
epochs
batch_size
callbacks
reduce_lr
early_stopping
checkpoint
tensorboard
early_stopping_patience
reduce_lr_patience
reduce_lr_factor
reduce_lr_min
path
report_name
verbose
validation_split
shuffle
class_weights
===Callbacks===

generate_callbacks
[<tensorflow.python.keras.callbacks.EarlyStopping object at 0x7fb1585d8250>, <tensorflow.python.keras.callbacks.ReduceLROnPlateau object at 0x7fb1585d8430>, <tensorflow.python.keras.callbacks.ModelCheckpoint object at 0x7fb1585d8460>]
===SCORING TEST SET ===

model_complete_evaluate
{'self': <deep_ml.DeepML object at 0x7fb1585d8220>, 'x_test': array([[[1, 0, 0, ..., 0, 0, 0],
        [1, 0, 0, ..., 0, 0, 0],
        [1, 0, 0, ..., 0, 0, 0],
        ...,
        [0, 0, 0, ..., 0, 0, 0],
        [0, 0, 0, ..., 1, 0, 0],
        [0, 0, 0, ..., 0, 0, 0]],

       [[1, 0, 0, ..., 0, 0, 0],
        [1, 0, 0, ..., 0, 0, 0],
        [1, 0, 0, ..., 0, 0, 0],
        ...,
        [0, 0, 0, ..., 0, 1, 0],
        [0, 0, 0, ..., 0, 0, 0],
        [0, 0, 0, ..., 0, 0, 0]],

       [[1, 0, 0, ..., 0, 0, 0],
        [1, 0, 0, ..., 0, 0, 0],
        [1, 0, 0, ..., 0, 0, 0],
        ...,
        [0, 0, 0, ..., 0, 0, 0],
        [0, 0, 0, ..., 1, 0, 0],
        [1, 0, 0, ..., 0, 0, 0]],

       ...,

       [[0, 0, 0, ..., 0, 0, 0],
        [0, 0, 0, ..., 0, 1, 0],
        [0, 0, 0, ..., 0, 0, 0],
        ...,
        [0, 0, 0, ..., 0, 0, 0],
        [0, 0, 0, ..., 0, 0, 0],
        [0, 0, 0, ..., 0, 0, 0]],

       [[0, 0, 0, ..., 0, 0, 0],
        [0, 0, 0, ..., 0, 0, 0],
        [0, 0, 0, ..., 0, 0, 0],
        ...,
        [0, 0, 0, ..., 0, 0, 0],
        [0, 0, 0, ..., 0, 0, 0],
        [0, 1, 0, ..., 0, 0, 0]],

       [[0, 0, 0, ..., 0, 0, 0],
        [0, 1, 0, ..., 0, 0, 0],
        [0, 1, 0, ..., 0, 0, 0],
        ...,
        [0, 0, 0, ..., 0, 0, 1],
        [1, 0, 0, ..., 0, 0, 0],
        [0, 1, 0, ..., 0, 0, 0]]], dtype=int8), 'y_test': array([2., 2., 1., ..., 0., 0., 0.], dtype=float32), 'model': None}
report

              precision    recall  f1-score   support

         0.0       0.75      0.73      0.74      4541
         1.0       0.77      0.83      0.80      3813
         2.0       0.75      0.93      0.83     10869
         3.0       0.90      0.68      0.78      6897
         4.0       0.87      0.77      0.81      2585
         5.0       0.96      0.68      0.80      1617
         6.0       0.97      0.88      0.92      3258
         7.0       0.95      0.91      0.93      1372

    accuracy                           0.82     34952
   macro avg       0.87      0.80      0.83     34952
weighted avg       0.83      0.82      0.81     34952


===confusion_matrix===

[[ 3294   134   874   168    24     9     7    31]
 [   90  3150   429    73    43    11    11     6]
 [  357   169 10138   118    53     1    23    10]
 [  498   317  1232  4701   100    10    25    14]
 [   46   130   337    77  1979    12     4     0]
 [   60    91   232    42    70  1107    14     1]
 [   22    72   252    33     6     2  2870     1]
 [   44     9    57     6     1     0     1  1254]]

===multilabel confusion matrix===

[[[29294  1117]
  [ 1247  3294]]

 [[30217   922]
  [  663  3150]]

 [[20670  3413]
  [  731 10138]]

 [[27538   517]
  [ 2196  4701]]

 [[32070   297]
  [  606  1979]]

 [[33290    45]
  [  510  1107]]

 [[31609    85]
  [  388  2870]]

 [[33517    63]
  [  118  1254]]]

===scores report===
metrics	scores
Accuracy	0.8152
MCC	0.7748
log_loss	0.5790
f1 score weighted	0.8141
f1 score macro	0.8265
f1 score micro	0.8152
roc_auc ovr	0.9719
roc_auc ovo	0.9749
precision	0.8285
recall	0.8152

===Callbacks===

generate_callbacks
[<tensorflow.python.keras.callbacks.EarlyStopping object at 0x7fb1585d8250>, <tensorflow.python.keras.callbacks.ReduceLROnPlateau object at 0x7fb1585d8430>, <tensorflow.python.keras.callbacks.ModelCheckpoint object at 0x7fb1585d8460>]
===SCORING TEST SET ===

model_complete_evaluate
{'self': <deep_ml.DeepML object at 0x7fb1585d8220>, 'x_test': array([[[1, 0, 0, ..., 0, 0, 0],
        [1, 0, 0, ..., 0, 0, 0],
        [1, 0, 0, ..., 0, 0, 0],
        ...,
        [0, 0, 0, ..., 0, 0, 0],
        [0, 0, 0, ..., 0, 0, 0],
        [0, 0, 0, ..., 0, 0, 0]],

       [[1, 0, 0, ..., 0, 0, 0],
        [1, 0, 0, ..., 0, 0, 0],
        [1, 0, 0, ..., 0, 0, 0],
        ...,
        [0, 0, 0, ..., 0, 0, 1],
        [0, 0, 0, ..., 0, 0, 0],
        [0, 0, 0, ..., 0, 0, 0]],

       [[1, 0, 0, ..., 0, 0, 0],
        [1, 0, 0, ..., 0, 0, 0],
        [1, 0, 0, ..., 0, 0, 0],
        ...,
        [0, 0, 0, ..., 0, 0, 0],
        [0, 0, 0, ..., 0, 0, 0],
        [0, 0, 0, ..., 0, 0, 0]],

       ...,

       [[1, 0, 0, ..., 0, 0, 0],
        [1, 0, 0, ..., 0, 0, 0],
        [1, 0, 0, ..., 0, 0, 0],
        ...,
        [0, 0, 0, ..., 0, 0, 0],
        [0, 0, 0, ..., 0, 0, 0],
        [0, 0, 0, ..., 0, 0, 0]],

       [[0, 0, 0, ..., 0, 0, 0],
        [0, 0, 0, ..., 0, 0, 0],
        [0, 0, 1, ..., 0, 0, 0],
        ...,
        [0, 0, 0, ..., 0, 0, 0],
        [0, 0, 0, ..., 0, 0, 0],
        [0, 0, 1, ..., 0, 0, 0]],

       [[1, 0, 0, ..., 0, 0, 0],
        [1, 0, 0, ..., 0, 0, 0],
        [1, 0, 0, ..., 0, 0, 0],
        ...,
        [0, 0, 0, ..., 0, 0, 0],
        [0, 0, 0, ..., 0, 0, 0],
        [0, 0, 0, ..., 0, 0, 0]]], dtype=int8), 'y_test': array([2., 2., 2., ..., 0., 0., 0.], dtype=float32), 'model': None}
report

              precision    recall  f1-score   support

         0.0       0.74      0.78      0.76      4541
         1.0       0.92      0.84      0.87      3813
         2.0       0.85      0.92      0.88     10869
         3.0       0.86      0.82      0.84      6897
         4.0       0.92      0.85      0.88      2585
         5.0       0.97      0.81      0.88      1616
         6.0       0.98      0.94      0.96      3258
         7.0       0.96      0.94      0.95      1372

    accuracy                           0.87     34951
   macro avg       0.90      0.86      0.88     34951
weighted avg       0.87      0.87      0.87     34951


===confusion_matrix===

[[ 3542    64   511   352    22     7    11    32]
 [  119  3184   314   132    40     5    11     8]
 [  429    53 10021   285    47    10    22     2]
 [  481    80   547  5687    50    16    21    15]
 [   79    37   180    82  2199     4     3     1]
 [   54    23   126    58    39  1309     5     2]
 [   43    22   100    31     3     2  3057     0]
 [   38    14    17    15     1     1     0  1286]]

===multilabel confusion matrix===

[[[29167  1243]
  [  999  3542]]

 [[30845   293]
  [  629  3184]]

 [[22287  1795]
  [  848 10021]]

 [[27099   955]
  [ 1210  5687]]

 [[32164   202]
  [  386  2199]]

 [[33290    45]
  [  307  1309]]

 [[31620    73]
  [  201  3057]]

 [[33519    60]
  [   86  1286]]]

===scores report===
metrics	scores
Accuracy	0.8665
MCC	0.8361
log_loss	0.4186
f1 score weighted	0.8669
f1 score macro	0.8780
f1 score micro	0.8665
roc_auc ovr	0.9818
roc_auc ovo	0.9842
precision	0.8698
recall	0.8665

===Callbacks===

generate_callbacks
[<tensorflow.python.keras.callbacks.EarlyStopping object at 0x7fb1585d8250>, <tensorflow.python.keras.callbacks.ReduceLROnPlateau object at 0x7fb1585d8430>, <tensorflow.python.keras.callbacks.ModelCheckpoint object at 0x7fb1585d8460>]
===SCORING TEST SET ===

model_complete_evaluate
{'self': <deep_ml.DeepML object at 0x7fb1585d8220>, 'x_test': array([[[1, 0, 0, ..., 0, 0, 0],
        [1, 0, 0, ..., 0, 0, 0],
        [1, 0, 0, ..., 0, 0, 0],
        ...,
        [0, 0, 0, ..., 0, 0, 0],
        [0, 0, 0, ..., 0, 0, 0],
        [0, 1, 0, ..., 0, 0, 0]],

       [[1, 0, 0, ..., 0, 0, 0],
        [1, 0, 0, ..., 0, 0, 0],
        [1, 0, 0, ..., 0, 0, 0],
        ...,
        [0, 0, 0, ..., 0, 0, 0],
        [1, 0, 0, ..., 0, 0, 0],
        [0, 0, 0, ..., 0, 0, 0]],

       [[1, 0, 0, ..., 0, 0, 0],
        [1, 0, 0, ..., 0, 0, 0],
        [1, 0, 0, ..., 0, 0, 0],
        ...,
        [0, 0, 0, ..., 0, 0, 0],
        [0, 0, 0, ..., 1, 0, 0],
        [0, 0, 0, ..., 0, 0, 1]],

       ...,

       [[1, 0, 0, ..., 0, 0, 0],
        [1, 0, 0, ..., 0, 0, 0],
        [1, 0, 0, ..., 0, 0, 0],
        ...,
        [0, 0, 0, ..., 0, 0, 0],
        [0, 0, 0, ..., 0, 0, 1],
        [0, 0, 0, ..., 0, 0, 0]],

       [[1, 0, 0, ..., 0, 0, 0],
        [1, 0, 0, ..., 0, 0, 0],
        [1, 0, 0, ..., 0, 0, 0],
        ...,
        [0, 0, 0, ..., 0, 0, 0],
        [0, 0, 0, ..., 0, 0, 0],
        [1, 0, 0, ..., 0, 0, 0]],

       [[1, 0, 0, ..., 0, 0, 0],
        [1, 0, 0, ..., 0, 0, 0],
        [1, 0, 0, ..., 0, 0, 0],
        ...,
        [0, 0, 1, ..., 0, 0, 0],
        [0, 0, 0, ..., 0, 0, 0],
        [0, 0, 0, ..., 0, 0, 0]]], dtype=int8), 'y_test': array([2., 2., 1., ..., 0., 0., 0.], dtype=float32), 'model': None}
report

              precision    recall  f1-score   support

         0.0       0.63      0.88      0.74      4542
         1.0       0.84      0.87      0.86      3814
         2.0       0.93      0.84      0.88     10869
         3.0       0.95      0.68      0.79      6896
         4.0       0.85      0.86      0.85      2584
         5.0       0.86      0.85      0.85      1616
         6.0       0.76      0.98      0.85      3258
         7.0       0.90      0.97      0.93      1372

    accuracy                           0.84     34951
   macro avg       0.84      0.87      0.84     34951
weighted avg       0.86      0.84      0.84     34951


===confusion_matrix===

[[3996   86  163   82   46   25   83   61]
 [ 156 3323  109   34   41   16  107   28]
 [ 853  202 9108   90  114   70  422   10]
 [1085  242  308 4675  175   89  283   39]
 [  87   60   78   39 2227   22   67    4]
 [  71   34   29   10   28 1377   63    4]
 [  32    5   13    4    1    8 3192    3]
 [  19    5    5    3    2    0    7 1331]]

===multilabel confusion matrix===

[[[28106  2303]
  [  546  3996]]

 [[30503   634]
  [  491  3323]]

 [[23377   705]
  [ 1761  9108]]

 [[27793   262]
  [ 2221  4675]]

 [[31960   407]
  [  357  2227]]

 [[33105   230]
  [  239  1377]]

 [[30661  1032]
  [   66  3192]]

 [[33430   149]
  [   41  1331]]]

===scores report===
metrics	scores
Accuracy	0.8363
MCC	0.8060
log_loss	0.5211
f1 score weighted	0.8377
f1 score macro	0.8448
f1 score micro	0.8363
roc_auc ovr	0.9783
roc_auc ovo	0.9826
precision	0.8574
recall	0.8363

===Callbacks===

generate_callbacks
[<tensorflow.python.keras.callbacks.EarlyStopping object at 0x7fb1585d8250>, <tensorflow.python.keras.callbacks.ReduceLROnPlateau object at 0x7fb1585d8430>, <tensorflow.python.keras.callbacks.ModelCheckpoint object at 0x7fb1585d8460>]
===SCORING TEST SET ===

model_complete_evaluate
{'self': <deep_ml.DeepML object at 0x7fb1585d8220>, 'x_test': array([[[1, 0, 0, ..., 0, 0, 0],
        [1, 0, 0, ..., 0, 0, 0],
        [1, 0, 0, ..., 0, 0, 0],
        ...,
        [0, 0, 0, ..., 0, 0, 0],
        [1, 0, 0, ..., 0, 0, 0],
        [0, 0, 0, ..., 0, 0, 0]],

       [[1, 0, 0, ..., 0, 0, 0],
        [1, 0, 0, ..., 0, 0, 0],
        [1, 0, 0, ..., 0, 0, 0],
        ...,
        [0, 0, 0, ..., 0, 0, 0],
        [0, 0, 0, ..., 0, 0, 0],
        [1, 0, 0, ..., 0, 0, 0]],

       [[1, 0, 0, ..., 0, 0, 0],
        [1, 0, 0, ..., 0, 0, 0],
        [1, 0, 0, ..., 0, 0, 0],
        ...,
        [0, 0, 0, ..., 0, 0, 0],
        [0, 0, 0, ..., 1, 0, 0],
        [0, 0, 0, ..., 0, 0, 0]],

       ...,

       [[0, 0, 0, ..., 0, 0, 0],
        [0, 0, 1, ..., 0, 0, 0],
        [0, 0, 0, ..., 0, 1, 0],
        ...,
        [0, 0, 0, ..., 0, 0, 0],
        [0, 0, 0, ..., 0, 0, 0],
        [0, 0, 0, ..., 0, 0, 0]],

       [[0, 0, 0, ..., 0, 0, 0],
        [0, 0, 0, ..., 0, 0, 1],
        [0, 0, 0, ..., 0, 0, 0],
        ...,
        [0, 0, 0, ..., 0, 0, 0],
        [0, 0, 0, ..., 0, 0, 0],
        [0, 0, 0, ..., 0, 0, 0]],

       [[0, 0, 0, ..., 0, 0, 0],
        [1, 0, 0, ..., 0, 0, 0],
        [0, 0, 0, ..., 0, 0, 0],
        ...,
        [0, 0, 0, ..., 0, 0, 0],
        [0, 0, 1, ..., 0, 0, 0],
        [0, 0, 0, ..., 0, 0, 0]]], dtype=int8), 'y_test': array([2., 2., 1., ..., 0., 0., 0.], dtype=float32), 'model': None}
report

              precision    recall  f1-score   support

         0.0       0.79      0.77      0.78      4542
         1.0       0.84      0.89      0.86      3813
         2.0       0.89      0.91      0.90     10868
         3.0       0.87      0.84      0.85      6897
         4.0       0.89      0.86      0.88      2585
         5.0       0.90      0.84      0.87      1616
         6.0       0.96      0.96      0.96      3258
         7.0       0.95      0.96      0.95      1372

    accuracy                           0.88     34951
   macro avg       0.89      0.88      0.88     34951
weighted avg       0.88      0.88      0.88     34951


===confusion_matrix===

[[3505  139  405  361   32   37   23   40]
 [  74 3411  139  104   40   22    8   15]
 [ 370  208 9904  234   76   33   39    4]
 [ 352  186  425 5781   78   26   40    9]
 [  46   60  135  102 2215   20    6    1]
 [  35   46   78   51   28 1364   13    1]
 [  23   24   53   22    5    7 3121    3]
 [  22    6   12    9    1    2    3 1317]]

===multilabel confusion matrix===

[[[29487   922]
  [ 1037  3505]]

 [[30469   669]
  [  402  3411]]

 [[22836  1247]
  [  964  9904]]

 [[27171   883]
  [ 1116  5781]]

 [[32106   260]
  [  370  2215]]

 [[33188   147]
  [  252  1364]]

 [[31561   132]
  [  137  3121]]

 [[33506    73]
  [   55  1317]]]

===scores report===
metrics	scores
Accuracy	0.8760
MCC	0.8483
log_loss	0.3877
f1 score weighted	0.8757
f1 score macro	0.8823
f1 score micro	0.8760
roc_auc ovr	0.9842
roc_auc ovo	0.9868
precision	0.8760
recall	0.8760

===Callbacks===

generate_callbacks
[<tensorflow.python.keras.callbacks.EarlyStopping object at 0x7fb1585d8250>, <tensorflow.python.keras.callbacks.ReduceLROnPlateau object at 0x7fb1585d8430>, <tensorflow.python.keras.callbacks.ModelCheckpoint object at 0x7fb1585d8460>]
===SCORING TEST SET ===

model_complete_evaluate
{'self': <deep_ml.DeepML object at 0x7fb1585d8220>, 'x_test': array([[[1, 0, 0, ..., 0, 0, 0],
        [1, 0, 0, ..., 0, 0, 0],
        [1, 0, 0, ..., 0, 0, 0],
        ...,
        [0, 0, 0, ..., 0, 0, 0],
        [0, 0, 0, ..., 0, 0, 0],
        [1, 0, 0, ..., 0, 0, 0]],

       [[1, 0, 0, ..., 0, 0, 0],
        [1, 0, 0, ..., 0, 0, 0],
        [1, 0, 0, ..., 0, 0, 0],
        ...,
        [0, 0, 0, ..., 0, 0, 0],
        [1, 0, 0, ..., 0, 0, 0],
        [0, 0, 0, ..., 0, 0, 0]],

       [[1, 0, 0, ..., 0, 0, 0],
        [1, 0, 0, ..., 0, 0, 0],
        [1, 0, 0, ..., 0, 0, 0],
        ...,
        [0, 0, 0, ..., 0, 0, 0],
        [0, 0, 0, ..., 0, 0, 0],
        [0, 1, 0, ..., 0, 0, 0]],

       ...,

       [[1, 0, 0, ..., 0, 0, 0],
        [1, 0, 0, ..., 0, 0, 0],
        [1, 0, 0, ..., 0, 0, 0],
        ...,
        [0, 0, 0, ..., 0, 0, 0],
        [0, 0, 0, ..., 0, 0, 0],
        [0, 0, 0, ..., 0, 0, 0]],

       [[1, 0, 0, ..., 0, 0, 0],
        [1, 0, 0, ..., 0, 0, 0],
        [1, 0, 0, ..., 0, 0, 0],
        ...,
        [1, 0, 0, ..., 0, 0, 0],
        [1, 0, 0, ..., 0, 0, 0],
        [0, 0, 0, ..., 0, 0, 1]],

       [[0, 0, 0, ..., 0, 0, 0],
        [0, 0, 0, ..., 0, 0, 0],
        [0, 0, 0, ..., 0, 0, 0],
        ...,
        [1, 0, 0, ..., 0, 0, 0],
        [0, 0, 0, ..., 0, 0, 0],
        [0, 0, 0, ..., 0, 1, 0]]], dtype=int8), 'y_test': array([2., 2., 2., ..., 0., 0., 0.], dtype=float32), 'model': None}
report

              precision    recall  f1-score   support

         0.0       0.75      0.77      0.76      4542
         1.0       0.92      0.81      0.86      3813
         2.0       0.78      0.94      0.85     10868
         3.0       0.91      0.72      0.81      6897
         4.0       0.91      0.81      0.86      2585
         5.0       0.87      0.86      0.86      1616
         6.0       0.98      0.91      0.94      3258
         7.0       0.95      0.94      0.94      1372

    accuracy                           0.85     34951
   macro avg       0.88      0.84      0.86     34951
weighted avg       0.86      0.85      0.85     34951


===confusion_matrix===

[[ 3508    39   703   175    38    50     8    21]
 [  121  3081   449    75    41    29     2    15]
 [  359    56 10227   129    31    37    17    12]
 [  567    87  1071  5000    86    47    21    18]
 [   49    48   278    72  2092    41     4     1]
 [   35    15   143    26     7  1383     5     2]
 [   25    14   223    12     5     9  2968     2]
 [   41     8    31     5     1     0     1  1285]]

===multilabel confusion matrix===

[[[29212  1197]
  [ 1034  3508]]

 [[30871   267]
  [  732  3081]]

 [[21185  2898]
  [  641 10227]]

 [[27560   494]
  [ 1897  5000]]

 [[32157   209]
  [  493  2092]]

 [[33122   213]
  [  233  1383]]

 [[31635    58]
  [  290  2968]]

 [[33508    71]
  [   87  1285]]]

===scores report===
metrics	scores
Accuracy	0.8453
MCC	0.8116
log_loss	0.4948
f1 score weighted	0.8450
f1 score macro	0.8604
f1 score micro	0.8453
roc_auc ovr	0.9788
roc_auc ovo	0.9820
precision	0.8551
recall	0.8453

===TRAIN MODELS with CV===

train_model_cv	Accuracy	MCC	log_loss	f1 score weighted	f1 score macro	f1 score micro	roc_auc ovr	roc_auc ovo	precision	recall
0	0.8152037079423209	0.7747954038905916	0.5790483051848759	0.8140520890072127	0.8264545666813997	0.8152037079423209	0.9718524145340525	0.9749404350340045	0.8285086134248034	0.8152037079423209
1	0.866498812623387	0.8361416433069931	0.4186201221865098	0.866871936164215	0.8779559336790121	0.866498812623387	0.9818161304737202	0.9842261592689948	0.8697586530496747	0.866498812623387
2	0.836285084833052	0.8059922934515422	0.5210834579899123	0.8377217562675228	0.8447570458416814	0.836285084833052	0.9783182955706078	0.9825665260680496	0.857422928394591	0.836285084833052
3	0.8760264370118166	0.8482686130032151	0.387699201073452	0.875721953946888	0.8822884585118392	0.8760264370118166	0.9842170321689883	0.9867754057010331	0.8760142901725853	0.8760264370118166
4	0.8452977024977826	0.8116313058783513	0.49476135314658315	0.8450013572530662	0.860367023063182	0.8452977024977826	0.9788295641791274	0.9820241128756174	0.8551065529761945	0.8452977024977826
mean	0.8478623489816718	0.8153658519061387	0.48024248791626667	0.8478738185277809	0.8583646055554229	0.8478623489816718	0.9790066873852993	0.98210652778954	0.8573622076035697	0.8478623489816718
std	0.021669014388892436	0.02554210985984011	0.06928628682221859	0.02187085690923921	0.02080190768226059	0.021669014388892436	0.004164841874135848	0.003946201580667932	0.01636577896529846	0.021669014388892436

Accuracy
MCC
log_loss
f1 score weighted
f1 score macro
f1 score micro
roc_auc ovr
roc_auc ovo
precision
recallFinished train_model_cv in 77737.9734 secs

