/home/amsequeira/enzymeClassification/models/blosum/64_64_32_500_post_pre_lstm_attentio_cv_only_enz_blosum_lev3_ec90
self
x_train
y_train
x_test
y_test
number_classes
problem_type
x_dval
y_dval
model
epochs
batch_size
callbacks
reduce_lr
early_stopping
checkpoint
tensorboard
early_stopping_patience
reduce_lr_patience
reduce_lr_factor
reduce_lr_min
path
report_name
verbose
validation_split
shuffle
class_weights/home/amsequeira/enzymeClassification/models/blosum/64_64_32_500_post_pre_lstm_attentio_cv_only_enz_blosum_lev3_ec90
self
x_train
y_train
x_test
y_test
number_classes
problem_type
x_dval
y_dval
model
epochs
batch_size
callbacks
reduce_lr
early_stopping
checkpoint
tensorboard
early_stopping_patience
reduce_lr_patience
reduce_lr_factor
reduce_lr_min
path
report_name
verbose
validation_split
shuffle
class_weights
===Callbacks===

generate_callbacks
[<tensorflow.python.keras.callbacks.EarlyStopping object at 0x7fbbc04945e0>, <tensorflow.python.keras.callbacks.ReduceLROnPlateau object at 0x7fbbc04943a0>, <tensorflow.python.keras.callbacks.ModelCheckpoint object at 0x7fbbc0494880>]
===SCORING TEST SET ===

model_complete_evaluate
{'self': <deep_ml.DeepML object at 0x7fbbc0494520>, 'x_test': array([[[-1, -1, -2, ..., -1, -1,  1],
        [-1, -1, -2, ..., -1, -1,  1],
        [-1,  5,  0, ..., -3, -2, -3],
        ...,
        [ 0,  0,  0, ...,  0,  0,  0],
        [ 0,  0,  0, ...,  0,  0,  0],
        [ 0,  0,  0, ...,  0,  0,  0]],

       [[-1, -1, -2, ..., -1, -1,  1],
        [-1,  2,  0, ..., -3, -2, -2],
        [-2,  0,  6, ..., -4, -2, -3],
        ...,
        [ 0,  0,  0, ...,  0,  0,  0],
        [ 0,  0,  0, ...,  0,  0,  0],
        [ 0,  0,  0, ...,  0,  0,  0]],

       [[-1, -1, -2, ..., -1, -1,  1],
        [ 1, -1,  1, ..., -3, -2, -2],
        [ 0, -2,  0, ..., -2, -3, -3],
        ...,
        [ 0,  0,  0, ...,  0,  0,  0],
        [ 0,  0,  0, ...,  0,  0,  0],
        [ 0,  0,  0, ...,  0,  0,  0]],

       ...,

       [[-1, -1, -2, ..., -1, -1,  1],
        [-1, -2, -3, ..., -2, -1,  1],
        [ 0, -1,  0, ..., -2, -2,  0],
        ...,
        [ 0,  0,  0, ...,  0,  0,  0],
        [ 0,  0,  0, ...,  0,  0,  0],
        [ 0,  0,  0, ...,  0,  0,  0]],

       [[-1,  2,  0, ..., -3, -2, -2],
        [-1,  2,  0, ..., -3, -2, -2],
        [-1, -2, -3, ..., -2, -1,  1],
        ...,
        [ 1, -1,  1, ..., -3, -2, -2],
        [-2,  0,  1, ..., -2,  2, -3],
        [ 0, -3, -3, ..., -3, -1,  4]],

       [[-1, -2, -3, ..., -2, -1,  1],
        [-1, -2, -3, ..., -2, -1,  1],
        [-1,  5,  0, ..., -3, -2, -3],
        ...,
        [ 4, -1, -2, ..., -3, -2,  0],
        [ 1, -1,  1, ..., -3, -2, -2],
        [ 4, -1, -2, ..., -3, -2,  0]]], dtype=int8), 'y_test': array([ 56.,  56.,  56., ...,  50.,  46., 153.], dtype=float32), 'model': None}
report

              precision    recall  f1-score   support

         0.0       0.85      0.94      0.89       825
         1.0       0.40      0.14      0.21        14
         2.0       0.86      0.61      0.72        31
         3.0       0.00      0.00      0.00        11
         4.0       0.87      0.77      0.82        52
         5.0       0.86      0.73      0.79       176
         6.0       0.70      0.65      0.67       102
         7.0       0.75      0.46      0.57        97
         8.0       0.60      0.21      0.32        14
         9.0       0.56      0.49      0.52        70
        10.0       0.82      0.81      0.81       104
        11.0       0.33      0.06      0.10        18
        12.0       0.50      0.14      0.22        14
        13.0       0.78      0.65      0.71        43
        14.0       0.75      0.62      0.68        34
        15.0       0.86      0.75      0.80        64
        16.0       0.50      0.15      0.24        13
        17.0       0.83      0.53      0.65        19
        18.0       0.87      0.85      0.86        72
        19.0       0.81      0.43      0.57        30
        20.0       0.99      0.96      0.97        94
        21.0       0.79      0.80      0.80        46
        22.0       0.85      0.68      0.76        25
        23.0       0.93      0.96      0.94       345
        24.0       0.84      0.70      0.76        30
        25.0       0.33      0.10      0.15        20
        26.0       0.71      0.81      0.76       167
        27.0       0.97      0.81      0.88        36
        28.0       0.94      0.84      0.89        61
        29.0       0.90      0.84      0.87        63
        30.0       0.50      0.36      0.42        11
        31.0       0.00      0.00      0.00        11
        32.0       0.64      0.35      0.45        40
        33.0       0.94      0.68      0.79        73
        34.0       0.98      0.98      0.98        57
        35.0       1.00      0.87      0.93        15
        36.0       0.34      0.26      0.30        50
        37.0       0.94      0.89      0.92        19
        38.0       0.81      0.76      0.79        29
        39.0       0.92      0.94      0.93       101
        40.0       0.67      0.33      0.44        12
        41.0       1.00      0.93      0.96        14
        42.0       0.83      0.82      0.83        67
        43.0       0.96      0.87      0.91        76
        44.0       1.00      1.00      1.00        11
        45.0       0.94      0.86      0.90        37
        46.0       0.81      0.93      0.86      1613
        47.0       0.98      0.97      0.97       299
        48.0       0.94      0.97      0.96       244
        49.0       0.94      0.95      0.95       168
        50.0       0.74      0.87      0.80      1024
        51.0       0.71      0.76      0.73       353
        52.0       0.89      0.79      0.84        86
        53.0       0.78      0.76      0.77       607
        54.0       0.94      0.88      0.91       543
        55.0       0.97      0.91      0.94        78
        56.0       0.86      0.90      0.88       954
        57.0       0.87      0.86      0.87       247
        58.0       1.00      1.00      1.00        34
        59.0       0.83      0.84      0.84       877
        60.0       0.93      0.90      0.91        77
        61.0       0.83      0.90      0.86       566
        62.0       0.82      0.75      0.78        24
        63.0       0.86      0.55      0.67        55
        64.0       0.99      0.98      0.99       254
        65.0       0.83      0.71      0.77        14
        66.0       0.95      0.96      0.96       456
        67.0       0.90      0.74      0.81        38
        68.0       0.86      0.88      0.87      1189
        69.0       0.78      0.91      0.84       224
        70.0       0.75      0.63      0.69        19
        71.0       0.95      0.93      0.94       358
        72.0       0.64      0.66      0.65        32
        73.0       1.00      0.15      0.27        13
        74.0       0.96      0.98      0.97       127
        75.0       1.00      0.92      0.96        12
        76.0       0.80      0.81      0.80       460
        77.0       0.94      0.87      0.90       103
        78.0       0.69      0.52      0.59        52
        79.0       0.73      0.75      0.74        83
        80.0       0.60      0.47      0.53        80
        81.0       0.90      0.86      0.88        84
        82.0       0.80      0.89      0.84       335
        83.0       0.62      0.35      0.44        23
        84.0       0.73      0.82      0.78       518
        85.0       0.30      0.17      0.22        87
        86.0       0.80      0.31      0.44        13
        87.0       0.72      0.66      0.68       480
        88.0       0.74      0.72      0.73       126
        89.0       1.00      0.80      0.89        25
        90.0       0.90      0.79      0.84       152
        91.0       0.67      0.20      0.31        20
        92.0       0.93      0.50      0.65        28
        93.0       0.91      0.48      0.62        42
        94.0       0.79      0.32      0.46        34
        95.0       0.66      0.60      0.63        99
        96.0       0.85      0.85      0.85       415
        97.0       0.71      0.58      0.64       118
        98.0       0.85      0.77      0.81        99
        99.0       0.80      0.74      0.77       253
       100.0       0.91      0.91      0.91       116
       101.0       0.80      0.80      0.80       423
       102.0       0.84      0.79      0.81        99
       103.0       0.98      0.72      0.83        60
       104.0       0.80      0.83      0.81       266
       105.0       0.97      0.84      0.90        37
       106.0       0.70      0.89      0.79       494
       107.0       0.78      1.00      0.88        14
       108.0       0.82      0.86      0.84       610
       109.0       0.97      0.85      0.91       206
       110.0       0.69      0.50      0.58        22
       111.0       0.90      0.88      0.89       534
       112.0       0.72      0.60      0.66        98
       113.0       0.83      0.74      0.79        86
       114.0       0.92      0.88      0.90       109
       115.0       0.82      0.91      0.86       858
       116.0       0.72      0.51      0.60        61
       117.0       0.96      0.91      0.94       209
       118.0       0.22      0.15      0.18        13
       119.0       0.72      0.80      0.76        65
       120.0       0.96      0.94      0.95       156
       121.0       0.96      0.93      0.95        84
       122.0       0.65      0.55      0.59        55
       123.0       0.88      0.79      0.83       154
       124.0       0.89      0.92      0.91        52
       125.0       0.94      0.88      0.91       147
       126.0       0.62      0.48      0.54        77
       127.0       1.00      0.84      0.91        19
       128.0       0.88      0.85      0.87       198
       129.0       0.95      0.92      0.93       450
       130.0       0.67      0.55      0.60        11
       131.0       0.66      0.49      0.56        43
       132.0       0.82      0.88      0.85        16
       133.0       0.97      0.95      0.96       204
       134.0       0.99      0.92      0.95        76
       135.0       0.89      0.85      0.87       255
       136.0       0.67      0.30      0.41        20
       137.0       0.83      0.77      0.80        13
       138.0       0.66      0.55      0.60        67
       139.0       0.99      0.95      0.97      1464
       140.0       0.96      0.82      0.88       146
       141.0       0.94      0.82      0.88        99
       142.0       0.96      0.91      0.94       455
       143.0       0.97      0.91      0.94        82
       144.0       0.97      0.97      0.97       411
       145.0       0.96      0.93      0.94       406
       146.0       1.00      0.25      0.40        12
       147.0       0.98      0.83      0.90       149
       148.0       0.92      0.96      0.94       703
       149.0       0.98      0.96      0.97       195
       150.0       0.92      0.70      0.79        33
       151.0       0.98      0.79      0.88        68
       152.0       0.93      0.90      0.92        93
       153.0       0.88      0.91      0.90        33
       154.0       0.90      0.92      0.91        49
       155.0       0.88      0.97      0.92       154

    accuracy                           0.85     28656
   macro avg       0.81      0.72      0.75     28656
weighted avg       0.85      0.85      0.85     28656


===confusion_matrix===

[[773   0   0 ...   0   0   0]
 [  0   2   1 ...   0   0   0]
 [  1   0  19 ...   0   0   0]
 ...
 [  0   0   0 ...  30   0   0]
 [  0   0   0 ...   0  45   3]
 [  0   0   0 ...   0   1 149]]

===multilabel confusion matrix===

[[[27693   138]
  [   52   773]]

 [[28639     3]
  [   12     2]]

 [[28622     3]
  [   12    19]]

 [[28644     1]
  [   11     0]]

 [[28598     6]
  [   12    40]]

 [[28460    20]
  [   48   128]]

 [[28526    28]
  [   36    66]]

 [[28544    15]
  [   52    45]]

 [[28640     2]
  [   11     3]]

 [[28559    27]
  [   36    34]]

 [[28533    19]
  [   20    84]]

 [[28636     2]
  [   17     1]]

 [[28640     2]
  [   12     2]]

 [[28605     8]
  [   15    28]]

 [[28615     7]
  [   13    21]]

 [[28584     8]
  [   16    48]]

 [[28641     2]
  [   11     2]]

 [[28635     2]
  [    9    10]]

 [[28575     9]
  [   11    61]]

 [[28623     3]
  [   17    13]]

 [[28561     1]
  [    4    90]]

 [[28600    10]
  [    9    37]]

 [[28628     3]
  [    8    17]]

 [[28285    26]
  [   14   331]]

 [[28622     4]
  [    9    21]]

 [[28632     4]
  [   18     2]]

 [[28433    56]
  [   31   136]]

 [[28619     1]
  [    7    29]]

 [[28592     3]
  [   10    51]]

 [[28587     6]
  [   10    53]]

 [[28641     4]
  [    7     4]]

 [[28644     1]
  [   11     0]]

 [[28608     8]
  [   26    14]]

 [[28580     3]
  [   23    50]]

 [[28598     1]
  [    1    56]]

 [[28641     0]
  [    2    13]]

 [[28581    25]
  [   37    13]]

 [[28636     1]
  [    2    17]]

 [[28622     5]
  [    7    22]]

 [[28547     8]
  [    6    95]]

 [[28642     2]
  [    8     4]]

 [[28642     0]
  [    1    13]]

 [[28578    11]
  [   12    55]]

 [[28577     3]
  [   10    66]]

 [[28645     0]
  [    0    11]]

 [[28617     2]
  [    5    32]]

 [[26693   350]
  [  119  1494]]

 [[28350     7]
  [    8   291]]

 [[28397    15]
  [    7   237]]

 [[28478    10]
  [    8   160]]

 [[27316   316]
  [  131   893]]

 [[28192   111]
  [   86   267]]

 [[28562     8]
  [   18    68]]

 [[27922   127]
  [  144   463]]

 [[28082    31]
  [   63   480]]

 [[28576     2]
  [    7    71]]

 [[27562   140]
  [   96   858]]

 [[28378    31]
  [   34   213]]

 [[28622     0]
  [    0    34]]

 [[27631   148]
  [  139   738]]

 [[28574     5]
  [    8    69]]

 [[27984   106]
  [   56   510]]

 [[28628     4]
  [    6    18]]

 [[28596     5]
  [   25    30]]

 [[28400     2]
  [    4   250]]

 [[28640     2]
  [    4    10]]

 [[28179    21]
  [   18   438]]

 [[28615     3]
  [   10    28]]

 [[27292   175]
  [  137  1052]]

 [[28376    56]
  [   21   203]]

 [[28633     4]
  [    7    12]]

 [[28279    19]
  [   25   333]]

 [[28612    12]
  [   11    21]]

 [[28643     0]
  [   11     2]]

 [[28524     5]
  [    2   125]]

 [[28644     0]
  [    1    11]]

 [[28104    92]
  [   89   371]]

 [[28547     6]
  [   13    90]]

 [[28592    12]
  [   25    27]]

 [[28550    23]
  [   21    62]]

 [[28551    25]
  [   42    38]]

 [[28564     8]
  [   12    72]]

 [[28247    74]
  [   36   299]]

 [[28628     5]
  [   15     8]]

 [[27982   156]
  [   91   427]]

 [[28534    35]
  [   72    15]]

 [[28642     1]
  [    9     4]]

 [[28051   125]
  [  165   315]]

 [[28498    32]
  [   35    91]]

 [[28631     0]
  [    5    20]]

 [[28490    14]
  [   32   120]]

 [[28634     2]
  [   16     4]]

 [[28627     1]
  [   14    14]]

 [[28612     2]
  [   22    20]]

 [[28619     3]
  [   23    11]]

 [[28527    30]
  [   40    59]]

 [[28177    64]
  [   61   354]]

 [[28510    28]
  [   49    69]]

 [[28544    13]
  [   23    76]]

 [[28355    48]
  [   65   188]]

 [[28530    10]
  [   10   106]]

 [[28148    85]
  [   85   338]]

 [[28542    15]
  [   21    78]]

 [[28595     1]
  [   17    43]]

 [[28333    57]
  [   44   222]]

 [[28618     1]
  [    6    31]]

 [[27977   185]
  [   53   441]]

 [[28638     4]
  [    0    14]]

 [[27928   118]
  [   87   523]]

 [[28445     5]
  [   31   175]]

 [[28629     5]
  [   11    11]]

 [[28067    55]
  [   64   470]]

 [[28535    23]
  [   39    59]]

 [[28557    13]
  [   22    64]]

 [[28539     8]
  [   13    96]]

 [[27630   168]
  [   79   779]]

 [[28583    12]
  [   30    31]]

 [[28440     7]
  [   19   190]]

 [[28636     7]
  [   11     2]]

 [[28571    20]
  [   13    52]]

 [[28494     6]
  [    9   147]]

 [[28569     3]
  [    6    78]]

 [[28585    16]
  [   25    30]]

 [[28485    17]
  [   32   122]]

 [[28598     6]
  [    4    48]]

 [[28500     9]
  [   17   130]]

 [[28556    23]
  [   40    37]]

 [[28637     0]
  [    3    16]]

 [[28436    22]
  [   30   168]]

 [[28185    21]
  [   37   413]]

 [[28642     3]
  [    5     6]]

 [[28602    11]
  [   22    21]]

 [[28637     3]
  [    2    14]]

 [[28447     5]
  [   11   193]]

 [[28579     1]
  [    6    70]]

 [[28374    27]
  [   37   218]]

 [[28633     3]
  [   14     6]]

 [[28641     2]
  [    3    10]]

 [[28570    19]
  [   30    37]]

 [[27171    21]
  [   69  1395]]

 [[28505     5]
  [   27   119]]

 [[28552     5]
  [   18    81]]

 [[28183    18]
  [   39   416]]

 [[28572     2]
  [    7    75]]

 [[28234    11]
  [   14   397]]

 [[28233    17]
  [   30   376]]

 [[28644     0]
  [    9     3]]

 [[28504     3]
  [   25   124]]

 [[27893    60]
  [   27   676]]

 [[28458     3]
  [    7   188]]

 [[28621     2]
  [   10    23]]

 [[28587     1]
  [   14    54]]

 [[28557     6]
  [    9    84]]

 [[28619     4]
  [    3    30]]

 [[28602     5]
  [    4    45]]

 [[28481    21]
  [    5   149]]]

===scores report===
metrics	scores
Accuracy	0.8539
MCC	0.8508
log_loss	0.7514
f1 score weighted	0.8505
f1 score macro	0.7527
f1 score micro	0.8539
roc_auc ovr	0.9940
roc_auc ovo	0.9913
precision	0.8536
recall	0.8539

===Callbacks===

generate_callbacks
[<tensorflow.python.keras.callbacks.EarlyStopping object at 0x7fbbc04945e0>, <tensorflow.python.keras.callbacks.ReduceLROnPlateau object at 0x7fbbc04943a0>, <tensorflow.python.keras.callbacks.ModelCheckpoint object at 0x7fbbc0494880>]
===SCORING TEST SET ===

model_complete_evaluate
{'self': <deep_ml.DeepML object at 0x7fbbc0494520>, 'x_test': array([[[-1, -1, -2, ..., -1, -1,  1],
        [-1,  1,  0, ..., -2, -1, -2],
        [ 4, -1, -2, ..., -3, -2,  0],
        ...,
        [ 0,  0,  0, ...,  0,  0,  0],
        [ 0,  0,  0, ...,  0,  0,  0],
        [ 0,  0,  0, ...,  0,  0,  0]],

       [[-1, -1, -2, ..., -1, -1,  1],
        [-1,  1,  0, ..., -2, -1, -2],
        [ 0, -1,  0, ..., -2, -2,  0],
        ...,
        [ 0,  0,  0, ...,  0,  0,  0],
        [ 0,  0,  0, ...,  0,  0,  0],
        [ 0,  0,  0, ...,  0,  0,  0]],

       [[-1, -1, -2, ..., -1, -1,  1],
        [-2,  0,  6, ..., -4, -2, -3],
        [ 1, -1,  1, ..., -3, -2, -2],
        ...,
        [ 0,  0,  0, ...,  0,  0,  0],
        [ 0,  0,  0, ...,  0,  0,  0],
        [ 0,  0,  0, ...,  0,  0,  0]],

       ...,

       [[-1, -1, -2, ..., -1, -1,  1],
        [-2, -2,  1, ..., -4, -3, -3],
        [-1, -2, -3, ..., -2, -1,  1],
        ...,
        [ 0,  0,  0, ...,  0,  0,  0],
        [ 0,  0,  0, ...,  0,  0,  0],
        [ 0,  0,  0, ...,  0,  0,  0]],

       [[ 0, -3, -3, ..., -3, -1,  4],
        [-1,  5,  0, ..., -3, -2, -3],
        [ 4, -1, -2, ..., -3, -2,  0],
        ...,
        [-1,  1,  0, ..., -2, -1, -2],
        [-1,  0,  0, ..., -3, -2, -2],
        [-1,  0,  0, ..., -3, -2, -2]],

       [[ 0, -3, -3, ..., -3, -1,  4],
        [-1,  0,  0, ..., -3, -2, -2],
        [-1, -2, -2, ..., -4, -3, -2],
        ...,
        [-2, -2,  1, ..., -4, -3, -3],
        [-1,  5,  0, ..., -3, -2, -3],
        [-2,  0,  6, ..., -4, -2, -3]]], dtype=int8), 'y_test': array([56., 56., 56., ..., 98., 51., 88.], dtype=float32), 'model': None}
report

              precision    recall  f1-score   support

         0.0       0.90      0.90      0.90       825
         1.0       1.00      0.14      0.25        14
         2.0       0.77      0.55      0.64        31
         3.0       1.00      0.08      0.15        12
         4.0       0.95      0.81      0.88        52
         5.0       0.71      0.84      0.77       176
         6.0       0.36      0.59      0.45       102
         7.0       0.33      0.54      0.41        97
         8.0       1.00      0.29      0.44        14
         9.0       0.46      0.39      0.42        70
        10.0       0.69      0.78      0.73       104
        11.0       0.62      0.28      0.38        18
        12.0       0.46      0.43      0.44        14
        13.0       0.67      0.71      0.69        42
        14.0       0.80      0.59      0.68        34
        15.0       0.86      0.75      0.80        64
        16.0       1.00      0.07      0.13        14
        17.0       0.62      0.53      0.57        19
        18.0       1.00      0.88      0.93        72
        19.0       0.54      0.23      0.32        31
        20.0       0.99      0.87      0.93        94
        21.0       0.69      0.82      0.75        45
        22.0       0.87      0.80      0.83        25
        23.0       0.98      0.92      0.95       346
        24.0       0.70      0.70      0.70        30
        25.0       0.33      0.05      0.09        19
        26.0       0.72      0.59      0.64       167
        27.0       0.77      0.67      0.72        36
        28.0       0.93      0.88      0.91        60
        29.0       0.85      0.73      0.78        62
        30.0       1.00      0.09      0.17        11
        31.0       0.40      0.18      0.25        11
        32.0       0.61      0.47      0.54        40
        33.0       0.83      0.72      0.77        74
        34.0       0.98      1.00      0.99        56
        35.0       0.88      0.94      0.91        16
        36.0       0.55      0.31      0.40        51
        37.0       0.79      0.58      0.67        19
        38.0       0.90      0.66      0.76        29
        39.0       0.89      0.83      0.86       101
        40.0       0.75      0.25      0.38        12
        41.0       1.00      1.00      1.00        13
        42.0       0.86      0.85      0.86        67
        43.0       0.86      0.87      0.86        76
        44.0       0.71      1.00      0.83        12
        45.0       1.00      0.86      0.93        36
        46.0       0.85      0.89      0.87      1613
        47.0       0.99      0.95      0.97       299
        48.0       0.97      0.96      0.97       243
        49.0       0.95      0.88      0.91       169
        50.0       0.89      0.72      0.79      1024
        51.0       0.86      0.73      0.79       352
        52.0       0.87      0.84      0.85        86
        53.0       0.67      0.83      0.74       607
        54.0       0.90      0.91      0.90       543
        55.0       0.91      0.88      0.90        78
        56.0       0.79      0.88      0.83       954
        57.0       0.91      0.87      0.89       247
        58.0       0.94      0.91      0.93        34
        59.0       0.78      0.87      0.83       877
        60.0       1.00      0.79      0.88        77
        61.0       0.75      0.88      0.81       565
        62.0       0.92      0.50      0.65        24
        63.0       1.00      0.60      0.75        55
        64.0       0.93      0.96      0.94       255
        65.0       1.00      0.07      0.13        14
        66.0       0.97      0.93      0.95       457
        67.0       0.93      0.70      0.80        37
        68.0       0.86      0.78      0.82      1189
        69.0       0.84      0.86      0.85       224
        70.0       0.89      0.40      0.55        20
        71.0       0.99      0.90      0.94       358
        72.0       0.62      0.66      0.64        32
        73.0       1.00      0.08      0.14        13
        74.0       0.99      0.93      0.96       128
        75.0       1.00      0.85      0.92        13
        76.0       0.75      0.79      0.77       460
        77.0       0.96      0.79      0.87       104
        78.0       0.46      0.50      0.48        52
        79.0       0.85      0.52      0.65        84
        80.0       0.21      0.55      0.30        80
        81.0       0.93      0.80      0.86        83
        82.0       0.78      0.90      0.84       335
        83.0       0.86      0.25      0.39        24
        84.0       0.88      0.70      0.78       518
        85.0       0.16      0.38      0.23        88
        86.0       0.80      0.31      0.44        13
        87.0       0.54      0.81      0.64       480
        88.0       0.88      0.55      0.68       126
        89.0       0.93      1.00      0.96        25
        90.0       0.89      0.80      0.84       153
        91.0       0.44      0.35      0.39        20
        92.0       0.78      0.26      0.39        27
        93.0       0.79      0.64      0.71        42
        94.0       0.18      0.47      0.26        34
        95.0       0.70      0.44      0.54        99
        96.0       0.93      0.72      0.81       416
        97.0       0.80      0.59      0.68       118
        98.0       0.92      0.66      0.76        99
        99.0       0.88      0.67      0.76       253
       100.0       0.97      0.83      0.89       115
       101.0       0.71      0.78      0.75       423
       102.0       0.72      0.83      0.77        99
       103.0       0.76      0.77      0.76        61
       104.0       0.77      0.82      0.79       266
       105.0       0.88      0.81      0.84        36
       106.0       0.91      0.74      0.82       494
       107.0       1.00      0.93      0.96        14
       108.0       0.93      0.75      0.83       610
       109.0       0.92      0.87      0.89       206
       110.0       0.83      0.68      0.75        22
       111.0       0.77      0.89      0.82       535
       112.0       0.84      0.54      0.66        98
       113.0       0.67      0.42      0.51        86
       114.0       0.97      0.91      0.94       109
       115.0       0.88      0.89      0.89       858
       116.0       0.79      0.43      0.55        61
       117.0       0.96      0.89      0.93       208
       118.0       1.00      0.08      0.14        13
       119.0       0.83      0.62      0.71        65
       120.0       0.83      0.94      0.88       157
       121.0       0.98      0.96      0.97        84
       122.0       0.63      0.58      0.60        55
       123.0       0.85      0.75      0.80       154
       124.0       0.94      0.88      0.91        52
       125.0       0.95      0.88      0.91       147
       126.0       0.71      0.45      0.56        77
       127.0       1.00      0.67      0.80        18
       128.0       0.88      0.80      0.84       197
       129.0       0.80      0.96      0.88       449
       130.0       0.82      0.82      0.82        11
       131.0       0.93      0.58      0.71        43
       132.0       0.79      0.73      0.76        15
       133.0       0.98      0.95      0.97       204
       134.0       0.94      0.97      0.95        76
       135.0       0.77      0.88      0.82       255
       136.0       0.56      0.47      0.51        19
       137.0       1.00      0.77      0.87        13
       138.0       0.86      0.36      0.51        67
       139.0       0.87      0.99      0.92      1463
       140.0       0.98      0.84      0.90       147
       141.0       0.67      0.82      0.74        99
       142.0       0.78      0.91      0.84       455
       143.0       0.99      0.90      0.94        82
       144.0       0.96      0.92      0.94       410
       145.0       0.96      0.95      0.95       406
       146.0       1.00      0.17      0.29        12
       147.0       0.96      0.87      0.91       149
       148.0       0.88      0.96      0.92       702
       149.0       0.98      0.93      0.96       196
       150.0       0.89      0.53      0.67        32
       151.0       0.85      0.83      0.84        69
       152.0       0.97      0.91      0.94        93
       153.0       0.90      0.88      0.89        32
       154.0       0.98      0.84      0.90        49
       155.0       0.91      0.96      0.93       154

    accuracy                           0.83     28655
   macro avg       0.82      0.70      0.73     28655
weighted avg       0.84      0.83      0.83     28655


===confusion_matrix===

[[741   0   0 ...   0   0   0]
 [  2   2   0 ...   0   0   0]
 [  0   0  17 ...   0   0   0]
 ...
 [  0   0   0 ...  28   1   0]
 [  0   0   0 ...   0  41   6]
 [  0   0   0 ...   0   0 148]]

===multilabel confusion matrix===

[[[27749    81]
  [   84   741]]

 [[28641     0]
  [   12     2]]

 [[28619     5]
  [   14    17]]

 [[28643     0]
  [   11     1]]

 [[28601     2]
  [   10    42]]

 [[28420    59]
  [   29   147]]

 [[28447   106]
  [   42    60]]

 [[28454   104]
  [   45    52]]

 [[28641     0]
  [   10     4]]

 [[28553    32]
  [   43    27]]

 [[28514    37]
  [   23    81]]

 [[28634     3]
  [   13     5]]

 [[28634     7]
  [    8     6]]

 [[28598    15]
  [   12    30]]

 [[28616     5]
  [   14    20]]

 [[28583     8]
  [   16    48]]

 [[28641     0]
  [   13     1]]

 [[28630     6]
  [    9    10]]

 [[28583     0]
  [    9    63]]

 [[28618     6]
  [   24     7]]

 [[28560     1]
  [   12    82]]

 [[28593    17]
  [    8    37]]

 [[28627     3]
  [    5    20]]

 [[28303     6]
  [   27   319]]

 [[28616     9]
  [    9    21]]

 [[28634     2]
  [   18     1]]

 [[28449    39]
  [   69    98]]

 [[28612     7]
  [   12    24]]

 [[28591     4]
  [    7    53]]

 [[28585     8]
  [   17    45]]

 [[28644     0]
  [   10     1]]

 [[28641     3]
  [    9     2]]

 [[28603    12]
  [   21    19]]

 [[28570    11]
  [   21    53]]

 [[28598     1]
  [    0    56]]

 [[28637     2]
  [    1    15]]

 [[28591    13]
  [   35    16]]

 [[28633     3]
  [    8    11]]

 [[28624     2]
  [   10    19]]

 [[28544    10]
  [   17    84]]

 [[28642     1]
  [    9     3]]

 [[28642     0]
  [    0    13]]

 [[28579     9]
  [   10    57]]

 [[28568    11]
  [   10    66]]

 [[28638     5]
  [    0    12]]

 [[28619     0]
  [    5    31]]

 [[26791   251]
  [  176  1437]]

 [[28353     3]
  [   16   283]]

 [[28406     6]
  [    9   234]]

 [[28478     8]
  [   20   149]]

 [[27538    93]
  [  288   736]]

 [[28262    41]
  [   96   256]]

 [[28558    11]
  [   14    72]]

 [[27797   251]
  [  104   503]]

 [[28056    56]
  [   48   495]]

 [[28570     7]
  [    9    69]]

 [[27477   224]
  [  112   842]]

 [[28387    21]
  [   31   216]]

 [[28619     2]
  [    3    31]]

 [[27566   212]
  [  112   765]]

 [[28578     0]
  [   16    61]]

 [[27921   169]
  [   67   498]]

 [[28630     1]
  [   12    12]]

 [[28600     0]
  [   22    33]]

 [[28381    19]
  [   11   244]]

 [[28641     0]
  [   13     1]]

 [[28183    15]
  [   31   426]]

 [[28616     2]
  [   11    26]]

 [[27321   145]
  [  265   924]]

 [[28394    37]
  [   32   192]]

 [[28634     1]
  [   12     8]]

 [[28293     4]
  [   36   322]]

 [[28610    13]
  [   11    21]]

 [[28642     0]
  [   12     1]]

 [[28526     1]
  [    9   119]]

 [[28642     0]
  [    2    11]]

 [[28073   122]
  [   95   365]]

 [[28548     3]
  [   22    82]]

 [[28573    30]
  [   26    26]]

 [[28563     8]
  [   40    44]]

 [[28407   168]
  [   36    44]]

 [[28567     5]
  [   17    66]]

 [[28237    83]
  [   33   302]]

 [[28630     1]
  [   18     6]]

 [[28086    51]
  [  156   362]]

 [[28396   171]
  [   55    33]]

 [[28641     1]
  [    9     4]]

 [[27837   338]
  [   91   389]]

 [[28520     9]
  [   57    69]]

 [[28628     2]
  [    0    25]]

 [[28487    15]
  [   31   122]]

 [[28626     9]
  [   13     7]]

 [[28626     2]
  [   20     7]]

 [[28606     7]
  [   15    27]]

 [[28549    72]
  [   18    16]]

 [[28537    19]
  [   55    44]]

 [[28216    23]
  [  116   300]]

 [[28520    17]
  [   48    70]]

 [[28550     6]
  [   34    65]]

 [[28378    24]
  [   84   169]]

 [[28537     3]
  [   20    95]]

 [[28098   134]
  [   92   331]]

 [[28524    32]
  [   17    82]]

 [[28579    15]
  [   14    47]]

 [[28324    65]
  [   48   218]]

 [[28615     4]
  [    7    29]]

 [[28123    38]
  [  128   366]]

 [[28641     0]
  [    1    13]]

 [[28011    34]
  [  155   455]]

 [[28433    16]
  [   27   179]]

 [[28630     3]
  [    7    15]]

 [[27976   144]
  [   59   476]]

 [[28547    10]
  [   45    53]]

 [[28551    18]
  [   50    36]]

 [[28543     3]
  [   10    99]]

 [[27689   108]
  [   91   767]]

 [[28587     7]
  [   35    26]]

 [[28439     8]
  [   22   186]]

 [[28642     0]
  [   12     1]]

 [[28582     8]
  [   25    40]]

 [[28467    31]
  [    9   148]]

 [[28569     2]
  [    3    81]]

 [[28581    19]
  [   23    32]]

 [[28480    21]
  [   38   116]]

 [[28600     3]
  [    6    46]]

 [[28501     7]
  [   18   129]]

 [[28564    14]
  [   42    35]]

 [[28637     0]
  [    6    12]]

 [[28437    21]
  [   39   158]]

 [[28101   105]
  [   18   431]]

 [[28642     2]
  [    2     9]]

 [[28610     2]
  [   18    25]]

 [[28637     3]
  [    4    11]]

 [[28448     3]
  [   10   194]]

 [[28574     5]
  [    2    74]]

 [[28333    67]
  [   30   225]]

 [[28629     7]
  [   10     9]]

 [[28642     0]
  [    3    10]]

 [[28584     4]
  [   43    24]]

 [[26972   220]
  [   15  1448]]

 [[28506     2]
  [   24   123]]

 [[28516    40]
  [   18    81]]

 [[28080   120]
  [   41   414]]

 [[28572     1]
  [    8    74]]

 [[28229    16]
  [   31   379]]

 [[28231    18]
  [   20   386]]

 [[28643     0]
  [   10     2]]

 [[28500     6]
  [   20   129]]

 [[27865    88]
  [   27   675]]

 [[28455     4]
  [   13   183]]

 [[28621     2]
  [   15    17]]

 [[28576    10]
  [   12    57]]

 [[28559     3]
  [    8    85]]

 [[28620     3]
  [    4    28]]

 [[28605     1]
  [    8    41]]

 [[28486    15]
  [    6   148]]]

===scores report===
metrics	scores
Accuracy	0.8273
MCC	0.8238
log_loss	0.8720
f1 score weighted	0.8278
f1 score macro	0.7253
f1 score micro	0.8273
roc_auc ovr	0.9922
roc_auc ovo	0.9888
precision	0.8440
recall	0.8273

===Callbacks===

generate_callbacks
[<tensorflow.python.keras.callbacks.EarlyStopping object at 0x7fbbc04945e0>, <tensorflow.python.keras.callbacks.ReduceLROnPlateau object at 0x7fbbc04943a0>, <tensorflow.python.keras.callbacks.ModelCheckpoint object at 0x7fbbc0494880>]
===SCORING TEST SET ===

model_complete_evaluate
{'self': <deep_ml.DeepML object at 0x7fbbc0494520>, 'x_test': array([[[-1, -1, -2, ..., -1, -1,  1],
        [-1,  5,  0, ..., -3, -2, -3],
        [-2,  0,  6, ..., -4, -2, -3],
        ...,
        [ 0,  0,  0, ...,  0,  0,  0],
        [ 0,  0,  0, ...,  0,  0,  0],
        [ 0,  0,  0, ...,  0,  0,  0]],

       [[-1, -1, -2, ..., -1, -1,  1],
        [ 4, -1, -2, ..., -3, -2,  0],
        [ 4, -1, -2, ..., -3, -2,  0],
        ...,
        [ 0,  0,  0, ...,  0,  0,  0],
        [ 0,  0,  0, ...,  0,  0,  0],
        [ 0,  0,  0, ...,  0,  0,  0]],

       [[-1, -1, -2, ..., -1, -1,  1],
        [-2,  0,  6, ..., -4, -2, -3],
        [-1, -3, -3, ..., -3, -1,  3],
        ...,
        [ 0,  0,  0, ...,  0,  0,  0],
        [ 0,  0,  0, ...,  0,  0,  0],
        [ 0,  0,  0, ...,  0,  0,  0]],

       ...,

       [[-1, -1, -2, ..., -1, -1,  1],
        [ 4, -1, -2, ..., -3, -2,  0],
        [ 0, -3, -3, ..., -3, -1,  4],
        ...,
        [ 0,  0,  0, ...,  0,  0,  0],
        [ 0,  0,  0, ...,  0,  0,  0],
        [ 0,  0,  0, ...,  0,  0,  0]],

       [[ 0, -1,  0, ..., -2, -2,  0],
        [-2, -2, -2, ...,  2,  7, -1],
        [ 1, -1,  1, ..., -3, -2, -2],
        ...,
        [-1,  0,  0, ..., -3, -2, -2],
        [-2, -3, -3, ...,  1,  3, -1],
        [-2, -2,  1, ..., -4, -3, -3]],

       [[-1, -1, -2, ..., -1, -1,  1],
        [ 1, -1,  1, ..., -3, -2, -2],
        [-1, -2, -3, ..., -2, -1,  1],
        ...,
        [ 0,  0,  0, ...,  0,  0,  0],
        [ 0,  0,  0, ...,  0,  0,  0],
        [ 0,  0,  0, ...,  0,  0,  0]]], dtype=int8), 'y_test': array([ 56.,  56.,  56., ...,  51.,  96., 109.], dtype=float32), 'model': None}
report

              precision    recall  f1-score   support

         0.0       0.87      0.91      0.89       825
         1.0       0.50      0.21      0.30        14
         2.0       0.71      0.69      0.70        32
         3.0       1.00      0.17      0.29        12
         4.0       0.86      0.73      0.79        52
         5.0       0.87      0.76      0.81       176
         6.0       0.56      0.66      0.60       102
         7.0       0.43      0.44      0.44        97
         8.0       0.80      0.57      0.67        14
         9.0       0.62      0.55      0.58        69
        10.0       0.80      0.75      0.78       104
        11.0       0.75      0.33      0.46        18
        12.0       0.50      0.27      0.35        15
        13.0       0.83      0.71      0.77        42
        14.0       0.95      0.59      0.73        34
        15.0       0.86      0.88      0.87        64
        16.0       0.75      0.23      0.35        13
        17.0       0.80      0.42      0.55        19
        18.0       0.95      0.87      0.91        71
        19.0       0.75      0.39      0.51        31
        20.0       0.98      0.96      0.97        94
        21.0       0.85      0.85      0.85        46
        22.0       0.90      0.72      0.80        25
        23.0       0.96      0.93      0.94       346
        24.0       0.89      0.81      0.85        31
        25.0       0.57      0.20      0.30        20
        26.0       0.89      0.65      0.75       167
        27.0       0.97      0.78      0.86        36
        28.0       1.00      0.92      0.96        60
        29.0       0.89      0.87      0.88        62
        30.0       0.86      0.55      0.67        11
        31.0       0.00      0.00      0.00        12
        32.0       0.65      0.70      0.67        40
        33.0       0.87      0.80      0.83        74
        34.0       0.93      1.00      0.97        56
        35.0       0.78      0.88      0.82        16
        36.0       0.38      0.53      0.44        51
        37.0       0.86      1.00      0.93        19
        38.0       0.88      0.76      0.81        29
        39.0       0.92      0.92      0.92       101
        40.0       0.89      0.67      0.76        12
        41.0       1.00      0.92      0.96        13
        42.0       0.85      0.91      0.88        67
        43.0       0.94      0.87      0.90        76
        44.0       0.85      1.00      0.92        11
        45.0       0.88      0.76      0.81        37
        46.0       0.85      0.92      0.88      1613
        47.0       0.98      0.97      0.97       299
        48.0       0.97      0.95      0.96       243
        49.0       0.97      0.95      0.96       169
        50.0       0.82      0.83      0.83      1023
        51.0       0.77      0.80      0.78       352
        52.0       0.90      0.85      0.87        86
        53.0       0.78      0.83      0.80       606
        54.0       0.95      0.89      0.92       543
        55.0       0.96      0.85      0.90        79
        56.0       0.90      0.91      0.91       954
        57.0       0.88      0.87      0.88       247
        58.0       1.00      0.94      0.97        34
        59.0       0.83      0.89      0.86       877
        60.0       0.98      0.82      0.89        77
        61.0       0.85      0.89      0.87       566
        62.0       1.00      0.46      0.63        24
        63.0       0.75      0.69      0.72        55
        64.0       0.99      0.97      0.98       255
        65.0       0.73      0.62      0.67        13
        66.0       0.95      0.94      0.94       457
        67.0       0.91      0.81      0.86        37
        68.0       0.88      0.86      0.87      1189
        69.0       0.91      0.88      0.89       223
        70.0       0.67      0.21      0.32        19
        71.0       0.90      0.96      0.93       357
        72.0       0.83      0.62      0.71        32
        73.0       0.40      0.15      0.22        13
        74.0       0.96      0.93      0.94       128
        75.0       0.78      0.54      0.64        13
        76.0       0.73      0.83      0.78       460
        77.0       0.83      0.80      0.81       104
        78.0       0.62      0.53      0.57        53
        79.0       0.64      0.58      0.61        83
        80.0       0.54      0.67      0.60        79
        81.0       0.88      0.87      0.87        84
        82.0       0.88      0.87      0.88       334
        83.0       0.61      0.46      0.52        24
        84.0       0.75      0.81      0.78       518
        85.0       0.47      0.43      0.45        88
        86.0       1.00      0.54      0.70        13
        87.0       0.64      0.72      0.68       480
        88.0       0.76      0.71      0.73       127
        89.0       1.00      0.96      0.98        24
        90.0       0.81      0.80      0.80       153
        91.0       0.47      0.45      0.46        20
        92.0       0.64      0.67      0.65        27
        93.0       0.83      0.71      0.77        42
        94.0       0.50      0.62      0.55        34
        95.0       0.56      0.67      0.61        99
        96.0       0.73      0.87      0.79       416
        97.0       0.61      0.70      0.66       118
        98.0       0.70      0.72      0.71        99
        99.0       0.81      0.84      0.82       253
       100.0       0.94      0.95      0.94       115
       101.0       0.82      0.76      0.79       423
       102.0       0.78      0.74      0.76        98
       103.0       0.75      0.77      0.76        60
       104.0       0.84      0.82      0.83       265
       105.0       0.97      0.89      0.93        36
       106.0       0.82      0.87      0.85       495
       107.0       0.91      0.71      0.80        14
       108.0       0.82      0.89      0.85       610
       109.0       0.94      0.91      0.93       206
       110.0       0.71      0.68      0.70        22
       111.0       0.92      0.89      0.91       535
       112.0       0.84      0.60      0.70        98
       113.0       0.90      0.55      0.68        86
       114.0       0.96      0.89      0.92       110
       115.0       0.92      0.88      0.90       858
       116.0       0.72      0.46      0.56        61
       117.0       0.98      0.85      0.91       208
       118.0       0.33      0.31      0.32        13
       119.0       0.74      0.77      0.76        66
       120.0       0.98      0.88      0.93       157
       121.0       0.95      0.99      0.97        84
       122.0       0.61      0.60      0.61        55
       123.0       0.94      0.67      0.78       153
       124.0       0.89      0.94      0.92        52
       125.0       0.96      0.83      0.89       147
       126.0       0.69      0.59      0.64        76
       127.0       1.00      0.78      0.88        18
       128.0       0.77      0.87      0.82       197
       129.0       0.93      0.93      0.93       450
       130.0       0.70      0.58      0.64        12
       131.0       0.81      0.62      0.70        42
       132.0       0.92      0.80      0.86        15
       133.0       0.95      0.97      0.96       204
       134.0       0.96      0.97      0.97        76
       135.0       0.89      0.82      0.85       256
       136.0       0.62      0.42      0.50        19
       137.0       0.92      0.85      0.88        13
       138.0       0.48      0.67      0.56        67
       139.0       0.97      0.97      0.97      1464
       140.0       0.91      0.92      0.91       147
       141.0       0.98      0.89      0.93        98
       142.0       0.95      0.91      0.93       455
       143.0       0.95      0.89      0.92        82
       144.0       0.96      0.94      0.95       410
       145.0       0.93      0.95      0.94       406
       146.0       0.50      0.08      0.14        12
       147.0       0.90      0.93      0.91       149
       148.0       0.95      0.95      0.95       702
       149.0       1.00      0.96      0.98       196
       150.0       0.78      0.88      0.82        32
       151.0       0.97      0.83      0.89        69
       152.0       0.94      0.99      0.96        93
       153.0       1.00      0.88      0.94        33
       154.0       0.96      0.92      0.94        50
       155.0       0.87      0.95      0.91       154

    accuracy                           0.86     28655
   macro avg       0.82      0.75      0.77     28655
weighted avg       0.86      0.86      0.86     28655


===confusion_matrix===

[[754   0   0 ...   0   0   0]
 [  2   3   1 ...   0   0   0]
 [  0   0  22 ...   0   0   0]
 ...
 [  0   0   0 ...  29   0   2]
 [  0   0   0 ...   0  46   3]
 [  0   0   0 ...   0   0 146]]

===multilabel confusion matrix===

[[[27716   114]
  [   71   754]]

 [[28638     3]
  [   11     3]]

 [[28614     9]
  [   10    22]]

 [[28643     0]
  [   10     2]]

 [[28597     6]
  [   14    38]]

 [[28459    20]
  [   43   133]]

 [[28500    53]
  [   35    67]]

 [[28502    56]
  [   54    43]]

 [[28639     2]
  [    6     8]]

 [[28563    23]
  [   31    38]]

 [[28532    19]
  [   26    78]]

 [[28635     2]
  [   12     6]]

 [[28636     4]
  [   11     4]]

 [[28607     6]
  [   12    30]]

 [[28620     1]
  [   14    20]]

 [[28582     9]
  [    8    56]]

 [[28641     1]
  [   10     3]]

 [[28634     2]
  [   11     8]]

 [[28581     3]
  [    9    62]]

 [[28620     4]
  [   19    12]]

 [[28559     2]
  [    4    90]]

 [[28602     7]
  [    7    39]]

 [[28628     2]
  [    7    18]]

 [[28294    15]
  [   23   323]]

 [[28621     3]
  [    6    25]]

 [[28632     3]
  [   16     4]]

 [[28474    14]
  [   58   109]]

 [[28618     1]
  [    8    28]]

 [[28595     0]
  [    5    55]]

 [[28586     7]
  [    8    54]]

 [[28643     1]
  [    5     6]]

 [[28639     4]
  [   12     0]]

 [[28600    15]
  [   12    28]]

 [[28572     9]
  [   15    59]]

 [[28595     4]
  [    0    56]]

 [[28635     4]
  [    2    14]]

 [[28560    44]
  [   24    27]]

 [[28633     3]
  [    0    19]]

 [[28623     3]
  [    7    22]]

 [[28546     8]
  [    8    93]]

 [[28642     1]
  [    4     8]]

 [[28642     0]
  [    1    12]]

 [[28577    11]
  [    6    61]]

 [[28575     4]
  [   10    66]]

 [[28642     2]
  [    0    11]]

 [[28614     4]
  [    9    28]]

 [[26773   269]
  [  122  1491]]

 [[28350     6]
  [   10   289]]

 [[28404     8]
  [   11   232]]

 [[28481     5]
  [    8   161]]

 [[27449   183]
  [  175   848]]

 [[28220    83]
  [   71   281]]

 [[28561     8]
  [   13    73]]

 [[27905   144]
  [  105   501]]

 [[28089    23]
  [   60   483]]

 [[28573     3]
  [   12    67]]

 [[27606    95]
  [   83   871]]

 [[28380    28]
  [   32   215]]

 [[28621     0]
  [    2    32]]

 [[27616   162]
  [   98   779]]

 [[28577     1]
  [   14    63]]

 [[27998    91]
  [   61   505]]

 [[28631     0]
  [   13    11]]

 [[28587    13]
  [   17    38]]

 [[28398     2]
  [    8   247]]

 [[28639     3]
  [    5     8]]

 [[28176    22]
  [   29   428]]

 [[28615     3]
  [    7    30]]

 [[27333   133]
  [  167  1022]]

 [[28413    19]
  [   27   196]]

 [[28634     2]
  [   15     4]]

 [[28259    39]
  [   16   341]]

 [[28619     4]
  [   12    20]]

 [[28639     3]
  [   11     2]]

 [[28522     5]
  [    9   119]]

 [[28640     2]
  [    6     7]]

 [[28054   141]
  [   76   384]]

 [[28534    17]
  [   21    83]]

 [[28585    17]
  [   25    28]]

 [[28545    27]
  [   35    48]]

 [[28531    45]
  [   26    53]]

 [[28561    10]
  [   11    73]]

 [[28282    39]
  [   42   292]]

 [[28624     7]
  [   13    11]]

 [[27997   140]
  [   98   420]]

 [[28524    43]
  [   50    38]]

 [[28642     0]
  [    6     7]]

 [[27975   200]
  [  132   348]]

 [[28499    29]
  [   37    90]]

 [[28631     0]
  [    1    23]]

 [[28473    29]
  [   31   122]]

 [[28625    10]
  [   11     9]]

 [[28618    10]
  [    9    18]]

 [[28607     6]
  [   12    30]]

 [[28600    21]
  [   13    21]]

 [[28505    51]
  [   33    66]]

 [[28104   135]
  [   55   361]]

 [[28485    52]
  [   35    83]]

 [[28525    31]
  [   28    71]]

 [[28353    49]
  [   41   212]]

 [[28533     7]
  [    6   109]]

 [[28163    69]
  [  102   321]]

 [[28537    20]
  [   25    73]]

 [[28580    15]
  [   14    46]]

 [[28349    41]
  [   47   218]]

 [[28618     1]
  [    4    32]]

 [[28065    95]
  [   62   433]]

 [[28640     1]
  [    4    10]]

 [[27924   121]
  [   70   540]]

 [[28438    11]
  [   19   187]]

 [[28627     6]
  [    7    15]]

 [[28080    40]
  [   58   477]]

 [[28546    11]
  [   39    59]]

 [[28564     5]
  [   39    47]]

 [[28541     4]
  [   12    98]]

 [[27728    69]
  [   99   759]]

 [[28583    11]
  [   33    28]]

 [[28444     3]
  [   32   176]]

 [[28634     8]
  [    9     4]]

 [[28571    18]
  [   15    51]]

 [[28495     3]
  [   19   138]]

 [[28567     4]
  [    1    83]]

 [[28579    21]
  [   22    33]]

 [[28495     7]
  [   51   102]]

 [[28597     6]
  [    3    49]]

 [[28503     5]
  [   25   122]]

 [[28559    20]
  [   31    45]]

 [[28637     0]
  [    4    14]]

 [[28406    52]
  [   25   172]]

 [[28173    32]
  [   31   419]]

 [[28640     3]
  [    5     7]]

 [[28607     6]
  [   16    26]]

 [[28639     1]
  [    3    12]]

 [[28440    11]
  [    7   197]]

 [[28576     3]
  [    2    74]]

 [[28373    26]
  [   46   210]]

 [[28631     5]
  [   11     8]]

 [[28641     1]
  [    2    11]]

 [[28540    48]
  [   22    45]]

 [[27144    47]
  [   47  1417]]

 [[28494    14]
  [   12   135]]

 [[28555     2]
  [   11    87]]

 [[28177    23]
  [   39   416]]

 [[28569     4]
  [    9    73]]

 [[28230    15]
  [   24   386]]

 [[28218    31]
  [   19   387]]

 [[28642     1]
  [   11     1]]

 [[28491    15]
  [   11   138]]

 [[27917    36]
  [   34   668]]

 [[28459     0]
  [    8   188]]

 [[28615     8]
  [    4    28]]

 [[28584     2]
  [   12    57]]

 [[28556     6]
  [    1    92]]

 [[28622     0]
  [    4    29]]

 [[28603     2]
  [    4    46]]

 [[28479    22]
  [    8   146]]]

===scores report===
metrics	scores
Accuracy	0.8599
MCC	0.8570
log_loss	0.7598
f1 score weighted	0.8591
f1 score macro	0.7707
f1 score micro	0.8599
roc_auc ovr	0.9940
roc_auc ovo	0.9917
precision	0.8630
recall	0.8599

===Callbacks===

generate_callbacks
[<tensorflow.python.keras.callbacks.EarlyStopping object at 0x7fbbc04945e0>, <tensorflow.python.keras.callbacks.ReduceLROnPlateau object at 0x7fbbc04943a0>, <tensorflow.python.keras.callbacks.ModelCheckpoint object at 0x7fbbc0494880>]
===SCORING TEST SET ===

model_complete_evaluate
{'self': <deep_ml.DeepML object at 0x7fbbc0494520>, 'x_test': array([[[-1, -1, -2, ..., -1, -1,  1],
        [-1, -2, -3, ..., -2, -1,  1],
        [-2,  0,  6, ..., -4, -2, -3],
        ...,
        [ 0,  0,  0, ...,  0,  0,  0],
        [ 0,  0,  0, ...,  0,  0,  0],
        [ 0,  0,  0, ...,  0,  0,  0]],

       [[-1, -1, -2, ..., -1, -1,  1],
        [ 1, -1,  1, ..., -3, -2, -2],
        [ 0, -3, -3, ..., -3, -1,  4],
        ...,
        [ 0,  0,  0, ...,  0,  0,  0],
        [ 0,  0,  0, ...,  0,  0,  0],
        [ 0,  0,  0, ...,  0,  0,  0]],

       [[-1, -1, -2, ..., -1, -1,  1],
        [-2, -2, -2, ...,  2,  7, -1],
        [-2,  0,  6, ..., -4, -2, -3],
        ...,
        [ 0,  0,  0, ...,  0,  0,  0],
        [ 0,  0,  0, ...,  0,  0,  0],
        [ 0,  0,  0, ...,  0,  0,  0]],

       ...,

       [[ 0, -3, -3, ..., -3, -1,  4],
        [ 0, -3, -3, ..., -3, -1,  4],
        [ 0, -3, -3, ..., -3, -1,  4],
        ...,
        [ 4, -1, -2, ..., -3, -2,  0],
        [-1,  1,  0, ..., -2, -1, -2],
        [ 4, -1, -2, ..., -3, -2,  0]],

       [[ 0, -1,  0, ..., -2, -2,  0],
        [-1,  2,  0, ..., -3, -2, -2],
        [-1, -2, -2, ..., -4, -3, -2],
        ...,
        [-2,  0,  6, ..., -4, -2, -3],
        [-2,  0,  1, ..., -2,  2, -3],
        [-1, -2, -3, ..., -2, -1,  1]],

       [[ 0, -2,  0, ..., -2, -3, -3],
        [-1, -2, -2, ..., -4, -3, -2],
        [-1, -2, -2, ..., -4, -3, -2],
        ...,
        [-2,  0,  1, ..., -2,  2, -3],
        [ 0, -1,  0, ..., -2, -2,  0],
        [-1, -2, -3, ..., -2, -1,  1]]], dtype=int8), 'y_test': array([ 56.,  56.,  56., ...,  96.,  46., 108.], dtype=float32), 'model': None}
report

              precision    recall  f1-score   support

         0.0       0.90      0.85      0.87       824
         1.0       1.00      0.14      0.25        14
         2.0       0.55      0.81      0.66        32
         3.0       0.25      0.08      0.12        12
         4.0       0.86      0.69      0.77        52
         5.0       0.88      0.73      0.80       175
         6.0       0.46      0.62      0.53       101
         7.0       0.39      0.41      0.40        98
         8.0       1.00      0.14      0.25        14
         9.0       0.24      0.47      0.32        70
        10.0       0.51      0.84      0.63       104
        11.0       0.48      0.56      0.51        18
        12.0       0.62      0.33      0.43        15
        13.0       0.63      0.69      0.66        42
        14.0       0.47      0.47      0.47        34
        15.0       0.92      0.85      0.88        65
        16.0       0.33      0.08      0.12        13
        17.0       0.57      0.42      0.48        19
        18.0       0.89      0.78      0.83        72
        19.0       0.24      0.43      0.31        30
        20.0       0.99      0.93      0.96        94
        21.0       0.71      0.85      0.77        46
        22.0       0.85      0.68      0.76        25
        23.0       0.95      0.92      0.94       345
        24.0       0.80      0.53      0.64        30
        25.0       0.86      0.30      0.44        20
        26.0       0.62      0.76      0.68       168
        27.0       0.50      0.80      0.62        35
        28.0       0.88      0.82      0.85        61
        29.0       0.83      0.84      0.83        63
        30.0       0.83      0.45      0.59        11
        31.0       0.00      0.00      0.00        12
        32.0       0.38      0.38      0.38        40
        33.0       0.48      0.85      0.62        74
        34.0       0.95      0.98      0.97        57
        35.0       0.57      0.75      0.65        16
        36.0       0.53      0.18      0.27        50
        37.0       0.82      0.70      0.76        20
        38.0       0.66      0.66      0.66        29
        39.0       0.94      0.87      0.90       101
        40.0       0.80      0.33      0.47        12
        41.0       0.93      0.93      0.93        14
        42.0       0.59      0.91      0.72        67
        43.0       0.98      0.84      0.91        76
        44.0       0.83      0.91      0.87        11
        45.0       0.90      0.95      0.92        37
        46.0       0.78      0.92      0.84      1613
        47.0       0.95      0.97      0.96       299
        48.0       1.00      0.92      0.96       243
        49.0       0.98      0.88      0.93       168
        50.0       0.81      0.81      0.81      1024
        51.0       0.64      0.79      0.71       353
        52.0       0.76      0.95      0.85        85
        53.0       0.68      0.82      0.74       606
        54.0       0.97      0.85      0.91       543
        55.0       0.94      0.75      0.83        79
        56.0       0.90      0.87      0.88       954
        57.0       0.80      0.89      0.84       247
        58.0       1.00      0.82      0.90        34
        59.0       0.93      0.82      0.87       876
        60.0       0.97      0.86      0.91        76
        61.0       0.83      0.86      0.84       566
        62.0       0.93      0.58      0.72        24
        63.0       0.89      0.58      0.70        55
        64.0       0.98      0.93      0.96       255
        65.0       1.00      0.85      0.92        13
        66.0       0.99      0.94      0.97       457
        67.0       0.95      0.51      0.67        37
        68.0       0.75      0.88      0.81      1189
        69.0       0.91      0.81      0.86       223
        70.0       0.92      0.63      0.75        19
        71.0       0.94      0.92      0.93       357
        72.0       0.88      0.45      0.60        31
        73.0       0.00      0.00      0.00        13
        74.0       0.98      0.96      0.97       128
        75.0       0.90      0.69      0.78        13
        76.0       0.82      0.73      0.77       461
        77.0       0.96      0.78      0.86       104
        78.0       0.50      0.30      0.38        53
        79.0       0.85      0.48      0.62        83
        80.0       0.61      0.54      0.57        79
        81.0       1.00      0.77      0.87        84
        82.0       0.87      0.88      0.88       334
        83.0       0.75      0.12      0.21        24
        84.0       0.95      0.68      0.79       518
        85.0       0.39      0.18      0.25        88
        86.0       1.00      0.25      0.40        12
        87.0       0.62      0.70      0.65       481
        88.0       0.71      0.60      0.65       126
        89.0       1.00      1.00      1.00        24
        90.0       0.77      0.77      0.77       152
        91.0       0.40      0.10      0.16        20
        92.0       0.82      0.33      0.47        27
        93.0       0.68      0.64      0.66        42
        94.0       0.62      0.39      0.48        33
        95.0       0.51      0.58      0.54       100
        96.0       0.92      0.79      0.85       415
        97.0       0.80      0.59      0.68       118
        98.0       0.97      0.76      0.85       100
        99.0       0.62      0.81      0.70       253
       100.0       0.99      0.88      0.93       116
       101.0       0.89      0.72      0.80       423
       102.0       0.84      0.75      0.79        99
       103.0       0.83      0.75      0.79        60
       104.0       0.88      0.74      0.81       265
       105.0       0.97      0.83      0.90        36
       106.0       0.93      0.79      0.85       495
       107.0       1.00      0.80      0.89        15
       108.0       0.74      0.86      0.79       611
       109.0       0.94      0.90      0.92       207
       110.0       0.52      0.50      0.51        22
       111.0       0.92      0.79      0.85       535
       112.0       0.77      0.52      0.62        98
       113.0       0.73      0.53      0.61        87
       114.0       0.74      0.94      0.83       110
       115.0       0.84      0.87      0.86       858
       116.0       0.70      0.32      0.44        60
       117.0       0.87      0.87      0.87       209
       118.0       0.00      0.00      0.00        12
       119.0       0.85      0.70      0.77        66
       120.0       0.93      0.87      0.89       157
       121.0       0.99      0.86      0.92        84
       122.0       0.87      0.49      0.63        55
       123.0       0.87      0.78      0.82       153
       124.0       0.88      0.86      0.87        51
       125.0       0.95      0.86      0.90       146
       126.0       0.84      0.40      0.54        77
       127.0       1.00      0.61      0.76        18
       128.0       0.84      0.89      0.86       197
       129.0       0.95      0.91      0.93       450
       130.0       0.50      0.27      0.35        11
       131.0       0.86      0.57      0.69        42
       132.0       0.86      0.80      0.83        15
       133.0       0.98      0.96      0.97       204
       134.0       0.99      0.96      0.97        76
       135.0       0.85      0.85      0.85       256
       136.0       0.36      0.20      0.26        20
       137.0       1.00      0.77      0.87        13
       138.0       0.54      0.67      0.60        67
       139.0       0.81      0.99      0.89      1464
       140.0       0.86      0.87      0.86       147
       141.0       0.78      0.85      0.81        98
       142.0       0.95      0.85      0.89       455
       143.0       0.96      0.90      0.93        82
       144.0       0.89      0.94      0.91       410
       145.0       0.94      0.89      0.91       406
       146.0       0.50      0.08      0.14        12
       147.0       0.69      0.91      0.79       148
       148.0       0.96      0.95      0.96       702
       149.0       0.94      0.98      0.96       196
       150.0       0.88      0.66      0.75        32
       151.0       0.96      0.78      0.86        69
       152.0       0.92      0.95      0.93        93
       153.0       0.97      0.88      0.92        33
       154.0       0.85      0.88      0.86        50
       155.0       0.86      0.93      0.89       153

    accuracy                           0.83     28655
   macro avg       0.78      0.69      0.71     28655
weighted avg       0.84      0.83      0.83     28655


===confusion_matrix===

[[702   0   0 ...   0   0   0]
 [  0   2   0 ...   0   0   0]
 [  0   0  26 ...   0   0   0]
 ...
 [  0   0   0 ...  29   2   0]
 [  0   0   0 ...   0  44   3]
 [  0   0   0 ...   0   2 142]]

===multilabel confusion matrix===

[[[27752    79]
  [  122   702]]

 [[28641     0]
  [   12     2]]

 [[28602    21]
  [    6    26]]

 [[28640     3]
  [   11     1]]

 [[28597     6]
  [   16    36]]

 [[28463    17]
  [   48   127]]

 [[28480    74]
  [   38    63]]

 [[28495    62]
  [   58    40]]

 [[28641     0]
  [   12     2]]

 [[28483   102]
  [   37    33]]

 [[28467    84]
  [   17    87]]

 [[28626    11]
  [    8    10]]

 [[28637     3]
  [   10     5]]

 [[28596    17]
  [   13    29]]

 [[28603    18]
  [   18    16]]

 [[28585     5]
  [   10    55]]

 [[28640     2]
  [   12     1]]

 [[28630     6]
  [   11     8]]

 [[28576     7]
  [   16    56]]

 [[28584    41]
  [   17    13]]

 [[28560     1]
  [    7    87]]

 [[28593    16]
  [    7    39]]

 [[28627     3]
  [    8    17]]

 [[28293    17]
  [   26   319]]

 [[28621     4]
  [   14    16]]

 [[28634     1]
  [   14     6]]

 [[28410    77]
  [   41   127]]

 [[28592    28]
  [    7    28]]

 [[28587     7]
  [   11    50]]

 [[28581    11]
  [   10    53]]

 [[28643     1]
  [    6     5]]

 [[28635     8]
  [   12     0]]

 [[28590    25]
  [   25    15]]

 [[28514    67]
  [   11    63]]

 [[28595     3]
  [    1    56]]

 [[28630     9]
  [    4    12]]

 [[28597     8]
  [   41     9]]

 [[28632     3]
  [    6    14]]

 [[28616    10]
  [   10    19]]

 [[28548     6]
  [   13    88]]

 [[28642     1]
  [    8     4]]

 [[28640     1]
  [    1    13]]

 [[28546    42]
  [    6    61]]

 [[28578     1]
  [   12    64]]

 [[28642     2]
  [    1    10]]

 [[28614     4]
  [    2    35]]

 [[26610   432]
  [  122  1491]]

 [[28342    14]
  [    9   290]]

 [[28411     1]
  [   20   223]]

 [[28484     3]
  [   20   148]]

 [[27436   195]
  [  193   831]]

 [[28146   156]
  [   75   278]]

 [[28545    25]
  [    4    81]]

 [[27809   240]
  [  107   499]]

 [[28099    13]
  [   83   460]]

 [[28572     4]
  [   20    59]]

 [[27604    97]
  [  121   833]]

 [[28354    54]
  [   28   219]]

 [[28621     0]
  [    6    28]]

 [[27721    58]
  [  156   720]]

 [[28577     2]
  [   11    65]]

 [[27987   102]
  [   81   485]]

 [[28630     1]
  [   10    14]]

 [[28596     4]
  [   23    32]]

 [[28396     4]
  [   17   238]]

 [[28642     0]
  [    2    11]]

 [[28195     3]
  [   27   430]]

 [[28617     1]
  [   18    19]]

 [[27123   343]
  [  138  1051]]

 [[28414    18]
  [   43   180]]

 [[28635     1]
  [    7    12]]

 [[28276    22]
  [   30   327]]

 [[28622     2]
  [   17    14]]

 [[28642     0]
  [   13     0]]

 [[28525     2]
  [    5   123]]

 [[28641     1]
  [    4     9]]

 [[28122    72]
  [  126   335]]

 [[28548     3]
  [   23    81]]

 [[28586    16]
  [   37    16]]

 [[28565     7]
  [   43    40]]

 [[28548    28]
  [   36    43]]

 [[28571     0]
  [   19    65]]

 [[28279    42]
  [   41   293]]

 [[28630     1]
  [   21     3]]

 [[28118    19]
  [  168   350]]

 [[28542    25]
  [   72    16]]

 [[28643     0]
  [    9     3]]

 [[27965   209]
  [  146   335]]

 [[28499    30]
  [   51    75]]

 [[28631     0]
  [    0    24]]

 [[28468    35]
  [   35   117]]

 [[28632     3]
  [   18     2]]

 [[28626     2]
  [   18     9]]

 [[28600    13]
  [   15    27]]

 [[28614     8]
  [   20    13]]

 [[28500    55]
  [   42    58]]

 [[28213    27]
  [   87   328]]

 [[28519    18]
  [   48    70]]

 [[28553     2]
  [   24    76]]

 [[28274   128]
  [   48   205]]

 [[28538     1]
  [   14   102]]

 [[28195    37]
  [  117   306]]

 [[28542    14]
  [   25    74]]

 [[28586     9]
  [   15    45]]

 [[28363    27]
  [   68   197]]

 [[28618     1]
  [    6    30]]

 [[28129    31]
  [  103   392]]

 [[28640     0]
  [    3    12]]

 [[27860   184]
  [   87   524]]

 [[28435    13]
  [   20   187]]

 [[28623    10]
  [   11    11]]

 [[28085    35]
  [  111   424]]

 [[28542    15]
  [   47    51]]

 [[28551    17]
  [   41    46]]

 [[28509    36]
  [    7   103]]

 [[27656   141]
  [  108   750]]

 [[28587     8]
  [   41    19]]

 [[28419    27]
  [   28   181]]

 [[28642     1]
  [   12     0]]

 [[28581     8]
  [   20    46]]

 [[28487    11]
  [   21   136]]

 [[28570     1]
  [   12    72]]

 [[28596     4]
  [   28    27]]

 [[28484    18]
  [   33   120]]

 [[28598     6]
  [    7    44]]

 [[28503     6]
  [   21   125]]

 [[28572     6]
  [   46    31]]

 [[28637     0]
  [    7    11]]

 [[28424    34]
  [   21   176]]

 [[28185    20]
  [   39   411]]

 [[28641     3]
  [    8     3]]

 [[28609     4]
  [   18    24]]

 [[28638     2]
  [    3    12]]

 [[28448     3]
  [    9   195]]

 [[28578     1]
  [    3    73]]

 [[28360    39]
  [   38   218]]

 [[28628     7]
  [   16     4]]

 [[28642     0]
  [    3    10]]

 [[28549    39]
  [   22    45]]

 [[26847   344]
  [   18  1446]]

 [[28487    21]
  [   19   128]]

 [[28533    24]
  [   15    83]]

 [[28178    22]
  [   69   386]]

 [[28570     3]
  [    8    74]]

 [[28196    49]
  [   24   386]]

 [[28226    23]
  [   46   360]]

 [[28642     1]
  [   11     1]]

 [[28447    60]
  [   13   135]]

 [[27926    27]
  [   35   667]]

 [[28447    12]
  [    4   192]]

 [[28620     3]
  [   11    21]]

 [[28584     2]
  [   15    54]]

 [[28554     8]
  [    5    88]]

 [[28621     1]
  [    4    29]]

 [[28597     8]
  [    6    44]]

 [[28478    24]
  [   11   142]]]

===scores report===
metrics	scores
Accuracy	0.8288
MCC	0.8253
log_loss	0.8688
f1 score weighted	0.8274
f1 score macro	0.7147
f1 score micro	0.8288
roc_auc ovr	0.9923
roc_auc ovo	0.9887
precision	0.8395
recall	0.8288

===Callbacks===

generate_callbacks
[<tensorflow.python.keras.callbacks.EarlyStopping object at 0x7fbbc04945e0>, <tensorflow.python.keras.callbacks.ReduceLROnPlateau object at 0x7fbbc04943a0>, <tensorflow.python.keras.callbacks.ModelCheckpoint object at 0x7fbbc0494880>]
===SCORING TEST SET ===

model_complete_evaluate
{'self': <deep_ml.DeepML object at 0x7fbbc0494520>, 'x_test': array([[[-1, -1, -2, ..., -1, -1,  1],
        [-1,  2,  0, ..., -3, -2, -2],
        [-1,  2,  0, ..., -3, -2, -2],
        ...,
        [ 0,  0,  0, ...,  0,  0,  0],
        [ 0,  0,  0, ...,  0,  0,  0],
        [ 0,  0,  0, ...,  0,  0,  0]],

       [[-1, -1, -2, ..., -1, -1,  1],
        [-1,  2,  0, ..., -3, -2, -2],
        [-1,  2,  0, ..., -3, -2, -2],
        ...,
        [ 0,  0,  0, ...,  0,  0,  0],
        [ 0,  0,  0, ...,  0,  0,  0],
        [ 0,  0,  0, ...,  0,  0,  0]],

       [[-1, -1, -2, ..., -1, -1,  1],
        [-1,  2,  0, ..., -3, -2, -2],
        [ 0, -1,  0, ..., -2, -2,  0],
        ...,
        [ 0,  0,  0, ...,  0,  0,  0],
        [ 0,  0,  0, ...,  0,  0,  0],
        [ 0,  0,  0, ...,  0,  0,  0]],

       ...,

       [[-1, -3, -3, ..., -3, -1,  3],
        [-1,  0,  0, ..., -3, -2, -2],
        [-1,  0,  0, ..., -3, -2, -2],
        ...,
        [ 0, -2,  0, ..., -2, -3, -3],
        [ 1, -1,  1, ..., -3, -2, -2],
        [-1, -2, -3, ..., -2, -1,  1]],

       [[-1, -1, -2, ..., -1, -1,  1],
        [-1, -2, -2, ..., -4, -3, -2],
        [-2,  0,  6, ..., -4, -2, -3],
        ...,
        [ 0,  0,  0, ...,  0,  0,  0],
        [ 0,  0,  0, ...,  0,  0,  0],
        [ 0,  0,  0, ...,  0,  0,  0]],

       [[-2,  0,  1, ..., -2,  2, -3],
        [ 0, -3, -3, ..., -2, -2, -1],
        [ 4, -1, -2, ..., -3, -2,  0],
        ...,
        [ 0, -2,  0, ..., -2, -3, -3],
        [-1, -2, -3, ..., -2, -1,  1],
        [-1, -2, -2, ..., -4, -3, -2]]], dtype=int8), 'y_test': array([ 56.,  56., 115., ...,  96., 109.,  88.], dtype=float32), 'model': None}
report

              precision    recall  f1-score   support

         0.0       0.92      0.82      0.87       824
         1.0       0.50      0.14      0.22        14
         2.0       0.96      0.69      0.80        32
         3.0       0.50      0.09      0.15        11
         4.0       0.97      0.61      0.75        51
         5.0       0.90      0.73      0.81       176
         6.0       0.78      0.50      0.61       102
         7.0       0.76      0.32      0.45        97
         8.0       0.75      0.21      0.33        14
         9.0       0.86      0.51      0.64        70
        10.0       0.93      0.85      0.89       103
        11.0       1.00      0.11      0.20        18
        12.0       1.00      0.27      0.42        15
        13.0       0.79      0.70      0.74        43
        14.0       0.65      0.59      0.62        34
        15.0       0.90      0.72      0.80        65
        16.0       0.80      0.31      0.44        13
        17.0       1.00      0.63      0.77        19
        18.0       0.98      0.85      0.91        72
        19.0       0.72      0.43      0.54        30
        20.0       1.00      0.95      0.97        94
        21.0       0.86      0.65      0.74        46
        22.0       0.89      0.32      0.47        25
        23.0       0.95      0.93      0.94       345
        24.0       0.93      0.43      0.59        30
        25.0       0.50      0.15      0.23        20
        26.0       0.72      0.74      0.73       168
        27.0       0.88      0.83      0.85        35
        28.0       0.96      0.90      0.93        61
        29.0       0.96      0.83      0.89        63
        30.0       0.40      0.18      0.25        11
        31.0       0.00      0.00      0.00        12
        32.0       0.47      0.38      0.42        40
        33.0       0.81      0.68      0.74        74
        34.0       0.97      1.00      0.98        57
        35.0       1.00      1.00      1.00        15
        36.0       0.73      0.22      0.34        50
        37.0       0.84      0.84      0.84        19
        38.0       1.00      0.55      0.71        29
        39.0       0.96      0.75      0.84       101
        40.0       1.00      0.77      0.87        13
        41.0       1.00      0.79      0.88        14
        42.0       0.78      0.82      0.80        66
        43.0       0.90      0.83      0.86        76
        44.0       1.00      0.91      0.95        11
        45.0       0.91      0.78      0.84        37
        46.0       0.90      0.91      0.90      1612
        47.0       0.91      0.99      0.95       299
        48.0       0.98      0.95      0.97       243
        49.0       0.97      0.86      0.91       168
        50.0       0.65      0.86      0.74      1024
        51.0       0.88      0.71      0.78       353
        52.0       0.80      0.86      0.83        85
        53.0       0.74      0.79      0.76       606
        54.0       0.94      0.89      0.91       543
        55.0       0.83      0.81      0.82        78
        56.0       0.90      0.86      0.88       954
        57.0       0.85      0.91      0.88       247
        58.0       1.00      0.94      0.97        34
        59.0       0.75      0.86      0.80       877
        60.0       0.91      0.84      0.88        76
        61.0       0.79      0.89      0.84       566
        62.0       0.65      0.62      0.64        24
        63.0       0.59      0.69      0.64        55
        64.0       0.97      0.96      0.97       255
        65.0       1.00      0.71      0.83        14
        66.0       1.00      0.82      0.90       457
        67.0       0.95      0.51      0.67        37
        68.0       0.76      0.88      0.82      1189
        69.0       0.96      0.83      0.89       224
        70.0       0.47      0.89      0.62        19
        71.0       0.96      0.94      0.95       357
        72.0       0.66      0.66      0.66        32
        73.0       0.00      0.00      0.00        12
        74.0       0.99      0.94      0.97       127
        75.0       0.83      0.83      0.83        12
        76.0       0.72      0.78      0.75       460
        77.0       0.97      0.83      0.90       103
        78.0       0.83      0.29      0.43        52
        79.0       0.67      0.70      0.69        83
        80.0       0.54      0.42      0.48        80
        81.0       0.76      0.81      0.79        84
        82.0       0.71      0.91      0.80       334
        83.0       0.33      0.30      0.32        23
        84.0       0.81      0.77      0.79       519
        85.0       0.26      0.41      0.32        88
        86.0       1.00      0.17      0.29        12
        87.0       0.78      0.59      0.67       480
        88.0       0.72      0.62      0.67       126
        89.0       1.00      0.92      0.96        25
        90.0       0.59      0.73      0.65       152
        91.0       0.80      0.40      0.53        20
        92.0       0.82      0.50      0.62        28
        93.0       0.93      0.64      0.76        42
        94.0       0.75      0.26      0.39        34
        95.0       0.86      0.37      0.52       100
        96.0       0.84      0.81      0.83       415
        97.0       0.76      0.54      0.63       118
        98.0       0.84      0.78      0.81        99
        99.0       0.80      0.82      0.81       253
       100.0       0.98      0.80      0.88       116
       101.0       0.59      0.84      0.69       423
       102.0       0.85      0.72      0.78        99
       103.0       0.84      0.70      0.76        60
       104.0       0.82      0.83      0.82       265
       105.0       0.96      0.73      0.83        37
       106.0       0.89      0.81      0.85       495
       107.0       1.00      0.80      0.89        15
       108.0       0.87      0.83      0.85       611
       109.0       0.74      0.95      0.83       206
       110.0       1.00      0.41      0.58        22
       111.0       0.73      0.87      0.80       534
       112.0       0.85      0.61      0.71        98
       113.0       0.70      0.51      0.59        87
       114.0       0.96      0.83      0.89       110
       115.0       0.94      0.86      0.90       858
       116.0       0.41      0.64      0.50        61
       117.0       0.65      0.94      0.77       209
       118.0       0.50      0.08      0.13        13
       119.0       0.71      0.80      0.75        65
       120.0       0.98      0.99      0.98       156
       121.0       0.98      0.98      0.98        85
       122.0       0.81      0.61      0.69        56
       123.0       0.69      0.72      0.70       154
       124.0       1.00      0.69      0.82        52
       125.0       0.81      0.88      0.84       146
       126.0       0.89      0.51      0.64        77
       127.0       1.00      0.67      0.80        18
       128.0       0.73      0.90      0.81       198
       129.0       0.98      0.87      0.92       450
       130.0       1.00      0.36      0.53        11
       131.0       0.96      0.53      0.69        43
       132.0       0.93      0.87      0.90        15
       133.0       0.96      0.94      0.95       205
       134.0       0.90      0.92      0.91        77
       135.0       0.78      0.81      0.79       255
       136.0       1.00      0.10      0.18        20
       137.0       0.79      0.92      0.85        12
       138.0       0.51      0.69      0.58        67
       139.0       0.90      0.98      0.94      1464
       140.0       0.88      0.93      0.91       147
       141.0       0.89      0.81      0.84        98
       142.0       0.98      0.85      0.91       455
       143.0       0.92      0.88      0.90        82
       144.0       0.89      0.95      0.92       411
       145.0       0.83      0.94      0.88       405
       146.0       0.33      0.18      0.24        11
       147.0       0.90      0.89      0.89       148
       148.0       0.95      0.94      0.94       702
       149.0       0.98      0.97      0.98       196
       150.0       0.91      0.66      0.76        32
       151.0       0.86      0.80      0.83        69
       152.0       0.95      0.95      0.95        93
       153.0       0.91      0.97      0.94        33
       154.0       0.71      0.90      0.80        50
       155.0       0.81      0.87      0.84       154

    accuracy                           0.83     28655
   macro avg       0.82      0.70      0.73     28655
weighted avg       0.84      0.83      0.83     28655


===confusion_matrix===

[[675   0   0 ...   0   0   0]
 [  0   2   1 ...   0   0   0]
 [  0   0  22 ...   0   0   0]
 ...
 [  0   0   0 ...  32   1   0]
 [  0   0   0 ...   0  45   5]
 [  0   0   0 ...   0   8 134]]

===multilabel confusion matrix===

[[[27776    55]
  [  149   675]]

 [[28639     2]
  [   12     2]]

 [[28622     1]
  [   10    22]]

 [[28643     1]
  [   10     1]]

 [[28603     1]
  [   20    31]]

 [[28465    14]
  [   48   128]]

 [[28539    14]
  [   51    51]]

 [[28548    10]
  [   66    31]]

 [[28640     1]
  [   11     3]]

 [[28579     6]
  [   34    36]]

 [[28545     7]
  [   15    88]]

 [[28637     0]
  [   16     2]]

 [[28640     0]
  [   11     4]]

 [[28604     8]
  [   13    30]]

 [[28610    11]
  [   14    20]]

 [[28585     5]
  [   18    47]]

 [[28641     1]
  [    9     4]]

 [[28636     0]
  [    7    12]]

 [[28582     1]
  [   11    61]]

 [[28620     5]
  [   17    13]]

 [[28561     0]
  [    5    89]]

 [[28604     5]
  [   16    30]]

 [[28629     1]
  [   17     8]]

 [[28294    16]
  [   23   322]]

 [[28624     1]
  [   17    13]]

 [[28632     3]
  [   17     3]]

 [[28438    49]
  [   44   124]]

 [[28616     4]
  [    6    29]]

 [[28592     2]
  [    6    55]]

 [[28590     2]
  [   11    52]]

 [[28641     3]
  [    9     2]]

 [[28642     1]
  [   12     0]]

 [[28598    17]
  [   25    15]]

 [[28569    12]
  [   24    50]]

 [[28596     2]
  [    0    57]]

 [[28640     0]
  [    0    15]]

 [[28601     4]
  [   39    11]]

 [[28633     3]
  [    3    16]]

 [[28626     0]
  [   13    16]]

 [[28551     3]
  [   25    76]]

 [[28642     0]
  [    3    10]]

 [[28641     0]
  [    3    11]]

 [[28574    15]
  [   12    54]]

 [[28572     7]
  [   13    63]]

 [[28644     0]
  [    1    10]]

 [[28615     3]
  [    8    29]]

 [[26876   167]
  [  148  1464]]

 [[28328    28]
  [    3   296]]

 [[28408     4]
  [   12   231]]

 [[28482     5]
  [   23   145]]

 [[27151   480]
  [  147   877]]

 [[28268    34]
  [  104   249]]

 [[28552    18]
  [   12    73]]

 [[27881   168]
  [  127   479]]

 [[28082    30]
  [   62   481]]

 [[28564    13]
  [   15    63]]

 [[27605    96]
  [  131   823]]

 [[28367    41]
  [   23   224]]

 [[28621     0]
  [    2    32]]

 [[27532   246]
  [  122   755]]

 [[28573     6]
  [   12    64]]

 [[27958   131]
  [   64   502]]

 [[28623     8]
  [    9    15]]

 [[28574    26]
  [   17    38]]

 [[28393     7]
  [    9   246]]

 [[28641     0]
  [    4    10]]

 [[28197     1]
  [   82   375]]

 [[28617     1]
  [   18    19]]

 [[27132   334]
  [  138  1051]]

 [[28423     8]
  [   37   187]]

 [[28617    19]
  [    2    17]]

 [[28285    13]
  [   22   335]]

 [[28612    11]
  [   11    21]]

 [[28642     1]
  [   12     0]]

 [[28527     1]
  [    7   120]]

 [[28641     2]
  [    2    10]]

 [[28054   141]
  [  100   360]]

 [[28549     3]
  [   17    86]]

 [[28600     3]
  [   37    15]]

 [[28544    28]
  [   25    58]]

 [[28546    29]
  [   46    34]]

 [[28550    21]
  [   16    68]]

 [[28198   123]
  [   31   303]]

 [[28618    14]
  [   16     7]]

 [[28042    94]
  [  119   400]]

 [[28465   102]
  [   52    36]]

 [[28643     0]
  [   10     2]]

 [[28094    81]
  [  198   282]]

 [[28499    30]
  [   48    78]]

 [[28630     0]
  [    2    23]]

 [[28425    78]
  [   41   111]]

 [[28633     2]
  [   12     8]]

 [[28624     3]
  [   14    14]]

 [[28611     2]
  [   15    27]]

 [[28618     3]
  [   25     9]]

 [[28549     6]
  [   63    37]]

 [[28178    62]
  [   80   335]]

 [[28517    20]
  [   54    64]]

 [[28541    15]
  [   22    77]]

 [[28351    51]
  [   46   207]]

 [[28537     2]
  [   23    93]]

 [[27990   242]
  [   69   354]]

 [[28543    13]
  [   28    71]]

 [[28587     8]
  [   18    42]]

 [[28341    49]
  [   46   219]]

 [[28617     1]
  [   10    27]]

 [[28111    49]
  [   95   400]]

 [[28640     0]
  [    3    12]]

 [[27971    73]
  [  105   506]]

 [[28381    68]
  [   11   195]]

 [[28633     0]
  [   13     9]]

 [[27951   170]
  [   67   467]]

 [[28546    11]
  [   38    60]]

 [[28549    19]
  [   43    44]]

 [[28541     4]
  [   19    91]]

 [[27752    45]
  [  119   739]]

 [[28539    55]
  [   22    39]]

 [[28340   106]
  [   13   196]]

 [[28641     1]
  [   12     1]]

 [[28569    21]
  [   13    52]]

 [[28496     3]
  [    2   154]]

 [[28568     2]
  [    2    83]]

 [[28591     8]
  [   22    34]]

 [[28450    51]
  [   43   111]]

 [[28603     0]
  [   16    36]]

 [[28478    31]
  [   17   129]]

 [[28573     5]
  [   38    39]]

 [[28637     0]
  [    6    12]]

 [[28390    67]
  [   19   179]]

 [[28198     7]
  [   58   392]]

 [[28644     0]
  [    7     4]]

 [[28611     1]
  [   20    23]]

 [[28639     1]
  [    2    13]]

 [[28443     7]
  [   12   193]]

 [[28570     8]
  [    6    71]]

 [[28341    59]
  [   48   207]]

 [[28635     0]
  [   18     2]]

 [[28640     3]
  [    1    11]]

 [[28543    45]
  [   21    46]]

 [[27037   154]
  [   30  1434]]

 [[28490    18]
  [   10   137]]

 [[28547    10]
  [   19    79]]

 [[28193     7]
  [   67   388]]

 [[28567     6]
  [   10    72]]

 [[28194    50]
  [   21   390]]

 [[28170    80]
  [   24   381]]

 [[28640     4]
  [    9     2]]

 [[28492    15]
  [   16   132]]

 [[27917    36]
  [   41   661]]

 [[28455     4]
  [    5   191]]

 [[28621     2]
  [   11    21]]

 [[28577     9]
  [   14    55]]

 [[28557     5]
  [    5    88]]

 [[28619     3]
  [    1    32]]

 [[28587    18]
  [    5    45]]

 [[28470    31]
  [   20   134]]]

===scores report===
metrics	scores
Accuracy	0.8327
MCC	0.8293
log_loss	0.8236
f1 score weighted	0.8305
f1 score macro	0.7313
f1 score micro	0.8327
roc_auc ovr	0.9929
roc_auc ovo	0.9900
precision	0.8433
recall	0.8327

===TRAIN MODELS with CV===

train_model_cv	Accuracy	MCC	log_loss	f1 score weighted	f1 score macro	f1 score micro	roc_auc ovr	roc_auc ovo	precision	recall
0	0.8538874930206588	0.8508205212614764	0.7514277421158807	0.8505055399488248	0.7527428730206663	0.8538874930206588	0.9940276807078124	0.9913422704604643	0.853553137048466	0.8538874930206588
1	0.8272901762345141	0.8238270913636263	0.8719970717895169	0.8277976990005053	0.7252816650635883	0.8272901762345141	0.9921584100951929	0.9887653353133095	0.8439577768081893	0.8272901762345141
2	0.8599197347757809	0.8570092019472957	0.759753602928617	0.8590702426689693	0.7707068835648442	0.8599197347757809	0.9940175485014353	0.9917130542589381	0.8630309026499919	0.8599197347757809
3	0.8287907869481765	0.8252666823770995	0.8688107008042069	0.8274145664083824	0.7147353418983934	0.8287907869481764	0.9922796155874861	0.9886579230149963	0.8395383587902586	0.8287907869481765
4	0.8327342523119874	0.82931720085897	0.8236082265599484	0.83049012134661	0.7312645850471587	0.8327342523119874	0.9928725665205554	0.9899711952019347	0.8433156311599442	0.8327342523119874
mean	0.8405244886582235	0.8372481395616937	0.8151194688396342	0.8390556338746584	0.7389462697189301	0.8405244886582235	0.9930711642824965	0.9900899556499285	0.84867916129137	0.8405244886582235
std	0.01362541757914242	0.013865704246952066	0.05159822531049353	0.013170485705164825	0.02015431259184646	0.01362541757914244	0.0008135941710480115	0.0012666634933524656	0.008536290962456646	0.01362541757914242

Accuracy
MCC
log_loss
f1 score weighted
f1 score macro
f1 score micro
roc_auc ovr
roc_auc ovo
precision
recallFinished train_model_cv in 70079.9345 secs

