/home/amsequeira/enzymeClassification/models/embedding/bi_attetion_emb8_50_2_new
self
x_train
y_train
x_test
y_test
number_classes
problem_type
x_dval
y_dval
model
epochs
batch_size
callbacks
reduce_lr
early_stopping
checkpoint
tensorboard
early_stopping_patience
reduce_lr_patience
reduce_lr_factor
reduce_lr_min
path
report_name
verbose
validation_split
shuffle
class_weights
===Callbacks===

generate_callbacks
[<tensorflow.python.keras.callbacks.EarlyStopping object at 0x7fa1347f5910>, <tensorflow.python.keras.callbacks.ReduceLROnPlateau object at 0x7fa1347f5760>, <tensorflow.python.keras.callbacks.ModelCheckpoint object at 0x7fa1347f5940>]
===SCORING TEST SET ===

model_complete_evaluate
{'self': <deep_ml.DeepML object at 0x7fa1347f5670>, 'x_test': array([[13, 13,  2, ...,  0,  0,  0],
       [13,  4, 12, ...,  0,  0,  0],
       [13, 16,  8, ...,  0,  0,  0],
       ...,
       [13,  1, 20, ...,  0,  0,  0],
       [10,  6,  6, ...,  8, 16, 11],
       [13, 15,  3, ...,  0,  0,  0]], dtype=int8), 'y_test': array([21., 21., 21., ..., 19., 28., 30.], dtype=float32), 'model': None}
report

              precision    recall  f1-score   support

         0.0       0.33      0.85      0.47       402
         1.0       0.00      0.00      0.00        19
         2.0       0.14      0.23      0.17        82
         3.0       0.00      0.00      0.00        16
         4.0       0.36      0.06      0.11        62
         5.0       0.53      0.47      0.50       277
         6.0       0.64      0.50      0.56        36
         7.0       0.00      0.00      0.00        26
         8.0       0.38      0.29      0.33        72
         9.0       0.73      0.27      0.39        30
        10.0       0.71      0.53      0.61       156
        11.0       0.50      0.24      0.32       168
        12.0       0.50      0.43      0.46        83
        13.0       0.21      0.06      0.09        53
        14.0       0.40      0.32      0.36        31
        15.0       0.47      0.35      0.40        52
        16.0       0.73      0.49      0.59        94
        17.0       0.80      0.81      0.81       885
        18.0       0.83      0.42      0.56        48
        19.0       0.51      0.71      0.59       781
        20.0       0.91      0.56      0.69       591
        21.0       0.61      0.73      0.66       385
        22.0       0.83      0.70      0.76       128
        23.0       0.85      0.72      0.78      1888
        24.0       0.90      0.60      0.72       169
        25.0       0.63      0.60      0.61      1296
        26.0       0.66      0.34      0.45       381
        27.0       1.00      0.36      0.53        14
        28.0       0.63      0.49      0.55       769
        29.0       0.38      0.37      0.37       372
        30.0       0.73      0.76      0.75       631
        31.0       0.00      0.00      0.00        11
        32.0       0.37      0.40      0.39       316
        33.0       0.48      0.61      0.54       405
        34.0       0.51      0.50      0.50        96
        35.0       0.00      0.00      0.00        26
        36.0       0.25      0.48      0.33        65
        37.0       1.00      0.29      0.44        21
        38.0       0.32      0.57      0.41       121
        39.0       0.24      0.69      0.36       114
        40.0       0.67      0.71      0.69       207
        41.0       0.59      0.60      0.60       194
        42.0       0.47      0.15      0.23        47
        43.0       0.83      0.90      0.86       431
        44.0       0.94      0.70      0.80        67
        45.0       0.81      0.73      0.77       488
        46.0       0.91      0.48      0.63        62
        47.0       0.83      0.87      0.85       264
        48.0       0.96      0.49      0.65        49
        49.0       0.65      0.67      0.66        30
        50.0       1.00      0.73      0.85        15
        51.0       0.86      0.29      0.43        21
        52.0       0.64      0.77      0.70        73

    accuracy                           0.62     13120
   macro avg       0.57      0.47      0.49     13120
weighted avg       0.66      0.62      0.63     13120


===confusion_matrix===

[[341   0   3 ...   0   0   0]
 [  0   0   1 ...   0   0   0]
 [ 16   0  19 ...   0   0   0]
 ...
 [  0   0   0 ...  11   0   2]
 [  0   0   0 ...   0   6  12]
 [  0   0   0 ...   0   0  56]]

===multilabel confusion matrix===

[[[12011   707]
  [   61   341]]

 [[13101     0]
  [   19     0]]

 [[12921   117]
  [   63    19]]

 [[13104     0]
  [   16     0]]

 [[13051     7]
  [   58     4]]

 [[12726   117]
  [  146   131]]

 [[13074    10]
  [   18    18]]

 [[13094     0]
  [   26     0]]

 [[13013    35]
  [   51    21]]

 [[13087     3]
  [   22     8]]

 [[12930    34]
  [   73    83]]

 [[12912    40]
  [  128    40]]

 [[13001    36]
  [   47    36]]

 [[13056    11]
  [   50     3]]

 [[13074    15]
  [   21    10]]

 [[13048    20]
  [   34    18]]

 [[13009    17]
  [   48    46]]

 [[12057   178]
  [  168   717]]

 [[13068     4]
  [   28    20]]

 [[11805   534]
  [  229   552]]

 [[12497    32]
  [  260   331]]

 [[12555   180]
  [  105   280]]

 [[12974    18]
  [   39    89]]

 [[10999   233]
  [  537  1351]]

 [[12940    11]
  [   68   101]]

 [[11365   459]
  [  522   774]]

 [[12670    69]
  [  250   131]]

 [[13106     0]
  [    9     5]]

 [[12126   225]
  [  393   376]]

 [[12526   222]
  [  235   137]]

 [[12315   174]
  [  151   480]]

 [[13109     0]
  [   11     0]]

 [[12592   212]
  [  189   127]]

 [[12447   268]
  [  157   248]]

 [[12977    47]
  [   48    48]]

 [[13094     0]
  [   26     0]]

 [[12961    94]
  [   34    31]]

 [[13099     0]
  [   15     6]]

 [[12851   148]
  [   52    69]]

 [[12758   248]
  [   35    79]]

 [[12839    74]
  [   60   147]]

 [[12847    79]
  [   78   116]]

 [[13065     8]
  [   40     7]]

 [[12608    81]
  [   41   390]]

 [[13050     3]
  [   20    47]]

 [[12548    84]
  [  131   357]]

 [[13055     3]
  [   32    30]]

 [[12808    48]
  [   34   230]]

 [[13070     1]
  [   25    24]]

 [[13079    11]
  [   10    20]]

 [[13105     0]
  [    4    11]]

 [[13098     1]
  [   15     6]]

 [[13016    31]
  [   17    56]]]

===scores report===
metrics	scores
Accuracy	0.6228
MCC	0.6028
log_loss	1.5339
f1 score weighted	0.6258
f1 score macro	0.4879
f1 score micro	0.6228
roc_auc ovr	0.9503
roc_auc ovo	0.9481
precision	0.6603
recall	0.6228

===Callbacks===

generate_callbacks
[<tensorflow.python.keras.callbacks.EarlyStopping object at 0x7fa1347f5910>, <tensorflow.python.keras.callbacks.ReduceLROnPlateau object at 0x7fa1347f5760>, <tensorflow.python.keras.callbacks.ModelCheckpoint object at 0x7fa1347f5940>]
===SCORING TEST SET ===

model_complete_evaluate
{'self': <deep_ml.DeepML object at 0x7fa1347f5670>, 'x_test': array([[13, 16,  7, ...,  0,  0,  0],
       [13, 16, 12, ...,  0,  0,  0],
       [13, 16,  4, ...,  0,  0,  0],
       ...,
       [12, 20, 14, ...,  9, 15, 11],
       [ 3, 16, 15, ..., 11, 19,  1],
       [13,  4, 11, ...,  0,  0,  0]], dtype=int8), 'y_test': array([21., 11., 11., ..., 25., 30., 28.], dtype=float32), 'model': None}
report

              precision    recall  f1-score   support

         0.0       0.65      0.80      0.72       402
         1.0       0.75      0.32      0.44        19
         2.0       0.45      0.43      0.44        81
         3.0       0.00      0.00      0.00        16
         4.0       0.24      0.32      0.28        62
         5.0       0.52      0.67      0.59       277
         6.0       0.82      0.64      0.72        36
         7.0       0.45      0.19      0.27        26
         8.0       0.59      0.44      0.50        73
         9.0       0.36      0.28      0.31        29
        10.0       0.86      0.65      0.74       156
        11.0       0.53      0.45      0.48       168
        12.0       0.40      0.53      0.46        83
        13.0       0.19      0.13      0.16        53
        14.0       0.75      0.38      0.50        32
        15.0       0.47      0.50      0.49        52
        16.0       0.59      0.46      0.52        95
        17.0       0.81      0.83      0.82       884
        18.0       0.83      0.50      0.62        48
        19.0       0.68      0.72      0.70       782
        20.0       0.78      0.71      0.74       591
        21.0       0.78      0.75      0.76       385
        22.0       0.84      0.73      0.78       128
        23.0       0.79      0.81      0.80      1888
        24.0       0.67      0.71      0.69       169
        25.0       0.66      0.65      0.65      1295
        26.0       0.53      0.55      0.54       381
        27.0       1.00      0.64      0.78        14
        28.0       0.60      0.60      0.60       769
        29.0       0.47      0.60      0.53       371
        30.0       0.79      0.75      0.77       631
        31.0       0.67      0.36      0.47        11
        32.0       0.37      0.57      0.45       316
        33.0       0.60      0.61      0.61       405
        34.0       0.61      0.56      0.58        96
        35.0       0.00      0.00      0.00        26
        36.0       0.75      0.46      0.57        65
        37.0       0.73      0.73      0.73        22
        38.0       0.66      0.58      0.62       121
        39.0       0.84      0.67      0.75       113
        40.0       0.85      0.76      0.81       208
        41.0       0.74      0.67      0.70       193
        42.0       0.75      0.33      0.45        46
        43.0       0.92      0.86      0.89       431
        44.0       0.93      0.64      0.76        66
        45.0       0.83      0.76      0.79       489
        46.0       0.98      0.69      0.81        62
        47.0       0.82      0.81      0.81       264
        48.0       0.81      0.43      0.56        49
        49.0       0.76      0.61      0.68        31
        50.0       0.86      0.75      0.80        16
        51.0       0.83      0.71      0.77        21
        52.0       0.75      0.84      0.79        73

    accuracy                           0.69     13120
   macro avg       0.66      0.57      0.60     13120
weighted avg       0.70      0.69      0.69     13120


===confusion_matrix===

[[320   0   2 ...   0   0   0]
 [  0   6   0 ...   0   0   0]
 [  0   0  35 ...   0   0   0]
 ...
 [  0   0   0 ...  12   1   0]
 [  0   0   0 ...   0  15   2]
 [  0   0   0 ...   1   0  61]]

===multilabel confusion matrix===

[[[12549   169]
  [   82   320]]

 [[13099     2]
  [   13     6]]

 [[12996    43]
  [   46    35]]

 [[13103     1]
  [   16     0]]

 [[12996    62]
  [   42    20]]

 [[12675   168]
  [   92   185]]

 [[13079     5]
  [   13    23]]

 [[13088     6]
  [   21     5]]

 [[13025    22]
  [   41    32]]

 [[13077    14]
  [   21     8]]

 [[12947    17]
  [   54   102]]

 [[12885    67]
  [   93    75]]

 [[12971    66]
  [   39    44]]

 [[13038    29]
  [   46     7]]

 [[13084     4]
  [   20    12]]

 [[13039    29]
  [   26    26]]

 [[12995    30]
  [   51    44]]

 [[12063   173]
  [  146   738]]

 [[13067     5]
  [   24    24]]

 [[12076   262]
  [  217   565]]

 [[12412   117]
  [  174   417]]

 [[12654    81]
  [   98   287]]

 [[12974    18]
  [   34    94]]

 [[10818   414]
  [  350  1538]]

 [[12893    58]
  [   49   120]]

 [[11388   437]
  [  456   839]]

 [[12553   186]
  [  170   211]]

 [[13106     0]
  [    5     9]]

 [[12043   308]
  [  305   464]]

 [[12500   249]
  [  149   222]]

 [[12365   124]
  [  157   474]]

 [[13107     2]
  [    7     4]]

 [[12492   312]
  [  136   180]]

 [[12549   166]
  [  157   248]]

 [[12989    35]
  [   42    54]]

 [[13093     1]
  [   26     0]]

 [[13045    10]
  [   35    30]]

 [[13092     6]
  [    6    16]]

 [[12963    36]
  [   51    70]]

 [[12993    14]
  [   37    76]]

 [[12884    28]
  [   49   159]]

 [[12881    46]
  [   64   129]]

 [[13069     5]
  [   31    15]]

 [[12657    32]
  [   62   369]]

 [[13051     3]
  [   24    42]]

 [[12553    78]
  [  116   373]]

 [[13057     1]
  [   19    43]]

 [[12808    48]
  [   51   213]]

 [[13066     5]
  [   28    21]]

 [[13083     6]
  [   12    19]]

 [[13102     2]
  [    4    12]]

 [[13096     3]
  [    6    15]]

 [[13027    20]
  [   12    61]]]

===scores report===
metrics	scores
Accuracy	0.6932
MCC	0.6747
log_loss	1.3539
f1 score weighted	0.6939
f1 score macro	0.6003
f1 score micro	0.6932
roc_auc ovr	0.9608
roc_auc ovo	0.9583
precision	0.7021
recall	0.6932

===Callbacks===

generate_callbacks
[<tensorflow.python.keras.callbacks.EarlyStopping object at 0x7fa1347f5910>, <tensorflow.python.keras.callbacks.ReduceLROnPlateau object at 0x7fa1347f5760>, <tensorflow.python.keras.callbacks.ModelCheckpoint object at 0x7fa1347f5940>]
===SCORING TEST SET ===

model_complete_evaluate
{'self': <deep_ml.DeepML object at 0x7fa1347f5670>, 'x_test': array([[13,  7,  1, ...,  0,  0,  0],
       [13,  1,  1, ...,  0,  0,  0],
       [13,  7, 17, ...,  0,  0,  0],
       ...,
       [17, 19, 16, ...,  6, 14,  4],
       [20, 20, 20, ...,  1,  7,  1],
       [17, 12, 15, ...,  3,  9, 11]], dtype=int8), 'y_test': array([21., 21., 21., ..., 28., 28., 17.], dtype=float32), 'model': None}
report

              precision    recall  f1-score   support

         0.0       0.62      0.76      0.69       401
         1.0       1.00      0.35      0.52        20
         2.0       0.69      0.44      0.54        82
         3.0       1.00      0.06      0.12        16
         4.0       0.43      0.10      0.16        62
         5.0       0.47      0.53      0.50       277
         6.0       0.90      0.72      0.80        36
         7.0       0.67      0.08      0.14        25
         8.0       0.82      0.37      0.51        73
         9.0       0.64      0.48      0.55        29
        10.0       0.91      0.62      0.73       156
        11.0       0.59      0.38      0.46       168
        12.0       0.68      0.47      0.56        83
        13.0       0.11      0.02      0.03        54
        14.0       0.67      0.19      0.30        31
        15.0       0.75      0.28      0.41        53
        16.0       0.83      0.51      0.63        95
        17.0       0.81      0.79      0.80       884
        18.0       0.85      0.36      0.51        47
        19.0       0.63      0.71      0.67       782
        20.0       0.82      0.62      0.70       592
        21.0       0.87      0.60      0.71       385
        22.0       0.97      0.65      0.78       128
        23.0       0.68      0.83      0.75      1887
        24.0       0.81      0.71      0.76       168
        25.0       0.46      0.74      0.57      1295
        26.0       0.50      0.51      0.50       381
        27.0       1.00      0.43      0.60        14
        28.0       0.52      0.59      0.55       768
        29.0       0.53      0.43      0.48       372
        30.0       0.75      0.73      0.74       631
        31.0       1.00      0.20      0.33        10
        32.0       0.48      0.50      0.49       316
        33.0       0.65      0.56      0.60       405
        34.0       0.90      0.40      0.55        96
        35.0       0.33      0.04      0.07        26
        36.0       0.90      0.41      0.56        66
        37.0       0.94      0.68      0.79        22
        38.0       0.76      0.61      0.68       121
        39.0       0.91      0.57      0.70       113
        40.0       0.91      0.60      0.72       208
        41.0       0.89      0.59      0.71       194
        42.0       0.72      0.46      0.56        46
        43.0       0.97      0.76      0.85       431
        44.0       0.96      0.73      0.83        66
        45.0       0.87      0.76      0.81       489
        46.0       0.90      0.60      0.72        62
        47.0       0.87      0.83      0.85       263
        48.0       0.79      0.54      0.64        50
        49.0       0.54      0.84      0.66        31
        50.0       0.79      0.69      0.73        16
        51.0       1.00      0.62      0.76        21
        52.0       0.74      0.73      0.73        73

    accuracy                           0.66     13120
   macro avg       0.75      0.52      0.59     13120
weighted avg       0.69      0.66      0.66     13120


===confusion_matrix===

[[305   0   0 ...   0   0   0]
 [  0   7   0 ...   0   0   0]
 [  1   0  36 ...   0   0   0]
 ...
 [  0   0   0 ...  11   0   1]
 [  0   0   0 ...   2  13   2]
 [  0   0   0 ...   0   0  53]]

===multilabel confusion matrix===

[[[12535   184]
  [   96   305]]

 [[13100     0]
  [   13     7]]

 [[13022    16]
  [   46    36]]

 [[13104     0]
  [   15     1]]

 [[13050     8]
  [   56     6]]

 [[12675   168]
  [  130   147]]

 [[13081     3]
  [   10    26]]

 [[13094     1]
  [   23     2]]

 [[13041     6]
  [   46    27]]

 [[13083     8]
  [   15    14]]

 [[12954    10]
  [   60    96]]

 [[12909    43]
  [  105    63]]

 [[13019    18]
  [   44    39]]

 [[13058     8]
  [   53     1]]

 [[13086     3]
  [   25     6]]

 [[13062     5]
  [   38    15]]

 [[13015    10]
  [   47    48]]

 [[12071   165]
  [  182   702]]

 [[13070     3]
  [   30    17]]

 [[12011   327]
  [  226   556]]

 [[12447    81]
  [  226   366]]

 [[12700    35]
  [  154   231]]

 [[12989     3]
  [   45    83]]

 [[10484   749]
  [  316  1571]]

 [[12924    28]
  [   48   120]]

 [[10726  1099]
  [  340   955]]

 [[12541   198]
  [  186   195]]

 [[13106     0]
  [    8     6]]

 [[11937   415]
  [  318   450]]

 [[12604   144]
  [  211   161]]

 [[12333   156]
  [  171   460]]

 [[13110     0]
  [    8     2]]

 [[12635   169]
  [  157   159]]

 [[12594   121]
  [  180   225]]

 [[13020     4]
  [   58    38]]

 [[13092     2]
  [   25     1]]

 [[13051     3]
  [   39    27]]

 [[13097     1]
  [    7    15]]

 [[12976    23]
  [   47    74]]

 [[13001     6]
  [   49    64]]

 [[12900    12]
  [   83   125]]

 [[12912    14]
  [   80   114]]

 [[13066     8]
  [   25    21]]

 [[12680     9]
  [  103   328]]

 [[13052     2]
  [   18    48]]

 [[12576    55]
  [  118   371]]

 [[13054     4]
  [   25    37]]

 [[12825    32]
  [   44   219]]

 [[13063     7]
  [   23    27]]

 [[13067    22]
  [    5    26]]

 [[13101     3]
  [    5    11]]

 [[13099     0]
  [    8    13]]

 [[13028    19]
  [   20    53]]]

===scores report===
metrics	scores
Accuracy	0.6639
MCC	0.6421
log_loss	1.4544
f1 score weighted	0.6622
f1 score macro	0.5870
f1 score micro	0.6639
roc_auc ovr	0.9544
roc_auc ovo	0.9493
precision	0.6919
recall	0.6639

===Callbacks===

generate_callbacks
[<tensorflow.python.keras.callbacks.EarlyStopping object at 0x7fa1347f5910>, <tensorflow.python.keras.callbacks.ReduceLROnPlateau object at 0x7fa1347f5760>, <tensorflow.python.keras.callbacks.ModelCheckpoint object at 0x7fa1347f5940>]
===SCORING TEST SET ===

model_complete_evaluate
{'self': <deep_ml.DeepML object at 0x7fa1347f5670>, 'x_test': array([[13, 12, 12, ...,  0,  0,  0],
       [13, 16, 11, ...,  0,  0,  0],
       [13, 20,  8, ...,  0,  0,  0],
       ...,
       [12, 12, 11, ..., 16,  9, 20],
       [13,  6, 12, ...,  0,  0,  0],
       [11, 11,  2, ...,  1, 16,  1]], dtype=int8), 'y_test': array([21., 11., 11., ..., 17., 19., 50.], dtype=float32), 'model': None}
report

              precision    recall  f1-score   support

         0.0       0.78      0.76      0.77       401
         1.0       1.00      0.20      0.33        20
         2.0       0.74      0.56      0.64        82
         3.0       0.33      0.07      0.11        15
         4.0       0.32      0.19      0.24        62
         5.0       0.64      0.56      0.60       278
         6.0       0.88      0.58      0.70        36
         7.0       0.33      0.04      0.07        25
         8.0       0.68      0.62      0.65        73
         9.0       0.69      0.38      0.49        29
        10.0       0.85      0.73      0.79       156
        11.0       0.56      0.54      0.55       168
        12.0       0.59      0.57      0.58        83
        13.0       0.14      0.02      0.03        54
        14.0       0.50      0.52      0.51        31
        15.0       0.42      0.15      0.22        53
        16.0       0.73      0.61      0.67        95
        17.0       0.70      0.86      0.77       884
        18.0       0.96      0.55      0.70        47
        19.0       0.64      0.71      0.67       781
        20.0       0.74      0.66      0.70       592
        21.0       0.79      0.74      0.76       385
        22.0       0.90      0.73      0.80       129
        23.0       0.74      0.83      0.78      1887
        24.0       0.73      0.73      0.73       168
        25.0       0.61      0.68      0.64      1295
        26.0       0.54      0.60      0.57       381
        27.0       0.83      0.38      0.53        13
        28.0       0.68      0.55      0.61       769
        29.0       0.54      0.51      0.52       372
        30.0       0.74      0.78      0.76       631
        31.0       1.00      0.36      0.53        11
        32.0       0.48      0.54      0.51       316
        33.0       0.56      0.69      0.62       405
        34.0       0.68      0.56      0.61        95
        35.0       1.00      0.04      0.08        25
        36.0       0.91      0.48      0.63        66
        37.0       0.67      0.55      0.60        22
        38.0       0.68      0.57      0.62       121
        39.0       0.76      0.84      0.80       113
        40.0       0.85      0.72      0.78       208
        41.0       0.81      0.63      0.71       194
        42.0       0.55      0.46      0.50        46
        43.0       0.88      0.85      0.86       431
        44.0       0.97      0.59      0.74        66
        45.0       0.78      0.77      0.78       489
        46.0       0.90      0.73      0.80        62
        47.0       0.91      0.85      0.88       263
        48.0       0.87      0.52      0.65        50
        49.0       0.64      0.81      0.71        31
        50.0       0.92      0.75      0.83        16
        51.0       0.84      0.73      0.78        22
        52.0       0.78      0.79      0.79        73

    accuracy                           0.70     13120
   macro avg       0.71      0.57      0.61     13120
weighted avg       0.70      0.70      0.69     13120


===confusion_matrix===

[[304   0   0 ...   0   0   0]
 [  0   4   0 ...   0   0   0]
 [  0   0  46 ...   0   0   0]
 ...
 [  0   0   0 ...  12   0   1]
 [  0   0   0 ...   0  16   1]
 [  0   0   0 ...   0   2  58]]

===multilabel confusion matrix===

[[[12631    88]
  [   97   304]]

 [[13100     0]
  [   16     4]]

 [[13022    16]
  [   36    46]]

 [[13103     2]
  [   14     1]]

 [[13033    25]
  [   50    12]]

 [[12755    87]
  [  123   155]]

 [[13081     3]
  [   15    21]]

 [[13093     2]
  [   24     1]]

 [[13026    21]
  [   28    45]]

 [[13086     5]
  [   18    11]]

 [[12944    20]
  [   42   114]]

 [[12882    70]
  [   78    90]]

 [[13005    32]
  [   36    47]]

 [[13060     6]
  [   53     1]]

 [[13073    16]
  [   15    16]]

 [[13056    11]
  [   45     8]]

 [[13004    21]
  [   37    58]]

 [[11912   324]
  [  128   756]]

 [[13072     1]
  [   21    26]]

 [[12021   318]
  [  226   555]]

 [[12392   136]
  [  200   392]]

 [[12660    75]
  [  102   283]]

 [[12980    11]
  [   35    94]]

 [[10693   540]
  [  319  1568]]

 [[12906    46]
  [   46   122]]

 [[11249   576]
  [  412   883]]

 [[12540   199]
  [  151   230]]

 [[13106     1]
  [    8     5]]

 [[12151   200]
  [  347   422]]

 [[12591   157]
  [  184   188]]

 [[12319   170]
  [  138   493]]

 [[13109     0]
  [    7     4]]

 [[12615   189]
  [  144   172]]

 [[12496   219]
  [  124   281]]

 [[13000    25]
  [   42    53]]

 [[13095     0]
  [   24     1]]

 [[13051     3]
  [   34    32]]

 [[13092     6]
  [   10    12]]

 [[12966    33]
  [   52    69]]

 [[12977    30]
  [   18    95]]

 [[12886    26]
  [   59   149]]

 [[12898    28]
  [   72   122]]

 [[13057    17]
  [   25    21]]

 [[12639    50]
  [   66   365]]

 [[13053     1]
  [   27    39]]

 [[12528   103]
  [  113   376]]

 [[13053     5]
  [   17    45]]

 [[12836    21]
  [   40   223]]

 [[13066     4]
  [   24    26]]

 [[13075    14]
  [    6    25]]

 [[13103     1]
  [    4    12]]

 [[13095     3]
  [    6    16]]

 [[13031    16]
  [   15    58]]]

===scores report===
metrics	scores
Accuracy	0.6972
MCC	0.6781
log_loss	1.3042
f1 score weighted	0.6925
f1 score macro	0.6094
f1 score micro	0.6972
roc_auc ovr	0.9624
roc_auc ovo	0.9592
precision	0.7007
recall	0.6972

===Callbacks===

generate_callbacks
[<tensorflow.python.keras.callbacks.EarlyStopping object at 0x7fa1347f5910>, <tensorflow.python.keras.callbacks.ReduceLROnPlateau object at 0x7fa1347f5760>, <tensorflow.python.keras.callbacks.ModelCheckpoint object at 0x7fa1347f5940>]
===SCORING TEST SET ===

model_complete_evaluate
{'self': <deep_ml.DeepML object at 0x7fa1347f5670>, 'x_test': array([[13, 17, 12, ...,  0,  0,  0],
       [13, 12,  3, ...,  0,  0,  0],
       [13,  3, 10, ...,  0,  0,  0],
       ...,
       [ 8, 20,  4, ...,  0,  0,  0],
       [20,  6, 15, ...,  4,  2,  3],
       [ 8, 15, 15, ...,  9, 17, 11]], dtype=int8), 'y_test': array([21., 21., 21., ..., 47., 26., 30.], dtype=float32), 'model': None}
report

              precision    recall  f1-score   support

         0.0       0.72      0.77      0.74       402
         1.0       0.90      0.47      0.62        19
         2.0       0.47      0.46      0.47        82
         3.0       0.00      0.00      0.00        16
         4.0       0.54      0.11      0.19        62
         5.0       0.53      0.55      0.54       278
         6.0       1.00      0.61      0.76        36
         7.0       1.00      0.12      0.21        26
         8.0       0.76      0.42      0.54        73
         9.0       0.44      0.40      0.42        30
        10.0       0.88      0.62      0.72       156
        11.0       0.55      0.49      0.52       169
        12.0       0.72      0.52      0.60        83
        13.0       0.00      0.00      0.00        53
        14.0       0.57      0.26      0.36        31
        15.0       0.41      0.25      0.31        52
        16.0       0.50      0.53      0.51        95
        17.0       0.78      0.85      0.82       885
        18.0       0.79      0.40      0.53        48
        19.0       0.69      0.65      0.67       781
        20.0       0.75      0.72      0.73       592
        21.0       0.66      0.74      0.69       384
        22.0       0.85      0.68      0.76       128
        23.0       0.72      0.82      0.77      1887
        24.0       0.94      0.61      0.74       168
        25.0       0.59      0.70      0.64      1295
        26.0       0.58      0.57      0.58       381
        27.0       1.00      0.50      0.67        14
        28.0       0.64      0.59      0.62       769
        29.0       0.40      0.52      0.46       372
        30.0       0.82      0.74      0.78       630
        31.0       0.60      0.27      0.37        11
        32.0       0.46      0.54      0.50       316
        33.0       0.49      0.67      0.56       405
        34.0       0.89      0.49      0.64        95
        35.0       0.00      0.00      0.00        25
        36.0       0.92      0.35      0.51        65
        37.0       0.88      0.68      0.77        22
        38.0       0.58      0.57      0.57       121
        39.0       0.83      0.67      0.74       113
        40.0       0.79      0.71      0.75       208
        41.0       0.82      0.65      0.72       194
        42.0       0.83      0.40      0.54        47
        43.0       0.91      0.87      0.89       431
        44.0       0.93      0.80      0.86        66
        45.0       0.83      0.76      0.79       488
        46.0       0.97      0.62      0.76        63
        47.0       0.76      0.78      0.77       263
        48.0       0.78      0.43      0.55        49
        49.0       0.55      0.57      0.56        30
        50.0       0.73      0.73      0.73        15
        51.0       0.84      0.73      0.78        22
        52.0       0.78      0.82      0.80        73

    accuracy                           0.69     13119
   macro avg       0.69      0.54      0.59     13119
weighted avg       0.69      0.69      0.68     13119


===confusion_matrix===

[[308   0   1 ...   0   0   0]
 [  0   9   0 ...   0   0   0]
 [  0   0  38 ...   0   0   0]
 ...
 [  0   0   0 ...  11   0   2]
 [  0   0   0 ...   1  16   1]
 [  0   0   0 ...   1   2  60]]

===multilabel confusion matrix===

[[[12600   117]
  [   94   308]]

 [[13099     1]
  [   10     9]]

 [[12995    42]
  [   44    38]]

 [[13103     0]
  [   16     0]]

 [[13051     6]
  [   55     7]]

 [[12704   137]
  [  125   153]]

 [[13083     0]
  [   14    22]]

 [[13093     0]
  [   23     3]]

 [[13036    10]
  [   42    31]]

 [[13074    15]
  [   18    12]]

 [[12950    13]
  [   60    96]]

 [[12883    67]
  [   87    82]]

 [[13019    17]
  [   40    43]]

 [[13065     1]
  [   53     0]]

 [[13082     6]
  [   23     8]]

 [[13048    19]
  [   39    13]]

 [[12974    50]
  [   45    50]]

 [[12020   214]
  [  129   756]]

 [[13066     5]
  [   29    19]]

 [[12111   227]
  [  272   509]]

 [[12383   144]
  [  168   424]]

 [[12586   149]
  [  101   283]]

 [[12976    15]
  [   41    87]]

 [[10643   589]
  [  336  1551]]

 [[12944     7]
  [   66   102]]

 [[11206   618]
  [  393   902]]

 [[12582   156]
  [  164   217]]

 [[13105     0]
  [    7     7]]

 [[12099   251]
  [  313   456]]

 [[12458   289]
  [  177   195]]

 [[12387   102]
  [  163   467]]

 [[13106     2]
  [    8     3]]

 [[12605   198]
  [  144   172]]

 [[12427   287]
  [  133   272]]

 [[13018     6]
  [   48    47]]

 [[13094     0]
  [   25     0]]

 [[13052     2]
  [   42    23]]

 [[13095     2]
  [    7    15]]

 [[12948    50]
  [   52    69]]

 [[12990    16]
  [   37    76]]

 [[12872    39]
  [   61   147]]

 [[12897    28]
  [   68   126]]

 [[13068     4]
  [   28    19]]

 [[12650    38]
  [   54   377]]

 [[13049     4]
  [   13    53]]

 [[12554    77]
  [  118   370]]

 [[13055     1]
  [   24    39]]

 [[12790    66]
  [   58   205]]

 [[13064     6]
  [   28    21]]

 [[13075    14]
  [   13    17]]

 [[13100     4]
  [    4    11]]

 [[13094     3]
  [    6    16]]

 [[13029    17]
  [   13    60]]]

===scores report===
metrics	scores
Accuracy	0.6851
MCC	0.6652
log_loss	1.3168
f1 score weighted	0.6817
f1 score macro	0.5873
f1 score micro	0.6851
roc_auc ovr	0.9588
roc_auc ovo	0.9565
precision	0.6932
recall	0.6851

===TRAIN MODELS with CV===

train_model_cv	Accuracy	MCC	log_loss	f1 score weighted	f1 score macro	f1 score micro	roc_auc ovr	roc_auc ovo	precision	recall
0	0.6227896341463415	0.6028310080766682	1.5339151689396502	0.6257935548331819	0.4878750026655704	0.6227896341463415	0.9502505426911859	0.948080049747237	0.6603427517879117	0.6227896341463415
1	0.6932164634146342	0.6747148712906125	1.353858478681751	0.6939296139708799	0.6003236184983606	0.6932164634146342	0.9608189380761888	0.958310527931946	0.7021107257368819	0.6932164634146342
2	0.6638719512195121	0.6420538579260844	1.4544227988399214	0.662213119454836	0.5869676719272834	0.6638719512195121	0.9544274775141258	0.9492743803832913	0.6918693230894473	0.6638719512195121
3	0.6971798780487805	0.6780938717601156	1.3041672017414585	0.6925470929500518	0.6094435070651779	0.6971798780487805	0.9624445985341046	0.959167745012744	0.700712453475667	0.6971798780487805
4	0.6851131946032472	0.6651812511482891	1.3167743326717218	0.681712886731642	0.5872985920364501	0.6851131946032472	0.9587655225064395	0.9564890952308128	0.6932138599965316	0.6851131946032472
mean	0.672434224286503	0.6525749720403539	1.3926275961749006	0.6712392535881183	0.5743816784385685	0.672434224286503	0.9573414158644089	0.9542643596612063	0.6896498228172879	0.672434224286503
std	0.027360200956325454	0.02787638228928552	0.08816215597269146	0.025398252288356817	0.04407034132610117	0.027360200956325454	0.004448263321557401	0.004658534023521317	0.015193346263738652	0.027360200956325454

Accuracy
MCC
log_loss
f1 score weighted
f1 score macro
f1 score micro
roc_auc ovr
roc_auc ovo
precision
recallFinished train_model_cv in 40010.2556 secs

