/home/amsequeira/enzymeClassification/models/embedding/bi_attetion_emb8_50_4_new
self
x_train
y_train
x_test
y_test
number_classes
problem_type
x_dval
y_dval
model
epochs
batch_size
callbacks
reduce_lr
early_stopping
checkpoint
tensorboard
early_stopping_patience
reduce_lr_patience
reduce_lr_factor
reduce_lr_min
path
report_name
verbose
validation_split
shuffle
class_weights
===Callbacks===

generate_callbacks
[<tensorflow.python.keras.callbacks.EarlyStopping object at 0x7f87602f0a60>, <tensorflow.python.keras.callbacks.ReduceLROnPlateau object at 0x7f87602f0880>, <tensorflow.python.keras.callbacks.ModelCheckpoint object at 0x7f87602f0b50>]
===SCORING TEST SET ===

model_complete_evaluate
{'self': <deep_ml.DeepML object at 0x7f87602f07f0>, 'x_test': array([[13, 17, 12, ...,  0,  0,  0],
       [13,  1,  1, ...,  0,  0,  0],
       [16, 16, 16, ..., 15, 16, 11],
       ...,
       [17, 17,  4, ..., 11,  2, 15],
       [ 7,  8,  4, ..., 17,  1, 15],
       [13,  6, 12, ...,  0,  0,  0]], dtype=int8), 'y_test': array([ 84.,  84., 213., ...,  62.,  62.,  62.], dtype=float32), 'model': None}
report

              precision    recall  f1-score   support

         0.0       0.62      0.80      0.70        10
         1.0       1.00      1.00      1.00        25
         2.0       1.00      0.94      0.97        16
         3.0       0.91      0.83      0.87        12
         4.0       0.64      0.60      0.62        15
         5.0       0.80      0.80      0.80        10
         6.0       0.88      1.00      0.93        21
         7.0       0.68      0.83      0.75        23
         8.0       0.60      0.68      0.64        22
         9.0       0.78      0.80      0.79        35
        10.0       0.80      0.73      0.76        11
        11.0       0.88      0.79      0.83        19
        12.0       0.77      0.56      0.65        18
        13.0       0.87      0.93      0.90        14
        14.0       0.76      0.93      0.84        14
        15.0       1.00      0.90      0.95        10
        16.0       1.00      0.88      0.93        16
        17.0       0.89      0.67      0.76        12
        18.0       0.88      0.88      0.88        26
        19.0       0.73      0.92      0.81        26
        20.0       0.85      0.85      0.85        13
        21.0       0.87      0.81      0.84        16
        22.0       0.94      1.00      0.97        17
        23.0       0.89      0.73      0.80        11
        24.0       0.88      0.83      0.86        18
        25.0       0.82      1.00      0.90        18
        26.0       1.00      0.80      0.89        10
        27.0       0.92      0.92      0.92        13
        28.0       0.95      0.95      0.95        20
        29.0       1.00      0.96      0.98        23
        30.0       0.83      1.00      0.91        29
        31.0       1.00      1.00      1.00        18
        32.0       0.73      0.80      0.76        10
        33.0       0.94      1.00      0.97        31
        34.0       0.88      0.91      0.89        32
        35.0       1.00      0.67      0.80        12
        36.0       0.96      0.93      0.94        27
        37.0       0.75      0.60      0.67        15
        38.0       0.86      0.55      0.67        11
        39.0       0.33      0.15      0.21        13
        40.0       1.00      1.00      1.00        15
        41.0       0.75      1.00      0.86        12
        42.0       0.78      0.70      0.74        10
        43.0       1.00      0.94      0.97        17
        44.0       1.00      0.82      0.90        28
        45.0       1.00      0.95      0.98        21
        46.0       0.94      0.94      0.94        16
        47.0       1.00      0.69      0.82        13
        48.0       0.64      0.64      0.64        11
        49.0       0.90      0.75      0.82        12
        50.0       0.71      0.83      0.77        12
        51.0       0.57      0.93      0.70        14
        52.0       0.77      0.92      0.84        26
        53.0       0.86      0.93      0.89        27
        54.0       0.92      1.00      0.96        22
        55.0       0.89      0.85      0.87        20
        56.0       0.81      1.00      0.89        25
        57.0       0.95      0.90      0.93        21
        58.0       1.00      0.45      0.62        11
        59.0       0.71      0.31      0.43        16
        60.0       0.74      0.96      0.84        24
        61.0       0.70      0.50      0.58        14
        62.0       0.80      0.59      0.68       133
        63.0       0.94      1.00      0.97        16
        64.0       1.00      0.82      0.90        11
        65.0       1.00      0.76      0.87        17
        66.0       0.93      1.00      0.97        14
        67.0       0.75      0.82      0.78        11
        68.0       0.84      0.84      0.84        19
        69.0       0.83      1.00      0.91        30
        70.0       0.88      0.83      0.86        18
        71.0       0.71      0.67      0.69        15
        72.0       1.00      0.86      0.93        22
        73.0       0.92      1.00      0.96        11
        74.0       0.95      0.91      0.93        22
        75.0       1.00      0.94      0.97        17
        76.0       0.70      0.93      0.80        15
        77.0       0.95      0.90      0.93        21
        78.0       0.95      0.95      0.95        21
        79.0       1.00      0.90      0.95        10
        80.0       0.55      0.71      0.62        31
        81.0       0.90      0.90      0.90        21
        82.0       0.96      0.89      0.92        27
        83.0       1.00      0.77      0.87        13
        84.0       0.95      0.91      0.93        22
        85.0       0.83      0.83      0.83        12
        86.0       0.93      0.95      0.94        39
        87.0       1.00      0.82      0.90        17
        88.0       0.92      0.85      0.88        27
        89.0       0.80      0.67      0.73        12
        90.0       0.95      1.00      0.98        21
        91.0       0.94      1.00      0.97        30
        92.0       0.71      1.00      0.83        12
        93.0       0.50      0.57      0.53        14
        94.0       1.00      0.93      0.96        28
        95.0       0.76      0.96      0.85        26
        96.0       0.85      1.00      0.92        11
        97.0       0.74      0.77      0.75        30
        98.0       0.87      0.81      0.84        16
        99.0       0.94      0.94      0.94        17
       100.0       0.91      0.88      0.89        24
       101.0       0.84      0.96      0.90        28
       102.0       0.89      0.42      0.57        19
       103.0       0.66      0.88      0.75       291
       104.0       0.83      0.38      0.53        13
       105.0       0.62      0.81      0.70        16
       106.0       0.78      0.91      0.84        44
       107.0       0.92      0.92      0.92        12
       108.0       0.81      0.81      0.81        16
       109.0       0.86      1.00      0.93        19
       110.0       0.94      1.00      0.97        16
       111.0       1.00      0.93      0.96        14
       112.0       0.92      0.96      0.94        23
       113.0       0.88      0.85      0.87        34
       114.0       1.00      0.78      0.88        18
       115.0       0.95      0.90      0.93        21
       116.0       1.00      0.91      0.95        34
       117.0       1.00      0.85      0.92        13
       118.0       1.00      0.93      0.96        28
       119.0       0.96      0.88      0.92        26
       120.0       0.79      0.79      0.79        14
       121.0       1.00      0.45      0.62        11
       122.0       0.10      0.16      0.12        19
       123.0       0.64      0.84      0.73       136
       124.0       0.94      0.75      0.83        20
       125.0       0.32      0.66      0.43        58
       126.0       0.81      1.00      0.90        13
       127.0       0.89      1.00      0.94        17
       128.0       0.94      1.00      0.97        17
       129.0       0.93      0.76      0.84        17
       130.0       0.90      0.81      0.85        32
       131.0       0.87      1.00      0.93        20
       132.0       0.85      1.00      0.92        17
       133.0       0.88      0.93      0.90        15
       134.0       1.00      0.88      0.94        17
       135.0       0.93      1.00      0.96        13
       136.0       0.50      0.85      0.63        13
       137.0       1.00      0.87      0.93        38
       138.0       0.35      0.40      0.38        15
       139.0       0.62      0.42      0.50        19
       140.0       1.00      0.57      0.73        21
       141.0       1.00      1.00      1.00        45
       142.0       0.38      0.27      0.32        11
       143.0       0.83      0.94      0.88        16
       144.0       1.00      0.60      0.75        10
       145.0       0.12      0.17      0.14        18
       146.0       0.92      0.82      0.87        28
       147.0       0.71      0.45      0.56        11
       148.0       0.95      0.83      0.88        23
       149.0       0.96      0.87      0.91        52
       150.0       0.72      0.76      0.74        54
       151.0       0.65      0.69      0.67        16
       152.0       0.61      0.78      0.68        67
       153.0       0.75      0.27      0.40        11
       154.0       0.85      0.72      0.78        40
       155.0       0.86      0.79      0.83        24
       156.0       0.00      0.00      0.00        12
       157.0       0.50      0.67      0.57        18
       158.0       0.62      0.29      0.40        17
       159.0       0.62      0.84      0.71        19
       160.0       0.55      0.40      0.46        15
       161.0       0.60      0.36      0.45        25
       162.0       0.60      0.27      0.37        11
       163.0       0.53      0.62      0.57        16
       164.0       1.00      0.83      0.91        18
       165.0       0.70      0.58      0.64        12
       166.0       0.29      0.35      0.32        48
       167.0       0.95      0.95      0.95        21
       168.0       0.60      1.00      0.75        15
       169.0       1.00      0.88      0.94        17
       170.0       0.96      1.00      0.98        24
       171.0       0.72      0.81      0.76        36
       172.0       0.65      0.93      0.76        14
       173.0       0.62      0.59      0.61        17
       174.0       0.88      0.85      0.86        26
       175.0       0.88      0.64      0.74        11
       176.0       1.00      0.42      0.59        12
       177.0       0.89      0.76      0.82        21
       178.0       1.00      1.00      1.00        15
       179.0       0.50      0.21      0.30        14
       180.0       0.78      0.47      0.58        15
       181.0       1.00      0.78      0.88        23
       182.0       0.97      0.93      0.95        30
       183.0       1.00      0.75      0.86        12
       184.0       1.00      0.86      0.93        22
       185.0       1.00      1.00      1.00        28
       186.0       0.75      0.60      0.67       128
       187.0       0.81      0.89      0.85       119
       188.0       1.00      0.86      0.92        14
       189.0       0.73      0.83      0.78        23
       190.0       0.93      0.93      0.93        14
       191.0       1.00      0.67      0.80        12
       192.0       0.82      0.93      0.87        15
       193.0       0.62      0.42      0.50        12
       194.0       0.85      0.85      0.85        20
       195.0       0.89      0.73      0.80        11
       196.0       0.89      0.62      0.73        13
       197.0       0.78      0.54      0.64        13
       198.0       0.89      0.57      0.70        14
       199.0       0.47      0.53      0.50        15
       200.0       0.95      0.69      0.80        26
       201.0       0.88      0.88      0.88        17
       202.0       0.73      0.53      0.62        15
       203.0       0.84      0.90      0.87        29
       204.0       0.95      0.91      0.93        22
       205.0       1.00      1.00      1.00        15
       206.0       1.00      0.84      0.91        19
       207.0       0.94      0.89      0.92        19
       208.0       0.92      0.65      0.76        17
       209.0       0.94      0.94      0.94        16
       210.0       0.95      1.00      0.98        20
       211.0       0.86      0.92      0.89        13
       212.0       1.00      0.79      0.88        14
       213.0       1.00      0.82      0.90        17
       214.0       0.74      0.91      0.82        22
       215.0       1.00      1.00      1.00        14
       216.0       1.00      1.00      1.00        17
       217.0       0.90      0.90      0.90        10
       218.0       0.80      0.82      0.81       110
       219.0       1.00      0.83      0.91        29
       220.0       0.95      1.00      0.98        21
       221.0       0.75      0.92      0.83        13
       222.0       0.93      0.96      0.94        26
       223.0       0.78      0.88      0.82        16
       224.0       0.95      0.86      0.90        21
       225.0       0.93      0.76      0.84        17
       226.0       0.92      0.92      0.92        12
       227.0       0.80      0.62      0.70        13
       228.0       1.00      0.92      0.96        12
       229.0       0.90      0.87      0.89        31
       230.0       0.96      0.76      0.85        34
       231.0       0.67      0.46      0.55        13
       232.0       0.53      0.69      0.60        29
       233.0       0.76      0.80      0.78        20
       234.0       0.90      0.90      0.90        20
       235.0       0.89      0.81      0.85        21
       236.0       0.94      0.68      0.79        22
       237.0       0.86      0.95      0.90        20
       238.0       0.81      0.96      0.88        27
       239.0       1.00      0.80      0.89        30
       240.0       0.85      0.74      0.79        23
       241.0       0.50      0.46      0.48        13
       242.0       0.71      0.87      0.78        45
       243.0       0.96      0.96      0.96        26
       244.0       1.00      0.83      0.91        12
       245.0       1.00      0.95      0.97        19
       246.0       0.85      0.81      0.83        21
       247.0       0.86      0.90      0.88        21
       248.0       0.87      0.81      0.84        16
       249.0       0.89      0.92      0.91        26
       250.0       0.93      0.74      0.82        19
       251.0       0.91      0.83      0.87        12
       252.0       0.75      0.55      0.63        11
       253.0       1.00      0.95      0.98        22
       254.0       0.85      0.92      0.88        12
       255.0       0.67      0.40      0.50        15
       256.0       0.88      0.96      0.92        24
       257.0       1.00      0.67      0.80        15
       258.0       0.94      0.94      0.94        18
       259.0       0.96      0.88      0.92        26
       260.0       1.00      1.00      1.00        18
       261.0       1.00      0.61      0.76        31
       262.0       0.91      0.91      0.91        11
       263.0       0.93      0.93      0.93        15
       264.0       0.82      1.00      0.90        18
       265.0       0.77      0.91      0.83        11
       266.0       1.00      0.87      0.93        15
       267.0       0.82      0.69      0.75        13
       268.0       1.00      0.95      0.97        20
       269.0       1.00      0.95      0.97        19
       270.0       0.56      0.36      0.43        14
       271.0       1.00      0.87      0.93        38
       272.0       0.88      0.87      0.88        53
       273.0       0.86      0.77      0.81        31
       274.0       0.97      0.91      0.94        32
       275.0       1.00      1.00      1.00        11
       276.0       0.92      1.00      0.96        11
       277.0       1.00      0.75      0.86        12

    accuracy                           0.81      6280
   macro avg       0.84      0.80      0.81      6280
weighted avg       0.83      0.81      0.81      6280


===confusion_matrix===

[[ 8  0  0 ...  0  0  0]
 [ 0 25  0 ...  0  0  0]
 [ 0  0 15 ...  0  0  0]
 ...
 [ 0  0  0 ... 11  0  0]
 [ 0  0  0 ...  0 11  0]
 [ 0  0  0 ...  0  0  9]]

===multilabel confusion matrix===

[[[6265    5]
  [   2    8]]

 [[6255    0]
  [   0   25]]

 [[6264    0]
  [   1   15]]

 ...

 [[6269    0]
  [   0   11]]

 [[6268    1]
  [   0   11]]

 [[6268    0]
  [   3    9]]]

===scores report===
metrics	scores
Accuracy	0.8111
MCC	0.8098
log_loss	0.8770
f1 score weighted	0.8107
f1 score macro	0.8112
f1 score micro	0.8111
roc_auc ovr	0.9942
roc_auc ovo	0.9948
precision	0.8281
recall	0.8111

===Callbacks===

generate_callbacks
[<tensorflow.python.keras.callbacks.EarlyStopping object at 0x7f87602f0a60>, <tensorflow.python.keras.callbacks.ReduceLROnPlateau object at 0x7f87602f0880>, <tensorflow.python.keras.callbacks.ModelCheckpoint object at 0x7f87602f0b50>]
===SCORING TEST SET ===

model_complete_evaluate
{'self': <deep_ml.DeepML object at 0x7f87602f07f0>, 'x_test': array([[13,  7,  1, ...,  0,  0,  0],
       [13, 12,  3, ...,  0,  0,  0],
       [13,  7, 17, ...,  0,  0,  0],
       ...,
       [12, 17, 11, ...,  5,  2, 18],
       [15,  6, 15, ..., 16,  1, 15],
       [12, 20, 14, ...,  9, 15, 11]], dtype=int8), 'y_test': array([ 84.,  84.,  84., ..., 186.,  62., 139.], dtype=float32), 'model': None}
report

              precision    recall  f1-score   support

         0.0       0.56      0.91      0.69        11
         1.0       0.83      1.00      0.91        25
         2.0       0.79      0.94      0.86        16
         3.0       0.71      0.77      0.74        13
         4.0       0.69      0.69      0.69        16
         5.0       0.89      0.80      0.84        10
         6.0       0.88      1.00      0.93        21
         7.0       0.54      0.83      0.66        23
         8.0       0.30      0.68      0.42        22
         9.0       0.75      0.79      0.77        34
        10.0       0.25      0.18      0.21        11
        11.0       0.89      0.89      0.89        19
        12.0       0.62      0.47      0.53        17
        13.0       0.82      0.64      0.72        14
        14.0       0.77      0.71      0.74        14
        15.0       0.78      0.70      0.74        10
        16.0       0.93      0.81      0.87        16
        17.0       0.61      0.92      0.73        12
        18.0       0.74      0.88      0.81        26
        19.0       0.92      0.92      0.92        26
        20.0       0.87      1.00      0.93        13
        21.0       0.93      0.88      0.90        16
        22.0       1.00      1.00      1.00        17
        23.0       0.47      0.67      0.55        12
        24.0       0.94      0.84      0.89        19
        25.0       0.79      1.00      0.88        19
        26.0       0.91      1.00      0.95        10
        27.0       0.85      0.85      0.85        13
        28.0       0.86      0.90      0.88        20
        29.0       1.00      0.95      0.98        22
        30.0       0.86      0.83      0.84        29
        31.0       0.94      0.94      0.94        18
        32.0       0.50      0.40      0.44        10
        33.0       0.88      0.97      0.92        30
        34.0       0.85      0.69      0.76        32
        35.0       0.73      0.67      0.70        12
        36.0       0.77      0.85      0.81        27
        37.0       0.70      0.47      0.56        15
        38.0       0.62      0.91      0.74        11
        39.0       0.14      0.08      0.10        13
        40.0       0.94      1.00      0.97        15
        41.0       1.00      0.83      0.91        12
        42.0       0.67      0.55      0.60        11
        43.0       1.00      0.94      0.97        16
        44.0       0.96      0.93      0.95        28
        45.0       0.79      0.90      0.84        21
        46.0       0.86      0.75      0.80        16
        47.0       0.67      0.62      0.64        13
        48.0       0.62      0.73      0.67        11
        49.0       0.92      0.92      0.92        12
        50.0       1.00      0.50      0.67        12
        51.0       1.00      0.79      0.88        14
        52.0       0.85      0.85      0.85        26
        53.0       0.86      0.89      0.87        27
        54.0       0.82      0.82      0.82        22
        55.0       0.83      1.00      0.91        20
        56.0       0.93      1.00      0.96        25
        57.0       0.95      0.95      0.95        21
        58.0       1.00      0.64      0.78        11
        59.0       0.30      0.38      0.33        16
        60.0       0.85      0.92      0.88        25
        61.0       0.88      0.50      0.64        14
        62.0       0.63      0.78      0.70       133
        63.0       0.86      0.75      0.80        16
        64.0       1.00      0.67      0.80        12
        65.0       0.91      0.59      0.71        17
        66.0       0.81      0.93      0.87        14
        67.0       0.89      0.73      0.80        11
        68.0       0.94      0.94      0.94        18
        69.0       0.94      1.00      0.97        30
        70.0       0.74      0.78      0.76        18
        71.0       0.79      0.73      0.76        15
        72.0       0.91      0.95      0.93        21
        73.0       1.00      0.91      0.95        11
        74.0       1.00      1.00      1.00        21
        75.0       0.82      1.00      0.90        18
        76.0       0.86      0.80      0.83        15
        77.0       1.00      0.95      0.98        21
        78.0       0.95      0.90      0.93        21
        79.0       0.77      0.91      0.83        11
        80.0       0.71      0.48      0.58        31
        81.0       1.00      0.86      0.92        21
        82.0       0.83      0.89      0.86        27
        83.0       1.00      0.85      0.92        13
        84.0       0.89      0.73      0.80        22
        85.0       1.00      1.00      1.00        12
        86.0       0.88      0.97      0.93        39
        87.0       0.92      0.71      0.80        17
        88.0       0.74      1.00      0.85        26
        89.0       0.88      0.58      0.70        12
        90.0       1.00      0.86      0.92        21
        91.0       0.86      1.00      0.92        30
        92.0       0.67      0.83      0.74        12
        93.0       0.53      0.71      0.61        14
        94.0       0.92      0.86      0.89        28
        95.0       0.84      0.81      0.82        26
        96.0       0.79      1.00      0.88        11
        97.0       0.73      0.77      0.75        31
        98.0       0.85      0.69      0.76        16
        99.0       0.71      1.00      0.83        17
       100.0       1.00      0.92      0.96        25
       101.0       0.79      0.96      0.87        28
       102.0       0.77      0.53      0.62        19
       103.0       0.93      0.74      0.82       292
       104.0       0.61      0.85      0.71        13
       105.0       0.93      0.82      0.87        17
       106.0       0.65      0.70      0.67        43
       107.0       0.91      0.77      0.83        13
       108.0       1.00      0.94      0.97        16
       109.0       0.94      0.83      0.88        18
       110.0       0.76      0.81      0.79        16
       111.0       0.93      1.00      0.96        13
       112.0       0.69      0.96      0.80        23
       113.0       0.77      0.79      0.78        34
       114.0       0.52      0.72      0.60        18
       115.0       0.84      1.00      0.91        21
       116.0       0.94      0.97      0.96        34
       117.0       0.79      0.92      0.85        12
       118.0       0.84      0.96      0.90        28
       119.0       0.79      0.88      0.83        25
       120.0       0.92      0.86      0.89        14
       121.0       0.60      0.27      0.37        11
       122.0       0.00      0.00      0.00        19
       123.0       0.76      0.79      0.78       136
       124.0       0.90      0.95      0.93        20
       125.0       0.32      0.41      0.36        58
       126.0       0.75      0.64      0.69        14
       127.0       0.89      1.00      0.94        17
       128.0       1.00      1.00      1.00        16
       129.0       0.84      0.89      0.86        18
       130.0       0.68      0.97      0.80        31
       131.0       0.95      1.00      0.98        20
       132.0       1.00      1.00      1.00        18
       133.0       1.00      0.93      0.97        15
       134.0       1.00      0.81      0.90        16
       135.0       0.86      0.92      0.89        13
       136.0       0.80      0.62      0.70        13
       137.0       1.00      0.92      0.96        39
       138.0       0.50      0.43      0.46        14
       139.0       0.44      0.42      0.43        19
       140.0       0.82      0.67      0.74        21
       141.0       0.94      0.96      0.95        46
       142.0       0.00      0.00      0.00        12
       143.0       0.58      0.88      0.70        16
       144.0       0.86      0.60      0.71        10
       145.0       0.40      0.21      0.28        19
       146.0       0.68      0.75      0.71        28
       147.0       0.75      0.25      0.38        12
       148.0       1.00      0.96      0.98        24
       149.0       1.00      0.90      0.95        52
       150.0       0.75      0.77      0.76        53
       151.0       0.79      0.73      0.76        15
       152.0       0.80      0.76      0.78        67
       153.0       0.17      0.09      0.12        11
       154.0       0.63      0.60      0.62        40
       155.0       0.90      0.75      0.82        24
       156.0       1.00      0.08      0.15        12
       157.0       0.38      0.28      0.32        18
       158.0       0.47      0.47      0.47        17
       159.0       0.71      0.28      0.40        18
       160.0       0.62      0.33      0.43        15
       161.0       0.62      0.32      0.42        25
       162.0       0.14      0.20      0.17        10
       163.0       0.17      0.56      0.26        16
       164.0       0.78      1.00      0.88        18
       165.0       0.75      0.46      0.57        13
       166.0       0.24      0.33      0.28        48
       167.0       0.95      1.00      0.98        21
       168.0       0.87      0.87      0.87        15
       169.0       0.94      0.94      0.94        17
       170.0       1.00      0.92      0.96        24
       171.0       0.83      0.81      0.82        36
       172.0       0.62      0.57      0.59        14
       173.0       0.53      0.59      0.56        17
       174.0       0.55      0.85      0.67        26
       175.0       1.00      0.45      0.62        11
       176.0       1.00      0.33      0.50        12
       177.0       0.79      0.71      0.75        21
       178.0       0.88      0.93      0.90        15
       179.0       0.50      0.29      0.36        14
       180.0       0.48      0.80      0.60        15
       181.0       0.79      0.83      0.81        23
       182.0       0.80      0.93      0.86        30
       183.0       0.85      0.92      0.88        12
       184.0       1.00      1.00      1.00        21
       185.0       0.84      0.96      0.90        28
       186.0       0.68      0.70      0.69       128
       187.0       0.88      0.83      0.85       119
       188.0       0.76      0.93      0.84        14
       189.0       1.00      0.87      0.93        23
       190.0       1.00      0.79      0.88        14
       191.0       0.70      0.58      0.64        12
       192.0       0.93      0.93      0.93        15
       193.0       0.64      0.64      0.64        11
       194.0       0.70      0.70      0.70        20
       195.0       1.00      0.09      0.17        11
       196.0       0.75      0.69      0.72        13
       197.0       0.88      0.54      0.67        13
       198.0       0.73      0.62      0.67        13
       199.0       0.43      0.43      0.43        14
       200.0       0.75      0.81      0.78        26
       201.0       0.93      0.81      0.87        16
       202.0       0.71      0.67      0.69        15
       203.0       1.00      0.86      0.93        29
       204.0       0.95      0.86      0.90        21
       205.0       0.88      0.93      0.90        15
       206.0       0.89      0.89      0.89        19
       207.0       0.95      1.00      0.98        20
       208.0       0.92      0.65      0.76        17
       209.0       0.77      0.62      0.69        16
       210.0       0.91      1.00      0.95        20
       211.0       0.87      1.00      0.93        13
       212.0       0.80      0.86      0.83        14
       213.0       0.93      0.82      0.87        17
       214.0       0.93      0.59      0.72        22
       215.0       0.86      0.86      0.86        14
       216.0       0.85      1.00      0.92        17
       217.0       0.89      0.73      0.80        11
       218.0       0.75      0.77      0.76       111
       219.0       0.83      1.00      0.91        30
       220.0       0.91      0.95      0.93        21
       221.0       0.93      1.00      0.96        13
       222.0       0.92      0.88      0.90        26
       223.0       0.80      0.94      0.86        17
       224.0       0.90      0.95      0.93        20
       225.0       0.83      0.59      0.69        17
       226.0       1.00      0.92      0.96        12
       227.0       0.83      0.38      0.53        13
       228.0       1.00      1.00      1.00        12
       229.0       0.85      0.71      0.77        31
       230.0       0.78      0.82      0.80        34
       231.0       0.29      0.33      0.31        12
       232.0       0.80      0.57      0.67        28
       233.0       0.82      0.74      0.78        19
       234.0       0.81      0.85      0.83        20
       235.0       0.75      0.90      0.82        20
       236.0       0.33      0.87      0.48        23
       237.0       0.60      0.60      0.60        20
       238.0       0.82      1.00      0.90        27
       239.0       0.96      0.74      0.84        31
       240.0       0.94      0.65      0.77        23
       241.0       0.75      0.43      0.55        14
       242.0       0.76      0.59      0.67        44
       243.0       0.96      0.88      0.92        26
       244.0       0.44      1.00      0.61        11
       245.0       0.80      0.80      0.80        20
       246.0       0.89      0.73      0.80        22
       247.0       0.82      0.70      0.76        20
       248.0       0.89      0.50      0.64        16
       249.0       0.95      0.81      0.88        26
       250.0       0.94      0.79      0.86        19
       251.0       0.92      1.00      0.96        11
       252.0       0.67      0.55      0.60        11
       253.0       1.00      0.96      0.98        23
       254.0       0.92      1.00      0.96        12
       255.0       0.58      0.44      0.50        16
       256.0       0.75      0.88      0.81        24
       257.0       0.78      0.50      0.61        14
       258.0       0.94      0.89      0.91        18
       259.0       0.93      0.96      0.94        26
       260.0       0.89      0.94      0.92        18
       261.0       0.94      0.97      0.95        31
       262.0       0.92      1.00      0.96        11
       263.0       0.88      1.00      0.94        15
       264.0       1.00      0.89      0.94        19
       265.0       0.75      0.82      0.78        11
       266.0       0.60      0.86      0.71        14
       267.0       0.86      0.46      0.60        13
       268.0       1.00      0.95      0.97        20
       269.0       0.86      1.00      0.93        19
       270.0       0.80      0.29      0.42        14
       271.0       0.71      0.89      0.79        38
       272.0       0.82      0.94      0.88        53
       273.0       0.74      0.84      0.79        31
       274.0       0.90      0.84      0.87        32
       275.0       0.90      0.90      0.90        10
       276.0       0.91      0.91      0.91        11
       277.0       0.91      0.83      0.87        12

    accuracy                           0.78      6279
   macro avg       0.80      0.77      0.77      6279
weighted avg       0.80      0.78      0.78      6279


===confusion_matrix===

[[10  0  0 ...  0  0  0]
 [ 0 25  0 ...  0  0  0]
 [ 0  0 15 ...  0  0  0]
 ...
 [ 0  0  0 ...  9  0  0]
 [ 0  0  0 ...  0 10  1]
 [ 0  0  0 ...  0  0 10]]

===multilabel confusion matrix===

[[[6260    8]
  [   1   10]]

 [[6249    5]
  [   0   25]]

 [[6259    4]
  [   1   15]]

 ...

 [[6268    1]
  [   1    9]]

 [[6267    1]
  [   1   10]]

 [[6266    1]
  [   2   10]]]

===scores report===
metrics	scores
Accuracy	0.7831
MCC	0.7817
log_loss	1.0123
f1 score weighted	0.7808
f1 score macro	0.7682
f1 score micro	0.7831
roc_auc ovr	0.9935
roc_auc ovo	0.9939
precision	0.7995
recall	0.7831

===Callbacks===

generate_callbacks
[<tensorflow.python.keras.callbacks.EarlyStopping object at 0x7f87602f0a60>, <tensorflow.python.keras.callbacks.ReduceLROnPlateau object at 0x7f87602f0880>, <tensorflow.python.keras.callbacks.ModelCheckpoint object at 0x7f87602f0b50>]
===SCORING TEST SET ===

model_complete_evaluate
{'self': <deep_ml.DeepML object at 0x7f87602f07f0>, 'x_test': array([[13, 13,  2, ...,  0,  0,  0],
       [13, 12, 12, ...,  0,  0,  0],
       [13,  6, 11, ...,  0,  0,  0],
       ...,
       [12, 11,  3, ..., 19, 15, 17],
       [13,  6, 20, ...,  0,  0,  0],
       [ 1,  5, 11, ...,  2,  4, 15]], dtype=int8), 'y_test': array([84., 84., 84., ..., 62., 62., 62.], dtype=float32), 'model': None}
report

              precision    recall  f1-score   support

         0.0       0.92      1.00      0.96        11
         1.0       0.88      0.92      0.90        25
         2.0       0.67      0.94      0.78        17
         3.0       0.73      0.85      0.79        13
         4.0       0.58      0.93      0.72        15
         5.0       0.82      0.90      0.86        10
         6.0       1.00      0.90      0.95        21
         7.0       0.55      0.70      0.62        23
         8.0       0.25      0.55      0.34        22
         9.0       0.90      0.82      0.86        34
        10.0       0.67      0.80      0.73        10
        11.0       0.89      0.89      0.89        19
        12.0       0.53      0.53      0.53        17
        13.0       0.80      0.86      0.83        14
        14.0       0.80      0.92      0.86        13
        15.0       0.73      0.73      0.73        11
        16.0       0.88      0.88      0.88        16
        17.0       0.92      0.92      0.92        12
        18.0       0.86      0.72      0.78        25
        19.0       0.78      0.81      0.79        26
        20.0       0.85      0.85      0.85        13
        21.0       0.94      1.00      0.97        16
        22.0       1.00      1.00      1.00        17
        23.0       0.50      0.82      0.62        11
        24.0       0.85      0.58      0.69        19
        25.0       1.00      0.94      0.97        18
        26.0       0.83      0.91      0.87        11
        27.0       0.79      0.85      0.81        13
        28.0       0.90      0.90      0.90        21
        29.0       1.00      0.95      0.98        22
        30.0       0.93      0.93      0.93        29
        31.0       0.88      0.83      0.86        18
        32.0       0.83      0.50      0.62        10
        33.0       0.96      0.90      0.93        30
        34.0       1.00      0.84      0.92        32
        35.0       0.82      0.69      0.75        13
        36.0       0.96      0.96      0.96        27
        37.0       0.67      0.80      0.73        15
        38.0       0.92      0.92      0.92        12
        39.0       0.67      0.15      0.25        13
        40.0       0.93      0.93      0.93        15
        41.0       0.85      0.92      0.88        12
        42.0       0.56      0.82      0.67        11
        43.0       1.00      1.00      1.00        16
        44.0       0.92      0.83      0.87        29
        45.0       0.95      0.95      0.95        22
        46.0       0.79      0.94      0.86        16
        47.0       0.67      0.92      0.77        13
        48.0       0.73      0.73      0.73        11
        49.0       0.82      0.75      0.78        12
        50.0       0.61      0.92      0.73        12
        51.0       0.81      1.00      0.90        13
        52.0       0.96      0.88      0.92        26
        53.0       0.92      0.85      0.88        27
        54.0       0.67      0.87      0.75        23
        55.0       0.89      0.89      0.89        19
        56.0       0.96      0.96      0.96        25
        57.0       0.79      1.00      0.88        22
        58.0       1.00      0.45      0.62        11
        59.0       0.67      0.38      0.48        16
        60.0       1.00      0.72      0.84        25
        61.0       0.67      0.67      0.67        15
        62.0       0.69      0.77      0.73       133
        63.0       0.94      1.00      0.97        16
        64.0       1.00      0.83      0.91        12
        65.0       0.81      0.94      0.87        18
        66.0       0.60      0.86      0.71        14
        67.0       0.85      1.00      0.92        11
        68.0       0.56      0.83      0.67        18
        69.0       0.79      1.00      0.88        30
        70.0       0.93      0.78      0.85        18
        71.0       0.70      0.93      0.80        15
        72.0       1.00      0.95      0.98        22
        73.0       0.46      1.00      0.63        11
        74.0       0.78      1.00      0.88        21
        75.0       0.84      0.89      0.86        18
        76.0       0.78      0.93      0.85        15
        77.0       1.00      0.95      0.98        21
        78.0       0.91      1.00      0.95        21
        79.0       0.90      0.82      0.86        11
        80.0       0.68      0.66      0.67        32
        81.0       0.75      0.86      0.80        21
        82.0       1.00      0.96      0.98        26
        83.0       0.92      0.85      0.88        13
        84.0       1.00      0.86      0.92        21
        85.0       0.91      0.83      0.87        12
        86.0       0.89      1.00      0.94        39
        87.0       0.92      0.65      0.76        17
        88.0       0.93      0.93      0.93        27
        89.0       0.70      0.58      0.64        12
        90.0       0.95      0.95      0.95        20
        91.0       0.97      0.97      0.97        30
        92.0       0.75      0.92      0.83        13
        93.0       0.54      0.54      0.54        13
        94.0       0.87      1.00      0.93        27
        95.0       0.93      1.00      0.96        26
        96.0       1.00      0.91      0.95        11
        97.0       0.91      0.94      0.92        31
        98.0       0.85      0.65      0.73        17
        99.0       0.94      0.83      0.88        18
       100.0       0.91      0.84      0.87        25
       101.0       0.92      0.86      0.89        28
       102.0       0.75      0.45      0.56        20
       103.0       0.90      0.80      0.84       292
       104.0       0.69      0.85      0.76        13
       105.0       0.85      0.69      0.76        16
       106.0       0.91      0.72      0.81        43
       107.0       0.87      1.00      0.93        13
       108.0       1.00      0.80      0.89        15
       109.0       0.76      0.89      0.82        18
       110.0       0.92      0.71      0.80        17
       111.0       1.00      1.00      1.00        14
       112.0       1.00      0.91      0.95        23
       113.0       0.91      0.91      0.91        34
       114.0       0.89      0.89      0.89        18
       115.0       0.86      0.90      0.88        21
       116.0       0.92      1.00      0.96        34
       117.0       1.00      0.92      0.96        12
       118.0       0.84      0.96      0.90        28
       119.0       0.93      0.96      0.94        26
       120.0       0.91      0.77      0.83        13
       121.0       0.43      0.27      0.33        11
       122.0       0.21      0.30      0.24        20
       123.0       0.83      0.77      0.80       135
       124.0       0.85      0.89      0.87        19
       125.0       0.42      0.43      0.42        58
       126.0       0.57      0.86      0.69        14
       127.0       1.00      1.00      1.00        18
       128.0       0.94      0.94      0.94        16
       129.0       0.89      0.89      0.89        18
       130.0       0.82      0.84      0.83        32
       131.0       0.73      0.95      0.83        20
       132.0       1.00      1.00      1.00        18
       133.0       0.82      1.00      0.90        14
       134.0       0.89      1.00      0.94        16
       135.0       0.92      0.92      0.92        13
       136.0       0.53      0.62      0.57        13
       137.0       0.79      0.87      0.83        39
       138.0       0.29      0.36      0.32        14
       139.0       0.43      0.68      0.53        19
       140.0       0.80      0.80      0.80        20
       141.0       0.83      0.96      0.89        45
       142.0       0.38      0.42      0.40        12
       143.0       1.00      0.76      0.87        17
       144.0       0.58      0.70      0.64        10
       145.0       0.33      0.11      0.16        19
       146.0       0.82      0.64      0.72        28
       147.0       0.58      0.58      0.58        12
       148.0       0.95      0.79      0.86        24
       149.0       0.98      0.92      0.95        51
       150.0       0.64      0.81      0.72        53
       151.0       0.78      0.88      0.82        16
       152.0       0.82      0.61      0.70        67
       153.0       0.20      0.30      0.24        10
       154.0       0.76      0.72      0.74        40
       155.0       0.70      0.84      0.76        25
       156.0       0.71      0.45      0.56        11
       157.0       0.27      0.22      0.24        18
       158.0       0.45      0.56      0.50        16
       159.0       0.43      0.67      0.52        18
       160.0       0.33      0.33      0.33        15
       161.0       0.41      0.64      0.50        25
       162.0       0.13      0.40      0.20        10
       163.0       0.62      0.33      0.43        15
       164.0       0.89      0.94      0.91        17
       165.0       0.57      0.62      0.59        13
       166.0       0.44      0.42      0.43        48
       167.0       1.00      0.95      0.98        22
       168.0       0.70      0.93      0.80        15
       169.0       0.93      0.88      0.90        16
       170.0       1.00      0.96      0.98        24
       171.0       0.94      0.86      0.90        36
       172.0       0.71      0.86      0.77        14
       173.0       0.80      0.94      0.86        17
       174.0       0.84      0.64      0.73        25
       175.0       0.62      0.42      0.50        12
       176.0       0.78      0.58      0.67        12
       177.0       0.76      0.76      0.76        21
       178.0       0.79      1.00      0.88        15
       179.0       0.50      0.53      0.52        15
       180.0       0.73      0.53      0.62        15
       181.0       0.75      0.68      0.71        22
       182.0       0.89      1.00      0.94        31
       183.0       0.85      0.92      0.88        12
       184.0       0.95      0.95      0.95        21
       185.0       0.97      0.97      0.97        29
       186.0       0.78      0.63      0.70       127
       187.0       0.92      0.87      0.90       119
       188.0       0.83      0.71      0.77        14
       189.0       0.85      0.77      0.81        22
       190.0       0.81      0.93      0.87        14
       191.0       0.67      0.50      0.57        12
       192.0       1.00      0.87      0.93        15
       193.0       0.67      0.50      0.57        12
       194.0       0.76      0.65      0.70        20
       195.0       0.75      0.27      0.40        11
       196.0       1.00      0.86      0.92        14
       197.0       0.88      0.54      0.67        13
       198.0       0.67      0.92      0.77        13
       199.0       0.40      0.40      0.40        15
       200.0       0.88      0.78      0.82        27
       201.0       0.81      0.81      0.81        16
       202.0       0.75      0.86      0.80        14
       203.0       0.88      1.00      0.94        29
       204.0       0.89      0.76      0.82        21
       205.0       1.00      0.88      0.93        16
       206.0       0.95      1.00      0.97        19
       207.0       1.00      0.95      0.97        20
       208.0       0.87      0.76      0.81        17
       209.0       1.00      0.62      0.77        16
       210.0       1.00      0.95      0.97        20
       211.0       1.00      0.71      0.83        14
       212.0       0.87      0.93      0.90        14
       213.0       0.78      1.00      0.88        18
       214.0       0.55      0.73      0.63        22
       215.0       0.81      0.93      0.87        14
       216.0       0.89      1.00      0.94        17
       217.0       1.00      0.82      0.90        11
       218.0       0.89      0.77      0.83       111
       219.0       0.88      0.97      0.92        29
       220.0       1.00      0.95      0.98        21
       221.0       0.90      0.69      0.78        13
       222.0       1.00      1.00      1.00        26
       223.0       1.00      0.88      0.94        17
       224.0       0.80      0.80      0.80        20
       225.0       0.90      0.56      0.69        16
       226.0       0.83      0.91      0.87        11
       227.0       0.52      0.85      0.65        13
       228.0       0.91      0.91      0.91        11
       229.0       0.96      0.77      0.85        30
       230.0       1.00      0.68      0.81        34
       231.0       0.33      0.17      0.22        12
       232.0       0.78      0.48      0.60        29
       233.0       1.00      0.74      0.85        19
       234.0       0.84      0.84      0.84        19
       235.0       0.95      0.90      0.92        20
       236.0       1.00      0.45      0.62        22
       237.0       0.89      0.85      0.87        20
       238.0       1.00      0.96      0.98        27
       239.0       1.00      0.87      0.93        31
       240.0       0.88      0.88      0.88        24
       241.0       0.88      0.50      0.64        14
       242.0       0.54      0.77      0.64        44
       243.0       0.93      0.93      0.93        27
       244.0       0.83      0.91      0.87        11
       245.0       0.67      0.90      0.77        20
       246.0       0.90      0.86      0.88        22
       247.0       0.86      0.60      0.71        20
       248.0       1.00      0.69      0.81        16
       249.0       0.96      0.85      0.90        26
       250.0       0.74      0.89      0.81        19
       251.0       1.00      0.82      0.90        11
       252.0       0.75      0.82      0.78        11
       253.0       1.00      0.91      0.95        22
       254.0       0.79      0.92      0.85        12
       255.0       0.50      0.75      0.60        16
       256.0       0.73      0.92      0.81        24
       257.0       0.67      0.71      0.69        14
       258.0       1.00      0.94      0.97        18
       259.0       0.96      0.96      0.96        26
       260.0       0.88      0.83      0.86        18
       261.0       0.93      0.81      0.86        31
       262.0       0.91      1.00      0.95        10
       263.0       0.88      1.00      0.94        15
       264.0       0.94      0.89      0.92        19
       265.0       1.00      1.00      1.00        10
       266.0       0.92      0.73      0.81        15
       267.0       0.64      0.69      0.67        13
       268.0       0.90      0.95      0.93        20
       269.0       1.00      1.00      1.00        18
       270.0       1.00      0.20      0.33        15
       271.0       0.77      0.97      0.86        38
       272.0       0.96      0.85      0.90        53
       273.0       0.65      0.90      0.76        31
       274.0       0.90      0.81      0.85        32
       275.0       1.00      1.00      1.00        10
       276.0       1.00      0.91      0.95        11
       277.0       0.91      0.91      0.91        11

    accuracy                           0.81      6279
   macro avg       0.81      0.80      0.80      6279
weighted avg       0.82      0.81      0.81      6279


===confusion_matrix===

[[11  0  0 ...  0  0  0]
 [ 0 23  0 ...  0  0  0]
 [ 0  0 16 ...  0  0  0]
 ...
 [ 0  0  0 ... 10  0  0]
 [ 0  0  0 ...  0 10  0]
 [ 0  0  0 ...  0  0 10]]

===multilabel confusion matrix===

[[[6267    1]
  [   0   11]]

 [[6251    3]
  [   2   23]]

 [[6254    8]
  [   1   16]]

 ...

 [[6269    0]
  [   0   10]]

 [[6268    0]
  [   1   10]]

 [[6267    1]
  [   1   10]]]

===scores report===
metrics	scores
Accuracy	0.8051
MCC	0.8038
log_loss	0.8827
f1 score weighted	0.8060
f1 score macro	0.7957
f1 score micro	0.8051
roc_auc ovr	0.9952
roc_auc ovo	0.9960
precision	0.8241
recall	0.8051

===Callbacks===

generate_callbacks
[<tensorflow.python.keras.callbacks.EarlyStopping object at 0x7f87602f0a60>, <tensorflow.python.keras.callbacks.ReduceLROnPlateau object at 0x7f87602f0880>, <tensorflow.python.keras.callbacks.ModelCheckpoint object at 0x7f87602f0b50>]
===SCORING TEST SET ===

model_complete_evaluate
{'self': <deep_ml.DeepML object at 0x7f87602f07f0>, 'x_test': array([[13,  4, 12, ...,  0,  0,  0],
       [13, 16, 16, ...,  0,  0,  0],
       [13,  3, 10, ...,  0,  0,  0],
       ...,
       [11,  9,  7, ..., 16, 10, 11],
       [17,  8,  1, ..., 10, 18, 15],
       [20, 19, 11, ...,  1, 19,  5]], dtype=int8), 'y_test': array([ 84.,  84.,  84., ...,  53.,  62., 134.], dtype=float32), 'model': None}
report

              precision    recall  f1-score   support

         0.0       0.46      0.55      0.50        11
         1.0       0.74      1.00      0.85        25
         2.0       0.89      0.94      0.91        17
         3.0       0.85      0.92      0.88        12
         4.0       0.64      0.60      0.62        15
         5.0       0.83      0.91      0.87        11
         6.0       0.86      0.90      0.88        21
         7.0       0.65      0.62      0.64        24
         8.0       0.65      0.52      0.58        21
         9.0       0.80      0.69      0.74        35
        10.0       1.00      0.64      0.78        11
        11.0       1.00      0.89      0.94        19
        12.0       0.37      0.59      0.45        17
        13.0       1.00      0.71      0.83        14
        14.0       1.00      0.64      0.78        14
        15.0       0.53      0.91      0.67        11
        16.0       0.79      0.94      0.86        16
        17.0       0.71      1.00      0.83        12
        18.0       0.89      0.92      0.91        26
        19.0       0.69      0.88      0.77        25
        20.0       1.00      0.92      0.96        13
        21.0       0.93      0.93      0.93        15
        22.0       1.00      0.83      0.91        18
        23.0       0.62      0.73      0.67        11
        24.0       0.71      0.79      0.75        19
        25.0       0.94      0.94      0.94        18
        26.0       0.90      0.90      0.90        10
        27.0       0.92      0.92      0.92        13
        28.0       0.94      0.81      0.87        21
        29.0       1.00      0.95      0.98        22
        30.0       0.70      0.90      0.79        29
        31.0       1.00      0.72      0.84        18
        32.0       0.89      0.73      0.80        11
        33.0       0.89      0.83      0.86        30
        34.0       0.96      0.75      0.84        32
        35.0       0.80      0.67      0.73        12
        36.0       0.92      0.89      0.91        27
        37.0       1.00      0.47      0.64        15
        38.0       0.67      1.00      0.80        12
        39.0       0.10      0.07      0.08        14
        40.0       0.88      0.88      0.88        16
        41.0       1.00      1.00      1.00        12
        42.0       0.89      0.73      0.80        11
        43.0       0.84      1.00      0.91        16
        44.0       0.64      0.93      0.76        29
        45.0       1.00      1.00      1.00        22
        46.0       0.62      0.81      0.70        16
        47.0       0.35      0.57      0.43        14
        48.0       0.39      0.64      0.48        11
        49.0       0.61      1.00      0.76        11
        50.0       1.00      0.58      0.74        12
        51.0       1.00      0.92      0.96        13
        52.0       0.96      0.85      0.90        26
        53.0       0.76      1.00      0.86        28
        54.0       1.00      0.91      0.95        23
        55.0       0.75      0.95      0.84        19
        56.0       0.86      1.00      0.93        25
        57.0       0.95      0.86      0.90        21
        58.0       1.00      0.70      0.82        10
        59.0       0.67      0.25      0.36        16
        60.0       0.88      0.88      0.88        25
        61.0       0.50      0.47      0.48        15
        62.0       0.73      0.79      0.76       133
        63.0       1.00      0.94      0.97        16
        64.0       0.73      0.67      0.70        12
        65.0       1.00      0.72      0.84        18
        66.0       0.86      0.80      0.83        15
        67.0       1.00      0.40      0.57        10
        68.0       1.00      0.84      0.91        19
        69.0       0.96      0.93      0.95        29
        70.0       1.00      0.61      0.76        18
        71.0       0.92      0.80      0.86        15
        72.0       0.91      0.95      0.93        22
        73.0       0.80      0.73      0.76        11
        74.0       0.72      1.00      0.84        21
        75.0       1.00      0.83      0.91        18
        76.0       0.83      1.00      0.91        15
        77.0       1.00      1.00      1.00        20
        78.0       0.86      0.90      0.88        20
        79.0       0.82      0.90      0.86        10
        80.0       0.51      0.78      0.62        32
        81.0       0.95      0.86      0.90        21
        82.0       0.96      1.00      0.98        26
        83.0       0.92      0.92      0.92        13
        84.0       0.74      0.67      0.70        21
        85.0       0.91      0.83      0.87        12
        86.0       0.93      0.95      0.94        39
        87.0       0.79      0.88      0.83        17
        88.0       0.96      0.93      0.94        27
        89.0       1.00      0.58      0.74        12
        90.0       1.00      1.00      1.00        21
        91.0       0.97      0.97      0.97        30
        92.0       0.91      0.83      0.87        12
        93.0       0.91      0.71      0.80        14
        94.0       0.86      0.93      0.89        27
        95.0       0.83      0.80      0.82        25
        96.0       0.65      0.92      0.76        12
        97.0       0.85      0.77      0.81        30
        98.0       0.79      0.69      0.73        16
        99.0       1.00      0.76      0.87        17
       100.0       0.95      0.84      0.89        25
       101.0       0.96      0.89      0.93        28
       102.0       1.00      0.74      0.85        19
       103.0       0.68      0.88      0.77       292
       104.0       0.75      0.69      0.72        13
       105.0       0.94      1.00      0.97        16
       106.0       0.56      0.74      0.64        43
       107.0       1.00      0.92      0.96        13
       108.0       1.00      1.00      1.00        15
       109.0       1.00      0.78      0.88        18
       110.0       0.88      0.88      0.88        17
       111.0       0.86      0.86      0.86        14
       112.0       0.95      0.83      0.88        23
       113.0       0.87      0.97      0.92        35
       114.0       0.72      0.72      0.72        18
       115.0       0.91      0.95      0.93        21
       116.0       1.00      0.88      0.94        34
       117.0       0.89      0.67      0.76        12
       118.0       1.00      1.00      1.00        28
       119.0       0.89      0.92      0.91        26
       120.0       0.91      0.77      0.83        13
       121.0       0.75      0.60      0.67        10
       122.0       0.12      0.10      0.11        20
       123.0       0.73      0.65      0.68       136
       124.0       0.79      0.58      0.67        19
       125.0       0.60      0.31      0.40        59
       126.0       0.82      0.64      0.72        14
       127.0       0.90      1.00      0.95        18
       128.0       0.89      1.00      0.94        17
       129.0       0.88      0.83      0.86        18
       130.0       0.76      0.91      0.83        32
       131.0       1.00      0.95      0.98        21
       132.0       1.00      0.94      0.97        18
       133.0       1.00      0.93      0.97        15
       134.0       0.75      0.94      0.83        16
       135.0       0.90      0.69      0.78        13
       136.0       1.00      0.38      0.56        13
       137.0       0.94      0.87      0.90        38
       138.0       1.00      0.27      0.42        15
       139.0       0.93      0.78      0.85        18
       140.0       0.81      0.65      0.72        20
       141.0       0.94      1.00      0.97        45
       142.0       0.67      0.17      0.27        12
       143.0       0.52      0.69      0.59        16
       144.0       0.70      0.64      0.67        11
       145.0       0.31      0.26      0.29        19
       146.0       0.76      0.79      0.77        28
       147.0       0.50      0.17      0.25        12
       148.0       0.94      0.71      0.81        24
       149.0       0.98      0.86      0.92        51
       150.0       0.95      0.70      0.80        53
       151.0       0.71      0.62      0.67        16
       152.0       0.91      0.76      0.83        68
       153.0       0.17      0.10      0.12        10
       154.0       1.00      0.59      0.74        39
       155.0       0.88      0.58      0.70        24
       156.0       0.36      0.33      0.35        12
       157.0       0.62      0.47      0.53        17
       158.0       0.38      0.31      0.34        16
       159.0       0.60      0.17      0.26        18
       160.0       0.39      0.60      0.47        15
       161.0       0.33      0.52      0.41        25
       162.0       0.21      0.30      0.25        10
       163.0       0.59      0.67      0.62        15
       164.0       1.00      0.94      0.97        17
       165.0       0.60      0.69      0.64        13
       166.0       0.29      0.17      0.21        47
       167.0       1.00      1.00      1.00        22
       168.0       0.87      0.87      0.87        15
       169.0       0.93      0.81      0.87        16
       170.0       0.96      0.96      0.96        24
       171.0       0.81      0.74      0.78        35
       172.0       1.00      0.53      0.70        15
       173.0       0.67      0.82      0.74        17
       174.0       0.68      0.84      0.75        25
       175.0       0.70      0.58      0.64        12
       176.0       0.27      0.50      0.35        12
       177.0       0.88      0.75      0.81        20
       178.0       0.88      0.94      0.91        16
       179.0       0.44      0.73      0.55        15
       180.0       0.75      0.38      0.50        16
       181.0       1.00      0.91      0.95        23
       182.0       0.91      1.00      0.95        31
       183.0       1.00      1.00      1.00        11
       184.0       1.00      0.95      0.98        21
       185.0       0.93      0.97      0.95        29
       186.0       0.89      0.49      0.63       127
       187.0       0.88      0.83      0.86       119
       188.0       0.82      0.69      0.75        13
       189.0       0.83      0.68      0.75        22
       190.0       0.74      0.93      0.82        15
       191.0       0.67      0.83      0.74        12
       192.0       0.55      1.00      0.71        16
       193.0       0.67      0.50      0.57        12
       194.0       0.65      0.71      0.68        21
       195.0       0.83      0.45      0.59        11
       196.0       0.91      0.77      0.83        13
       197.0       1.00      0.77      0.87        13
       198.0       0.85      0.79      0.81        14
       199.0       0.75      0.40      0.52        15
       200.0       0.88      0.85      0.86        26
       201.0       0.87      0.81      0.84        16
       202.0       0.75      0.86      0.80        14
       203.0       0.96      0.93      0.95        28
       204.0       0.94      0.81      0.87        21
       205.0       1.00      1.00      1.00        16
       206.0       0.62      0.89      0.73        18
       207.0       0.75      0.95      0.84        19
       208.0       0.73      0.94      0.82        17
       209.0       0.82      0.88      0.85        16
       210.0       1.00      0.95      0.98        21
       211.0       0.83      0.71      0.77        14
       212.0       1.00      0.86      0.92        14
       213.0       0.94      0.94      0.94        18
       214.0       0.85      0.77      0.81        22
       215.0       0.93      0.93      0.93        15
       216.0       0.84      1.00      0.91        16
       217.0       1.00      0.82      0.90        11
       218.0       0.77      0.81      0.79       110
       219.0       0.66      0.93      0.77        29
       220.0       0.88      1.00      0.93        21
       221.0       0.46      0.92      0.62        13
       222.0       0.85      0.88      0.87        26
       223.0       0.89      1.00      0.94        17
       224.0       0.83      0.75      0.79        20
       225.0       0.93      0.88      0.90        16
       226.0       0.73      0.73      0.73        11
       227.0       1.00      0.64      0.78        14
       228.0       0.73      1.00      0.85        11
       229.0       0.76      0.87      0.81        30
       230.0       0.88      0.62      0.72        34
       231.0       0.60      0.50      0.55        12
       232.0       0.82      0.48      0.61        29
       233.0       0.70      0.84      0.76        19
       234.0       0.75      0.63      0.69        19
       235.0       0.93      0.65      0.76        20
       236.0       0.70      0.73      0.71        22
       237.0       0.92      0.60      0.73        20
       238.0       0.93      0.96      0.95        28
       239.0       0.80      0.77      0.79        31
       240.0       0.35      0.54      0.43        24
       241.0       0.70      0.50      0.58        14
       242.0       0.70      0.75      0.73        44
       243.0       0.95      0.70      0.81        27
       244.0       0.65      1.00      0.79        11
       245.0       0.69      1.00      0.82        20
       246.0       0.36      0.73      0.48        22
       247.0       0.20      0.90      0.33        20
       248.0       0.93      0.81      0.87        16
       249.0       1.00      0.52      0.68        25
       250.0       0.62      0.83      0.71        18
       251.0       1.00      0.83      0.91        12
       252.0       0.50      0.40      0.44        10
       253.0       0.88      1.00      0.94        22
       254.0       1.00      1.00      1.00        13
       255.0       0.48      0.62      0.54        16
       256.0       0.90      0.79      0.84        24
       257.0       0.57      0.87      0.68        15
       258.0       0.94      0.83      0.88        18
       259.0       0.83      0.92      0.87        26
       260.0       0.80      0.89      0.84        18
       261.0       0.83      0.78      0.81        32
       262.0       0.90      0.90      0.90        10
       263.0       0.93      1.00      0.97        14
       264.0       1.00      0.95      0.97        19
       265.0       0.92      1.00      0.96        11
       266.0       0.85      0.73      0.79        15
       267.0       0.47      0.54      0.50        13
       268.0       0.93      0.70      0.80        20
       269.0       0.86      1.00      0.92        18
       270.0       1.00      0.50      0.67        14
       271.0       0.78      0.92      0.84        38
       272.0       0.89      0.94      0.92        53
       273.0       0.86      0.83      0.85        30
       274.0       0.81      0.69      0.75        32
       275.0       0.70      0.70      0.70        10
       276.0       0.86      1.00      0.92        12
       277.0       0.92      1.00      0.96        11

    accuracy                           0.78      6279
   macro avg       0.81      0.78      0.78      6279
weighted avg       0.81      0.78      0.78      6279


===confusion_matrix===

[[ 6  0  0 ...  0  0  0]
 [ 0 25  0 ...  0  0  0]
 [ 0  0 16 ...  0  0  0]
 ...
 [ 0  0  0 ...  7  2  0]
 [ 0  0  0 ...  0 12  0]
 [ 0  0  0 ...  0  0 11]]

===multilabel confusion matrix===

[[[6261    7]
  [   5    6]]

 [[6245    9]
  [   0   25]]

 [[6260    2]
  [   1   16]]

 ...

 [[6266    3]
  [   3    7]]

 [[6265    2]
  [   0   12]]

 [[6267    1]
  [   0   11]]]

===scores report===
metrics	scores
Accuracy	0.7823
MCC	0.7808
log_loss	1.0122
f1 score weighted	0.7820
f1 score macro	0.7770
f1 score micro	0.7823
roc_auc ovr	0.9935
roc_auc ovo	0.9942
precision	0.8082
recall	0.7823

===Callbacks===

generate_callbacks
[<tensorflow.python.keras.callbacks.EarlyStopping object at 0x7f87602f0a60>, <tensorflow.python.keras.callbacks.ReduceLROnPlateau object at 0x7f87602f0880>, <tensorflow.python.keras.callbacks.ModelCheckpoint object at 0x7f87602f0b50>]
===SCORING TEST SET ===

model_complete_evaluate
{'self': <deep_ml.DeepML object at 0x7f87602f07f0>, 'x_test': array([[13, 16,  8, ...,  0,  0,  0],
       [13, 16,  7, ...,  0,  0,  0],
       [13,  3, 15, ...,  0,  0,  0],
       ...,
       [ 1, 15,  1, ..., 15, 12, 13],
       [13,  1,  7, ...,  0,  0,  0],
       [13,  1, 20, ...,  0,  0,  0]], dtype=int8), 'y_test': array([ 84.,  84.,  84., ..., 103.,  80.,  62.], dtype=float32), 'model': None}
report

              precision    recall  f1-score   support

         0.0       0.91      1.00      0.95        10
         1.0       0.93      1.00      0.96        25
         2.0       0.94      0.94      0.94        17
         3.0       0.92      1.00      0.96        12
         4.0       0.83      0.67      0.74        15
         5.0       0.70      0.70      0.70        10
         6.0       1.00      0.95      0.98        22
         7.0       0.75      0.65      0.70        23
         8.0       0.55      0.52      0.54        21
         9.0       0.63      0.63      0.63        35
        10.0       0.45      0.45      0.45        11
        11.0       0.95      0.95      0.95        19
        12.0       0.85      0.61      0.71        18
        13.0       0.86      0.80      0.83        15
        14.0       1.00      0.93      0.96        14
        15.0       1.00      1.00      1.00        10
        16.0       0.93      0.88      0.90        16
        17.0       1.00      0.55      0.71        11
        18.0       0.85      0.88      0.87        26
        19.0       0.80      0.80      0.80        25
        20.0       0.92      1.00      0.96        12
        21.0       0.88      0.93      0.90        15
        22.0       0.94      1.00      0.97        17
        23.0       0.88      0.64      0.74        11
        24.0       0.83      0.79      0.81        19
        25.0       0.80      0.89      0.84        18
        26.0       0.77      1.00      0.87        10
        27.0       1.00      1.00      1.00        14
        28.0       0.95      1.00      0.98        21
        29.0       0.96      0.96      0.96        23
        30.0       0.97      1.00      0.98        29
        31.0       0.84      0.94      0.89        17
        32.0       1.00      0.45      0.62        11
        33.0       0.91      1.00      0.95        30
        34.0       0.93      0.78      0.85        32
        35.0       1.00      0.92      0.96        12
        36.0       0.93      1.00      0.96        27
        37.0       0.69      0.60      0.64        15
        38.0       0.71      0.91      0.80        11
        39.0       0.67      0.15      0.25        13
        40.0       0.88      0.94      0.91        16
        41.0       1.00      1.00      1.00        12
        42.0       0.83      0.45      0.59        11
        43.0       1.00      0.94      0.97        16
        44.0       0.96      0.89      0.93        28
        45.0       0.96      1.00      0.98        22
        46.0       1.00      0.75      0.86        16
        47.0       0.90      0.69      0.78        13
        48.0       0.90      0.75      0.82        12
        49.0       0.91      0.91      0.91        11
        50.0       0.67      0.67      0.67        12
        51.0       1.00      0.77      0.87        13
        52.0       1.00      0.96      0.98        26
        53.0       0.81      0.96      0.88        27
        54.0       0.83      0.87      0.85        23
        55.0       0.83      1.00      0.90        19
        56.0       0.96      0.96      0.96        25
        57.0       1.00      0.90      0.95        21
        58.0       0.88      0.70      0.78        10
        59.0       0.23      0.38      0.29        16
        60.0       0.94      0.71      0.81        24
        61.0       0.46      0.80      0.59        15
        62.0       0.74      0.81      0.78       133
        63.0       0.79      1.00      0.88        15
        64.0       0.92      1.00      0.96        12
        65.0       1.00      0.88      0.94        17
        66.0       0.78      1.00      0.88        14
        67.0       1.00      0.91      0.95        11
        68.0       0.94      0.84      0.89        19
        69.0       0.94      1.00      0.97        29
        70.0       0.73      0.84      0.78        19
        71.0       1.00      0.80      0.89        15
        72.0       1.00      0.86      0.93        22
        73.0       0.92      1.00      0.96        11
        74.0       1.00      0.95      0.98        22
        75.0       0.84      0.94      0.89        17
        76.0       0.94      1.00      0.97        15
        77.0       1.00      0.80      0.89        20
        78.0       1.00      0.81      0.89        21
        79.0       0.88      0.70      0.78        10
        80.0       0.57      0.74      0.65        31
        81.0       0.78      0.86      0.82        21
        82.0       0.83      0.96      0.89        26
        83.0       1.00      0.92      0.96        13
        84.0       0.90      0.86      0.88        21
        85.0       0.92      0.92      0.92        12
        86.0       1.00      1.00      1.00        39
        87.0       0.92      0.65      0.76        17
        88.0       1.00      0.96      0.98        27
        89.0       0.69      0.92      0.79        12
        90.0       1.00      1.00      1.00        21
        91.0       0.97      1.00      0.98        30
        92.0       1.00      0.92      0.96        12
        93.0       0.58      0.79      0.67        14
        94.0       0.93      0.96      0.95        27
        95.0       0.96      0.92      0.94        25
        96.0       0.92      1.00      0.96        11
        97.0       0.82      0.90      0.86        30
        98.0       0.68      0.81      0.74        16
        99.0       0.94      1.00      0.97        17
       100.0       0.92      0.88      0.90        25
       101.0       1.00      0.93      0.96        28
       102.0       0.60      0.16      0.25        19
       103.0       0.87      0.82      0.84       291
       104.0       0.65      0.85      0.73        13
       105.0       0.89      1.00      0.94        16
       106.0       0.59      0.68      0.63        44
       107.0       0.87      1.00      0.93        13
       108.0       0.94      0.94      0.94        16
       109.0       0.95      1.00      0.97        19
       110.0       0.89      1.00      0.94        16
       111.0       0.92      0.86      0.89        14
       112.0       0.95      0.91      0.93        23
       113.0       0.89      0.91      0.90        34
       114.0       0.85      0.89      0.87        19
       115.0       1.00      1.00      1.00        21
       116.0       0.97      1.00      0.99        34
       117.0       1.00      0.92      0.96        12
       118.0       1.00      1.00      1.00        29
       119.0       1.00      0.92      0.96        26
       120.0       1.00      0.77      0.87        13
       121.0       0.71      1.00      0.83        10
       122.0       0.33      0.26      0.29        19
       123.0       0.69      0.65      0.67       136
       124.0       0.53      0.95      0.68        19
       125.0       0.63      0.29      0.40        58
       126.0       0.70      0.50      0.58        14
       127.0       1.00      0.89      0.94        18
       128.0       0.94      1.00      0.97        17
       129.0       0.95      1.00      0.97        18
       130.0       0.80      0.88      0.84        32
       131.0       0.94      0.80      0.86        20
       132.0       0.94      0.94      0.94        17
       133.0       1.00      0.80      0.89        15
       134.0       0.94      0.94      0.94        17
       135.0       0.86      0.92      0.89        13
       136.0       0.89      0.62      0.73        13
       137.0       0.88      0.92      0.90        38
       138.0       0.50      0.13      0.21        15
       139.0       0.78      0.74      0.76        19
       140.0       0.94      0.81      0.87        21
       141.0       0.85      0.98      0.91        45
       142.0       1.00      0.17      0.29        12
       143.0       0.93      0.81      0.87        16
       144.0       0.91      0.91      0.91        11
       145.0       0.43      0.17      0.24        18
       146.0       0.78      0.89      0.83        28
       147.0       0.90      0.82      0.86        11
       148.0       0.75      0.91      0.82        23
       149.0       0.86      0.98      0.92        52
       150.0       0.82      0.83      0.83        54
       151.0       0.69      0.69      0.69        16
       152.0       0.91      0.71      0.79        68
       153.0       0.42      0.45      0.43        11
       154.0       0.76      0.72      0.74        40
       155.0       0.88      0.92      0.90        24
       156.0       0.00      0.00      0.00        12
       157.0       0.27      0.56      0.36        18
       158.0       0.43      0.38      0.40        16
       159.0       0.56      0.56      0.56        18
       160.0       0.24      0.47      0.32        15
       161.0       0.38      0.48      0.42        25
       162.0       0.67      0.20      0.31        10
       163.0       0.40      0.12      0.19        16
       164.0       0.89      0.89      0.89        18
       165.0       0.75      0.75      0.75        12
       166.0       0.38      0.43      0.40        47
       167.0       1.00      1.00      1.00        21
       168.0       0.88      1.00      0.94        15
       169.0       1.00      0.94      0.97        17
       170.0       0.83      1.00      0.91        24
       171.0       0.92      0.92      0.92        36
       172.0       0.77      0.71      0.74        14
       173.0       0.87      0.81      0.84        16
       174.0       0.92      0.88      0.90        25
       175.0       0.50      0.42      0.45        12
       176.0       0.40      0.33      0.36        12
       177.0       0.93      0.70      0.80        20
       178.0       0.93      0.93      0.93        15
       179.0       0.82      0.64      0.72        14
       180.0       0.67      0.38      0.48        16
       181.0       1.00      0.65      0.79        23
       182.0       0.94      0.97      0.95        31
       183.0       0.86      1.00      0.92        12
       184.0       0.95      0.91      0.93        22
       185.0       1.00      1.00      1.00        29
       186.0       0.59      0.67      0.63       127
       187.0       0.80      0.86      0.83       119
       188.0       0.88      1.00      0.93        14
       189.0       0.94      0.77      0.85        22
       190.0       1.00      0.80      0.89        15
       191.0       0.73      0.67      0.70        12
       192.0       0.88      1.00      0.94        15
       193.0       1.00      0.42      0.59        12
       194.0       0.93      0.62      0.74        21
       195.0       0.40      0.40      0.40        10
       196.0       0.92      0.92      0.92        13
       197.0       1.00      0.57      0.73        14
       198.0       0.91      0.71      0.80        14
       199.0       0.40      0.27      0.32        15
       200.0       0.88      0.81      0.84        26
       201.0       0.88      0.88      0.88        16
       202.0       0.92      0.73      0.81        15
       203.0       0.96      0.83      0.89        29
       204.0       0.83      0.86      0.84        22
       205.0       1.00      0.93      0.97        15
       206.0       0.95      1.00      0.97        19
       207.0       1.00      0.95      0.97        19
       208.0       0.85      1.00      0.92        17
       209.0       0.93      0.88      0.90        16
       210.0       0.94      0.85      0.89        20
       211.0       1.00      0.79      0.88        14
       212.0       0.93      0.93      0.93        14
       213.0       0.89      0.94      0.92        18
       214.0       0.95      0.82      0.88        22
       215.0       0.92      0.86      0.89        14
       216.0       1.00      0.88      0.94        17
       217.0       0.80      0.80      0.80        10
       218.0       0.66      0.92      0.77       110
       219.0       0.96      0.93      0.95        29
       220.0       0.91      1.00      0.95        21
       221.0       0.85      0.79      0.81        14
       222.0       0.96      0.85      0.90        26
       223.0       1.00      1.00      1.00        16
       224.0       0.69      0.86      0.77        21
       225.0       0.94      0.88      0.91        17
       226.0       0.80      1.00      0.89        12
       227.0       0.65      1.00      0.79        13
       228.0       1.00      1.00      1.00        11
       229.0       0.91      0.97      0.94        30
       230.0       0.88      0.85      0.87        34
       231.0       0.29      0.62      0.39        13
       232.0       0.53      0.59      0.56        29
       233.0       0.71      0.79      0.75        19
       234.0       0.83      1.00      0.90        19
       235.0       0.75      1.00      0.86        21
       236.0       0.75      0.68      0.71        22
       237.0       0.69      0.90      0.78        20
       238.0       1.00      0.89      0.94        27
       239.0       0.80      0.93      0.86        30
       240.0       0.59      0.83      0.69        23
       241.0       0.67      0.57      0.62        14
       242.0       0.85      0.73      0.79        45
       243.0       0.96      0.96      0.96        27
       244.0       1.00      1.00      1.00        12
       245.0       0.67      0.90      0.77        20
       246.0       0.87      0.91      0.89        22
       247.0       0.73      0.95      0.83        20
       248.0       0.88      0.94      0.91        16
       249.0       0.70      0.92      0.79        25
       250.0       0.75      0.83      0.79        18
       251.0       1.00      1.00      1.00        12
       252.0       0.53      0.80      0.64        10
       253.0       1.00      0.95      0.98        22
       254.0       0.80      0.92      0.86        13
       255.0       0.90      0.56      0.69        16
       256.0       0.95      0.88      0.91        24
       257.0       0.90      0.60      0.72        15
       258.0       0.89      0.94      0.92        18
       259.0       0.96      0.96      0.96        26
       260.0       0.94      0.89      0.92        19
       261.0       0.82      0.90      0.86        31
       262.0       0.91      0.91      0.91        11
       263.0       1.00      0.87      0.93        15
       264.0       0.94      0.94      0.94        18
       265.0       0.79      1.00      0.88        11
       266.0       0.83      0.67      0.74        15
       267.0       0.90      0.69      0.78        13
       268.0       1.00      0.71      0.83        21
       269.0       1.00      1.00      1.00        19
       270.0       0.56      0.64      0.60        14
       271.0       0.97      0.84      0.90        38
       272.0       0.80      1.00      0.89        53
       273.0       0.88      0.77      0.82        30
       274.0       0.96      0.84      0.90        32
       275.0       1.00      1.00      1.00        10
       276.0       1.00      0.92      0.96        12
       277.0       1.00      0.91      0.95        11

    accuracy                           0.82      6279
   macro avg       0.84      0.82      0.82      6279
weighted avg       0.83      0.82      0.82      6279


===confusion_matrix===

[[10  0  0 ...  0  0  0]
 [ 0 25  0 ...  0  0  0]
 [ 0  0 16 ...  0  0  0]
 ...
 [ 0  0  0 ... 10  0  0]
 [ 0  0  0 ...  0 11  0]
 [ 0  0  0 ...  0  0 10]]

===multilabel confusion matrix===

[[[6268    1]
  [   0   10]]

 [[6252    2]
  [   0   25]]

 [[6261    1]
  [   1   16]]

 ...

 [[6269    0]
  [   0   10]]

 [[6267    0]
  [   1   11]]

 [[6268    0]
  [   1   10]]]

===scores report===
metrics	scores
Accuracy	0.8210
MCC	0.8197
log_loss	0.8141
f1 score weighted	0.8180
f1 score macro	0.8175
f1 score micro	0.8210
roc_auc ovr	0.9951
roc_auc ovo	0.9957
precision	0.8316
recall	0.8210

===TRAIN MODELS with CV===

train_model_cv	Accuracy	MCC	log_loss	f1 score weighted	f1 score macro	f1 score micro	roc_auc ovr	roc_auc ovo	precision	recall
0	0.8111464968152866	0.80981405912053	0.8770107830093635	0.8106662080626859	0.8112166641846872	0.8111464968152866	0.9942236809962548	0.9947764955683042	0.8281262023634267	0.8111464968152866
1	0.7830864787386527	0.7816637971561695	1.0122682270397794	0.7807742187622655	0.7681500006524192	0.7830864787386527	0.9934992023461559	0.9938890823573463	0.7994764193393397	0.7830864787386527
2	0.8050645007166747	0.803771467802722	0.8827214980417681	0.8060068812887838	0.7956795948630543	0.8050645007166747	0.995172753248284	0.9959563594319327	0.8240606466315228	0.8050645007166747
3	0.7822901735945215	0.7808318296984083	1.0122386362580424	0.7820043118241469	0.7769503694058262	0.7822901735945215	0.9935354702030141	0.9941695183107887	0.808236962637059	0.7822901735945215
4	0.8209906035992992	0.8197395798007896	0.814051702491788	0.8179882973677643	0.8175463297251295	0.8209906035992992	0.9951469509646023	0.9957318377662873	0.8315556590798964	0.8209906035992992
mean	0.800515650692887	0.7991641467157239	0.9196581693681484	0.7994879834611293	0.7939085917662233	0.800515650692887	0.9943156115516623	0.9949046586869319	0.8182911780102489	0.800515650692887
std	0.01541995248248298	0.015494079968792672	0.07935188558504441	0.015268229182773898	0.01903961554453509	0.01541995248248298	0.0007361267349198378	0.0008220160734663758	0.012337287553279635	0.01541995248248298

Accuracy
MCC
log_loss
f1 score weighted
f1 score macro
f1 score micro
roc_auc ovr
roc_auc ovo
precision
recallFinished train_model_cv in 20801.2813 secs

