/home/amsequeira/enzymeClassification/models/embedding/bi_attetion_emb8_90_3_new
self
x_train
y_train
x_test
y_test
number_classes
problem_type
x_dval
y_dval
model
epochs
batch_size
callbacks
reduce_lr
early_stopping
checkpoint
tensorboard
early_stopping_patience
reduce_lr_patience
reduce_lr_factor
reduce_lr_min
path
report_name
verbose
validation_split
shuffle
class_weights
===Callbacks===

generate_callbacks
[<tensorflow.python.keras.callbacks.EarlyStopping object at 0x7f5d181cd940>, <tensorflow.python.keras.callbacks.ReduceLROnPlateau object at 0x7f5d181cd6a0>, <tensorflow.python.keras.callbacks.ModelCheckpoint object at 0x7f5d181cd970>]
===SCORING TEST SET ===

model_complete_evaluate
{'self': <deep_ml.DeepML object at 0x7f5d181cd5e0>, 'x_test': array([[13, 13,  2, ...,  0,  0,  0],
       [13, 12,  3, ...,  0,  0,  0],
       [13, 16,  8, ...,  0,  0,  0],
       ...,
       [13, 11, 17, ...,  0,  0,  0],
       [12, 12, 11, ..., 16,  9, 20],
       [11, 11,  2, ...,  1, 16,  1]], dtype=int8), 'y_test': array([ 56.,  56.,  56., ...,  50.,  46., 153.], dtype=float32), 'model': None}
report

              precision    recall  f1-score   support

         0.0       0.67      0.94      0.78       825
         1.0       0.50      0.21      0.30        14
         2.0       0.76      0.61      0.68        31
         3.0       0.00      0.00      0.00        11
         4.0       0.78      0.77      0.78        52
         5.0       0.63      0.77      0.69       176
         6.0       0.55      0.51      0.53       102
         7.0       0.77      0.21      0.33        97
         8.0       0.29      0.14      0.19        14
         9.0       0.75      0.21      0.33        70
        10.0       0.82      0.76      0.79       104
        11.0       0.50      0.06      0.10        18
        12.0       0.00      0.00      0.00        14
        13.0       0.78      0.65      0.71        43
        14.0       0.94      0.50      0.65        34
        15.0       0.80      0.80      0.80        64
        16.0       0.00      0.00      0.00        13
        17.0       0.56      0.26      0.36        19
        18.0       0.94      0.83      0.88        72
        19.0       0.41      0.60      0.49        30
        20.0       0.88      0.97      0.92        94
        21.0       0.67      0.78      0.72        46
        22.0       0.88      0.56      0.68        25
        23.0       0.91      0.95      0.93       345
        24.0       0.89      0.27      0.41        30
        25.0       0.40      0.10      0.16        20
        26.0       0.74      0.71      0.73       167
        27.0       0.93      0.75      0.83        36
        28.0       0.98      0.80      0.88        61
        29.0       0.68      0.84      0.75        63
        30.0       0.45      0.45      0.45        11
        31.0       0.33      0.09      0.14        11
        32.0       0.43      0.23      0.30        40
        33.0       0.92      0.62      0.74        73
        34.0       1.00      1.00      1.00        57
        35.0       0.70      0.93      0.80        15
        36.0       0.32      0.36      0.34        50
        37.0       1.00      0.42      0.59        19
        38.0       0.90      0.62      0.73        29
        39.0       0.70      0.95      0.80       101
        40.0       1.00      0.42      0.59        12
        41.0       1.00      0.71      0.83        14
        42.0       0.86      0.66      0.75        67
        43.0       0.94      0.76      0.84        76
        44.0       1.00      1.00      1.00        11
        45.0       1.00      0.84      0.91        37
        46.0       0.91      0.86      0.88      1613
        47.0       0.88      0.97      0.93       299
        48.0       0.98      0.96      0.97       244
        49.0       0.92      0.95      0.94       168
        50.0       0.68      0.85      0.76      1024
        51.0       0.75      0.52      0.61       353
        52.0       0.81      0.71      0.76        86
        53.0       0.71      0.82      0.76       607
        54.0       0.90      0.88      0.89       543
        55.0       0.96      0.87      0.91        78
        56.0       0.66      0.93      0.77       954
        57.0       0.88      0.86      0.87       247
        58.0       1.00      0.97      0.99        34
        59.0       0.78      0.82      0.80       877
        60.0       1.00      0.81      0.89        77
        61.0       0.88      0.83      0.85       566
        62.0       1.00      0.21      0.34        24
        63.0       0.89      0.58      0.70        55
        64.0       0.88      0.97      0.92       254
        65.0       1.00      0.14      0.25        14
        66.0       0.98      0.94      0.96       456
        67.0       0.72      0.68      0.70        38
        68.0       0.75      0.87      0.81      1189
        69.0       0.89      0.83      0.85       224
        70.0       0.33      0.16      0.21        19
        71.0       0.96      0.93      0.94       358
        72.0       0.90      0.56      0.69        32
        73.0       0.00      0.00      0.00        13
        74.0       0.98      0.97      0.98       127
        75.0       1.00      0.92      0.96        12
        76.0       0.83      0.74      0.78       460
        77.0       0.99      0.83      0.91       103
        78.0       0.25      0.13      0.18        52
        79.0       0.66      0.70      0.68        83
        80.0       0.45      0.42      0.44        80
        81.0       1.00      0.77      0.87        84
        82.0       0.94      0.84      0.89       335
        83.0       1.00      0.17      0.30        23
        84.0       0.80      0.75      0.77       518
        85.0       0.20      0.13      0.15        87
        86.0       0.00      0.00      0.00        13
        87.0       0.68      0.62      0.65       480
        88.0       0.85      0.64      0.73       126
        89.0       1.00      0.92      0.96        25
        90.0       0.85      0.70      0.77       152
        91.0       0.00      0.00      0.00        20
        92.0       1.00      0.18      0.30        28
        93.0       0.83      0.48      0.61        42
        94.0       0.33      0.03      0.05        34
        95.0       0.53      0.21      0.30        99
        96.0       0.96      0.78      0.86       415
        97.0       0.79      0.45      0.57       118
        98.0       0.84      0.67      0.74        99
        99.0       0.76      0.48      0.59       253
       100.0       0.95      0.91      0.93       116
       101.0       0.70      0.79      0.74       423
       102.0       0.58      0.81      0.68        99
       103.0       0.41      0.90      0.56        60
       104.0       0.66      0.81      0.73       266
       105.0       1.00      0.78      0.88        37
       106.0       0.87      0.82      0.85       494
       107.0       0.86      0.86      0.86        14
       108.0       0.91      0.79      0.85       610
       109.0       0.93      0.85      0.89       206
       110.0       0.86      0.27      0.41        22
       111.0       0.88      0.87      0.87       534
       112.0       0.52      0.54      0.53        98
       113.0       0.70      0.74      0.72        86
       114.0       0.95      0.82      0.88       109
       115.0       0.79      0.90      0.84       858
       116.0       0.50      0.13      0.21        61
       117.0       0.84      0.90      0.87       209
       118.0       0.00      0.00      0.00        13
       119.0       0.89      0.75      0.82        65
       120.0       0.96      0.88      0.92       156
       121.0       0.93      0.94      0.93        84
       122.0       0.83      0.53      0.64        55
       123.0       0.83      0.79      0.81       154
       124.0       0.97      0.75      0.85        52
       125.0       0.71      0.87      0.78       147
       126.0       0.25      0.53      0.34        77
       127.0       0.94      0.79      0.86        19
       128.0       0.88      0.75      0.81       198
       129.0       0.89      0.93      0.91       450
       130.0       1.00      0.64      0.78        11
       131.0       0.74      0.58      0.65        43
       132.0       1.00      0.69      0.81        16
       133.0       0.96      0.95      0.96       204
       134.0       0.99      0.89      0.94        76
       135.0       0.97      0.71      0.82       255
       136.0       0.80      0.20      0.32        20
       137.0       1.00      0.69      0.82        13
       138.0       0.97      0.43      0.60        67
       139.0       0.92      0.97      0.94      1464
       140.0       0.88      0.77      0.82       146
       141.0       0.99      0.87      0.92        99
       142.0       0.92      0.88      0.90       455
       143.0       0.99      0.90      0.94        82
       144.0       0.97      0.94      0.95       411
       145.0       0.97      0.89      0.93       406
       146.0       0.60      0.25      0.35        12
       147.0       0.95      0.86      0.90       149
       148.0       0.86      0.96      0.91       703
       149.0       0.96      0.95      0.95       195
       150.0       0.85      0.67      0.75        33
       151.0       0.74      0.82      0.78        68
       152.0       0.90      0.92      0.91        93
       153.0       0.94      0.94      0.94        33
       154.0       0.95      0.82      0.88        49
       155.0       0.88      0.88      0.88       154

    accuracy                           0.82     28656
   macro avg       0.77      0.65      0.68     28656
weighted avg       0.82      0.82      0.81     28656


===confusion_matrix===

[[778   0   1 ...   0   0   0]
 [  5   3   0 ...   0   0   0]
 [  0   0  19 ...   0   0   0]
 ...
 [  0   0   0 ...  31   0   0]
 [  0   0   0 ...   0  40   7]
 [  0   0   0 ...   1   1 136]]

===multilabel confusion matrix===

[[[27448   383]
  [   47   778]]

 [[28639     3]
  [   11     3]]

 [[28619     6]
  [   12    19]]

 [[28645     0]
  [   11     0]]

 [[28593    11]
  [   12    40]]

 [[28400    80]
  [   41   135]]

 [[28512    42]
  [   50    52]]

 [[28553     6]
  [   77    20]]

 [[28637     5]
  [   12     2]]

 [[28581     5]
  [   55    15]]

 [[28535    17]
  [   25    79]]

 [[28637     1]
  [   17     1]]

 [[28641     1]
  [   14     0]]

 [[28605     8]
  [   15    28]]

 [[28621     1]
  [   17    17]]

 [[28579    13]
  [   13    51]]

 [[28643     0]
  [   13     0]]

 [[28633     4]
  [   14     5]]

 [[28580     4]
  [   12    60]]

 [[28600    26]
  [   12    18]]

 [[28550    12]
  [    3    91]]

 [[28592    18]
  [   10    36]]

 [[28629     2]
  [   11    14]]

 [[28280    31]
  [   18   327]]

 [[28625     1]
  [   22     8]]

 [[28633     3]
  [   18     2]]

 [[28448    41]
  [   48   119]]

 [[28618     2]
  [    9    27]]

 [[28594     1]
  [   12    49]]

 [[28568    25]
  [   10    53]]

 [[28639     6]
  [    6     5]]

 [[28643     2]
  [   10     1]]

 [[28604    12]
  [   31     9]]

 [[28579     4]
  [   28    45]]

 [[28599     0]
  [    0    57]]

 [[28635     6]
  [    1    14]]

 [[28568    38]
  [   32    18]]

 [[28637     0]
  [   11     8]]

 [[28625     2]
  [   11    18]]

 [[28513    42]
  [    5    96]]

 [[28644     0]
  [    7     5]]

 [[28642     0]
  [    4    10]]

 [[28582     7]
  [   23    44]]

 [[28576     4]
  [   18    58]]

 [[28645     0]
  [    0    11]]

 [[28619     0]
  [    6    31]]

 [[26899   144]
  [  228  1385]]

 [[28319    38]
  [    8   291]]

 [[28408     4]
  [    9   235]]

 [[28475    13]
  [    9   159]]

 [[27220   412]
  [  153   871]]

 [[28241    62]
  [  170   183]]

 [[28556    14]
  [   25    61]]

 [[27848   201]
  [  109   498]]

 [[28061    52]
  [   64   479]]

 [[28575     3]
  [   10    68]]

 [[27248   454]
  [   67   887]]

 [[28380    29]
  [   35   212]]

 [[28622     0]
  [    1    33]]

 [[27572   207]
  [  159   718]]

 [[28579     0]
  [   15    62]]

 [[28025    65]
  [   96   470]]

 [[28632     0]
  [   19     5]]

 [[28597     4]
  [   23    32]]

 [[28369    33]
  [    8   246]]

 [[28642     0]
  [   12     2]]

 [[28193     7]
  [   28   428]]

 [[28608    10]
  [   12    26]]

 [[27114   353]
  [  150  1039]]

 [[28408    24]
  [   39   185]]

 [[28631     6]
  [   16     3]]

 [[28285    13]
  [   26   332]]

 [[28622     2]
  [   14    18]]

 [[28642     1]
  [   13     0]]

 [[28527     2]
  [    4   123]]

 [[28644     0]
  [    1    11]]

 [[28128    68]
  [  120   340]]

 [[28552     1]
  [   17    86]]

 [[28583    21]
  [   45     7]]

 [[28543    30]
  [   25    58]]

 [[28534    42]
  [   46    34]]

 [[28572     0]
  [   19    65]]

 [[28303    18]
  [   53   282]]

 [[28633     0]
  [   19     4]]

 [[28039    99]
  [  131   387]]

 [[28524    45]
  [   76    11]]

 [[28643     0]
  [   13     0]]

 [[28034   142]
  [  181   299]]

 [[28516    14]
  [   45    81]]

 [[28631     0]
  [    2    23]]

 [[28485    19]
  [   45   107]]

 [[28635     1]
  [   20     0]]

 [[28628     0]
  [   23     5]]

 [[28610     4]
  [   22    20]]

 [[28620     2]
  [   33     1]]

 [[28538    19]
  [   78    21]]

 [[28228    13]
  [   93   322]]

 [[28524    14]
  [   65    53]]

 [[28544    13]
  [   33    66]]

 [[28364    39]
  [  132   121]]

 [[28534     6]
  [   11   105]]

 [[28088   145]
  [   89   334]]

 [[28499    58]
  [   19    80]]

 [[28517    79]
  [    6    54]]

 [[28280   110]
  [   50   216]]

 [[28619     0]
  [    8    29]]

 [[28103    59]
  [   87   407]]

 [[28640     2]
  [    2    12]]

 [[27996    50]
  [  126   484]]

 [[28437    13]
  [   30   176]]

 [[28633     1]
  [   16     6]]

 [[28058    64]
  [   69   465]]

 [[28509    49]
  [   45    53]]

 [[28542    28]
  [   22    64]]

 [[28542     5]
  [   20    89]]

 [[27597   201]
  [   87   771]]

 [[28587     8]
  [   53     8]]

 [[28412    35]
  [   21   188]]

 [[28643     0]
  [   13     0]]

 [[28585     6]
  [   16    49]]

 [[28495     5]
  [   19   137]]

 [[28566     6]
  [    5    79]]

 [[28595     6]
  [   26    29]]

 [[28477    25]
  [   32   122]]

 [[28603     1]
  [   13    39]]

 [[28456    53]
  [   19   128]]

 [[28457   122]
  [   36    41]]

 [[28636     1]
  [    4    15]]

 [[28437    21]
  [   49   149]]

 [[28156    50]
  [   32   418]]

 [[28645     0]
  [    4     7]]

 [[28604     9]
  [   18    25]]

 [[28640     0]
  [    5    11]]

 [[28444     8]
  [   10   194]]

 [[28579     1]
  [    8    68]]

 [[28396     5]
  [   73   182]]

 [[28635     1]
  [   16     4]]

 [[28643     0]
  [    4     9]]

 [[28588     1]
  [   38    29]]

 [[27067   125]
  [   43  1421]]

 [[28494    16]
  [   34   112]]

 [[28556     1]
  [   13    86]]

 [[28167    34]
  [   55   400]]

 [[28573     1]
  [    8    74]]

 [[28233    12]
  [   25   386]]

 [[28238    12]
  [   45   361]]

 [[28642     2]
  [    9     3]]

 [[28500     7]
  [   21   128]]

 [[27847   106]
  [   30   673]]

 [[28453     8]
  [   10   185]]

 [[28619     4]
  [   11    22]]

 [[28568    20]
  [   12    56]]

 [[28553    10]
  [    7    86]]

 [[28621     2]
  [    2    31]]

 [[28605     2]
  [    9    40]]

 [[28484    18]
  [   18   136]]]

===scores report===
metrics	scores
Accuracy	0.8169
MCC	0.8132
log_loss	0.8717
f1 score weighted	0.8113
f1 score macro	0.6830
f1 score micro	0.8169
roc_auc ovr	0.9918
roc_auc ovo	0.9877
precision	0.8240
recall	0.8169

===Callbacks===

generate_callbacks
[<tensorflow.python.keras.callbacks.EarlyStopping object at 0x7f5d181cd940>, <tensorflow.python.keras.callbacks.ReduceLROnPlateau object at 0x7f5d181cd6a0>, <tensorflow.python.keras.callbacks.ModelCheckpoint object at 0x7f5d181cd970>]
===SCORING TEST SET ===

model_complete_evaluate
{'self': <deep_ml.DeepML object at 0x7f5d181cd5e0>, 'x_test': array([[13,  7,  1, ...,  0,  0,  0],
       [13,  7, 17, ...,  0,  0,  0],
       [13,  3, 16, ...,  0,  0,  0],
       ...,
       [13,  4, 11, ...,  0,  0,  0],
       [20,  2,  1, ...,  7,  6,  6],
       [20,  6, 15, ...,  4,  2,  3]], dtype=int8), 'y_test': array([56., 56., 56., ..., 98., 51., 88.], dtype=float32), 'model': None}
report

              precision    recall  f1-score   support

         0.0       0.87      0.92      0.89       825
         1.0       0.60      0.21      0.32        14
         2.0       0.80      0.65      0.71        31
         3.0       0.00      0.00      0.00        12
         4.0       1.00      0.65      0.79        52
         5.0       0.66      0.76      0.70       176
         6.0       0.53      0.62      0.57       102
         7.0       0.35      0.45      0.39        97
         8.0       1.00      0.07      0.13        14
         9.0       0.62      0.34      0.44        70
        10.0       0.77      0.83      0.80       104
        11.0       0.00      0.00      0.00        18
        12.0       1.00      0.07      0.13        14
        13.0       0.71      0.48      0.57        42
        14.0       0.89      0.50      0.64        34
        15.0       0.80      0.75      0.77        64
        16.0       1.00      0.36      0.53        14
        17.0       0.91      0.53      0.67        19
        18.0       0.97      0.90      0.94        72
        19.0       0.45      0.32      0.38        31
        20.0       0.95      0.93      0.94        94
        21.0       0.74      0.96      0.83        45
        22.0       1.00      0.80      0.89        25
        23.0       0.94      0.92      0.93       346
        24.0       0.92      0.73      0.81        30
        25.0       0.33      0.05      0.09        19
        26.0       0.77      0.67      0.72       167
        27.0       0.86      0.67      0.75        36
        28.0       0.92      0.97      0.94        60
        29.0       0.91      0.66      0.77        62
        30.0       0.00      0.00      0.00        11
        31.0       0.00      0.00      0.00        11
        32.0       0.89      0.40      0.55        40
        33.0       0.88      0.61      0.72        74
        34.0       1.00      0.96      0.98        56
        35.0       1.00      0.94      0.97        16
        36.0       0.57      0.41      0.48        51
        37.0       0.67      0.95      0.78        19
        38.0       0.95      0.66      0.78        29
        39.0       0.92      0.85      0.89       101
        40.0       0.83      0.42      0.56        12
        41.0       1.00      1.00      1.00        13
        42.0       0.87      0.81      0.84        67
        43.0       0.97      0.86      0.91        76
        44.0       1.00      1.00      1.00        12
        45.0       1.00      0.75      0.86        36
        46.0       0.92      0.87      0.90      1613
        47.0       0.95      0.96      0.96       299
        48.0       0.98      0.98      0.98       243
        49.0       0.96      0.90      0.93       169
        50.0       0.77      0.81      0.79      1024
        51.0       0.80      0.67      0.73       352
        52.0       0.91      0.91      0.91        86
        53.0       0.76      0.83      0.80       607
        54.0       0.93      0.87      0.90       543
        55.0       0.96      0.83      0.89        78
        56.0       0.76      0.90      0.82       954
        57.0       0.85      0.91      0.88       247
        58.0       1.00      0.97      0.99        34
        59.0       0.76      0.88      0.81       877
        60.0       0.89      0.77      0.83        77
        61.0       0.77      0.84      0.80       565
        62.0       0.86      0.50      0.63        24
        63.0       0.81      0.69      0.75        55
        64.0       0.98      0.95      0.96       255
        65.0       1.00      0.50      0.67        14
        66.0       0.97      0.92      0.95       457
        67.0       0.82      0.73      0.77        37
        68.0       0.72      0.89      0.80      1189
        69.0       0.90      0.84      0.87       224
        70.0       0.62      0.40      0.48        20
        71.0       0.97      0.91      0.94       358
        72.0       0.73      0.34      0.47        32
        73.0       0.00      0.00      0.00        13
        74.0       0.97      0.95      0.96       128
        75.0       1.00      0.77      0.87        13
        76.0       0.79      0.74      0.77       460
        77.0       0.93      0.78      0.85       104
        78.0       0.40      0.23      0.29        52
        79.0       0.85      0.61      0.71        84
        80.0       0.61      0.44      0.51        80
        81.0       0.91      0.76      0.83        83
        82.0       0.92      0.84      0.88       335
        83.0       0.62      0.21      0.31        24
        84.0       0.73      0.79      0.76       518
        85.0       0.28      0.12      0.17        88
        86.0       1.00      0.38      0.56        13
        87.0       0.60      0.70      0.65       480
        88.0       0.94      0.60      0.73       126
        89.0       1.00      1.00      1.00        25
        90.0       0.75      0.75      0.75       153
        91.0       0.39      0.35      0.37        20
        92.0       1.00      0.37      0.54        27
        93.0       0.96      0.60      0.74        42
        94.0       0.62      0.29      0.40        34
        95.0       0.78      0.36      0.50        99
        96.0       0.90      0.81      0.85       416
        97.0       0.86      0.50      0.63       118
        98.0       0.94      0.69      0.80        99
        99.0       0.66      0.61      0.63       253
       100.0       0.96      0.94      0.95       115
       101.0       0.55      0.81      0.66       423
       102.0       0.63      0.84      0.72        99
       103.0       0.74      0.69      0.71        61
       104.0       0.63      0.85      0.72       266
       105.0       0.97      0.81      0.88        36
       106.0       0.80      0.79      0.80       494
       107.0       0.92      0.86      0.89        14
       108.0       0.95      0.82      0.88       610
       109.0       0.94      0.84      0.89       206
       110.0       1.00      0.45      0.62        22
       111.0       0.71      0.90      0.79       535
       112.0       0.50      0.63      0.56        98
       113.0       0.67      0.49      0.56        86
       114.0       0.89      0.89      0.89       109
       115.0       0.80      0.89      0.84       858
       116.0       0.57      0.49      0.53        61
       117.0       0.94      0.88      0.91       208
       118.0       0.00      0.00      0.00        13
       119.0       0.88      0.69      0.78        65
       120.0       0.90      0.90      0.90       157
       121.0       0.99      0.98      0.98        84
       122.0       0.81      0.40      0.54        55
       123.0       0.65      0.80      0.72       154
       124.0       0.85      0.96      0.90        52
       125.0       0.95      0.88      0.91       147
       126.0       0.65      0.61      0.63        77
       127.0       0.93      0.78      0.85        18
       128.0       0.85      0.81      0.83       197
       129.0       0.94      0.92      0.93       449
       130.0       0.00      0.00      0.00        11
       131.0       0.96      0.60      0.74        43
       132.0       0.83      0.67      0.74        15
       133.0       0.98      0.92      0.95       204
       134.0       0.96      0.96      0.96        76
       135.0       0.75      0.85      0.80       255
       136.0       0.60      0.16      0.25        19
       137.0       0.86      0.92      0.89        13
       138.0       0.83      0.37      0.52        67
       139.0       0.96      0.98      0.97      1463
       140.0       0.95      0.85      0.90       147
       141.0       0.96      0.88      0.92        99
       142.0       0.82      0.91      0.86       455
       143.0       0.99      0.89      0.94        82
       144.0       0.99      0.90      0.94       410
       145.0       0.99      0.92      0.95       406
       146.0       1.00      0.25      0.40        12
       147.0       0.99      0.89      0.94       149
       148.0       0.96      0.94      0.95       702
       149.0       0.98      0.97      0.97       196
       150.0       0.80      0.75      0.77        32
       151.0       0.92      0.88      0.90        69
       152.0       0.98      0.92      0.95        93
       153.0       0.91      0.91      0.91        32
       154.0       0.94      0.94      0.94        49
       155.0       0.89      0.94      0.91       154

    accuracy                           0.83     28655
   macro avg       0.80      0.69      0.72     28655
weighted avg       0.84      0.83      0.83     28655


===confusion_matrix===

[[760   0   0 ...   0   0   0]
 [  0   3   0 ...   0   0   0]
 [  1   0  20 ...   0   0   0]
 ...
 [  0   0   0 ...  29   0   1]
 [  0   0   0 ...   0  46   3]
 [  0   0   0 ...   0   3 144]]

===multilabel confusion matrix===

[[[27713   117]
  [   65   760]]

 [[28639     2]
  [   11     3]]

 [[28619     5]
  [   11    20]]

 [[28643     0]
  [   12     0]]

 [[28603     0]
  [   18    34]]

 [[28409    70]
  [   43   133]]

 [[28497    56]
  [   39    63]]

 [[28475    83]
  [   53    44]]

 [[28641     0]
  [   13     1]]

 [[28570    15]
  [   46    24]]

 [[28525    26]
  [   18    86]]

 [[28637     0]
  [   18     0]]

 [[28641     0]
  [   13     1]]

 [[28605     8]
  [   22    20]]

 [[28619     2]
  [   17    17]]

 [[28579    12]
  [   16    48]]

 [[28641     0]
  [    9     5]]

 [[28635     1]
  [    9    10]]

 [[28581     2]
  [    7    65]]

 [[28612    12]
  [   21    10]]

 [[28556     5]
  [    7    87]]

 [[28595    15]
  [    2    43]]

 [[28630     0]
  [    5    20]]

 [[28290    19]
  [   26   320]]

 [[28623     2]
  [    8    22]]

 [[28634     2]
  [   18     1]]

 [[28455    33]
  [   55   112]]

 [[28615     4]
  [   12    24]]

 [[28590     5]
  [    2    58]]

 [[28589     4]
  [   21    41]]

 [[28644     0]
  [   11     0]]

 [[28640     4]
  [   11     0]]

 [[28613     2]
  [   24    16]]

 [[28575     6]
  [   29    45]]

 [[28599     0]
  [    2    54]]

 [[28639     0]
  [    1    15]]

 [[28588    16]
  [   30    21]]

 [[28627     9]
  [    1    18]]

 [[28625     1]
  [   10    19]]

 [[28547     7]
  [   15    86]]

 [[28642     1]
  [    7     5]]

 [[28642     0]
  [    0    13]]

 [[28580     8]
  [   13    54]]

 [[28577     2]
  [   11    65]]

 [[28643     0]
  [    0    12]]

 [[28619     0]
  [    9    27]]

 [[26923   119]
  [  205  1408]]

 [[28342    14]
  [   12   287]]

 [[28408     4]
  [    6   237]]

 [[28479     7]
  [   17   152]]

 [[27388   243]
  [  194   830]]

 [[28243    60]
  [  115   237]]

 [[28561     8]
  [    8    78]]

 [[27892   156]
  [  102   505]]

 [[28078    34]
  [   72   471]]

 [[28574     3]
  [   13    65]]

 [[27434   267]
  [  100   854]]

 [[28368    40]
  [   23   224]]

 [[28621     0]
  [    1    33]]

 [[27536   242]
  [  109   768]]

 [[28571     7]
  [   18    59]]

 [[27944   146]
  [   88   477]]

 [[28629     2]
  [   12    12]]

 [[28591     9]
  [   17    38]]

 [[28394     6]
  [   14   241]]

 [[28641     0]
  [    7     7]]

 [[28187    11]
  [   37   420]]

 [[28612     6]
  [   10    27]]

 [[27063   403]
  [  133  1056]]

 [[28411    20]
  [   35   189]]

 [[28630     5]
  [   12     8]]

 [[28286    11]
  [   32   326]]

 [[28619     4]
  [   21    11]]

 [[28642     0]
  [   13     0]]

 [[28523     4]
  [    7   121]]

 [[28642     0]
  [    3    10]]

 [[28106    89]
  [  118   342]]

 [[28545     6]
  [   23    81]]

 [[28585    18]
  [   40    12]]

 [[28562     9]
  [   33    51]]

 [[28553    22]
  [   45    35]]

 [[28566     6]
  [   20    63]]

 [[28295    25]
  [   55   280]]

 [[28628     3]
  [   19     5]]

 [[27987   150]
  [  110   408]]

 [[28539    28]
  [   77    11]]

 [[28642     0]
  [    8     5]]

 [[27956   219]
  [  146   334]]

 [[28524     5]
  [   51    75]]

 [[28630     0]
  [    0    25]]

 [[28464    38]
  [   39   114]]

 [[28624    11]
  [   13     7]]

 [[28628     0]
  [   17    10]]

 [[28612     1]
  [   17    25]]

 [[28615     6]
  [   24    10]]

 [[28546    10]
  [   63    36]]

 [[28201    38]
  [   78   338]]

 [[28527    10]
  [   59    59]]

 [[28552     4]
  [   31    68]]

 [[28323    79]
  [   99   154]]

 [[28535     5]
  [    7   108]]

 [[27952   280]
  [   79   344]]

 [[28508    48]
  [   16    83]]

 [[28579    15]
  [   19    42]]

 [[28254   135]
  [   39   227]]

 [[28618     1]
  [    7    29]]

 [[28066    95]
  [  102   392]]

 [[28640     1]
  [    2    12]]

 [[28016    29]
  [  111   499]]

 [[28438    11]
  [   33   173]]

 [[28633     0]
  [   12    10]]

 [[27921   199]
  [   55   480]]

 [[28494    63]
  [   36    62]]

 [[28548    21]
  [   44    42]]

 [[28534    12]
  [   12    97]]

 [[27602   195]
  [   93   765]]

 [[28571    23]
  [   31    30]]

 [[28436    11]
  [   25   183]]

 [[28642     0]
  [   13     0]]

 [[28584     6]
  [   20    45]]

 [[28482    16]
  [   16   141]]

 [[28570     1]
  [    2    82]]

 [[28595     5]
  [   33    22]]

 [[28434    67]
  [   31   123]]

 [[28594     9]
  [    2    50]]

 [[28501     7]
  [   18   129]]

 [[28553    25]
  [   30    47]]

 [[28636     1]
  [    4    14]]

 [[28429    29]
  [   38   159]]

 [[28178    28]
  [   35   414]]

 [[28644     0]
  [   11     0]]

 [[28611     1]
  [   17    26]]

 [[28638     2]
  [    5    10]]

 [[28447     4]
  [   16   188]]

 [[28576     3]
  [    3    73]]

 [[28329    71]
  [   39   216]]

 [[28634     2]
  [   16     3]]

 [[28640     2]
  [    1    12]]

 [[28583     5]
  [   42    25]]

 [[27131    61]
  [   31  1432]]

 [[28502     6]
  [   22   125]]

 [[28552     4]
  [   12    87]]

 [[28111    89]
  [   42   413]]

 [[28572     1]
  [    9    73]]

 [[28240     5]
  [   42   368]]

 [[28244     5]
  [   31   375]]

 [[28643     0]
  [    9     3]]

 [[28504     2]
  [   16   133]]

 [[27929    24]
  [   44   658]]

 [[28455     4]
  [    6   190]]

 [[28617     6]
  [    8    24]]

 [[28581     5]
  [    8    61]]

 [[28560     2]
  [    7    86]]

 [[28620     3]
  [    3    29]]

 [[28603     3]
  [    3    46]]

 [[28483    18]
  [   10   144]]]

===scores report===
metrics	scores
Accuracy	0.8314
MCC	0.8280
log_loss	0.7995
f1 score weighted	0.8283
f1 score macro	0.7198
f1 score micro	0.8314
roc_auc ovr	0.9924
roc_auc ovo	0.9886
precision	0.8374
recall	0.8314

===Callbacks===

generate_callbacks
[<tensorflow.python.keras.callbacks.EarlyStopping object at 0x7f5d181cd940>, <tensorflow.python.keras.callbacks.ReduceLROnPlateau object at 0x7f5d181cd6a0>, <tensorflow.python.keras.callbacks.ModelCheckpoint object at 0x7f5d181cd970>]
===SCORING TEST SET ===

model_complete_evaluate
{'self': <deep_ml.DeepML object at 0x7f5d181cd5e0>, 'x_test': array([[13,  2,  3, ...,  0,  0,  0],
       [13,  1,  1, ...,  0,  0,  0],
       [13,  3, 10, ...,  0,  0,  0],
       ...,
       [13,  1, 20, ...,  0,  0,  0],
       [17, 19, 16, ...,  6, 14,  4],
       [13, 16, 11, ...,  0,  0,  0]], dtype=int8), 'y_test': array([ 56.,  56.,  56., ...,  51.,  96., 109.], dtype=float32), 'model': None}
report

              precision    recall  f1-score   support

         0.0       0.85      0.92      0.88       825
         1.0       1.00      0.14      0.25        14
         2.0       0.81      0.69      0.75        32
         3.0       0.00      0.00      0.00        12
         4.0       0.83      0.77      0.80        52
         5.0       0.41      0.84      0.55       176
         6.0       0.50      0.45      0.47       102
         7.0       0.77      0.21      0.33        97
         8.0       0.86      0.43      0.57        14
         9.0       0.58      0.43      0.50        69
        10.0       0.62      0.82      0.70       104
        11.0       0.50      0.17      0.25        18
        12.0       0.00      0.00      0.00        15
        13.0       0.89      0.60      0.71        42
        14.0       0.67      0.59      0.62        34
        15.0       0.93      0.80      0.86        64
        16.0       1.00      0.08      0.14        13
        17.0       0.64      0.37      0.47        19
        18.0       0.86      0.89      0.88        71
        19.0       0.56      0.29      0.38        31
        20.0       0.97      1.00      0.98        94
        21.0       0.90      0.80      0.85        46
        22.0       0.81      0.84      0.82        25
        23.0       0.93      0.94      0.93       346
        24.0       0.86      0.58      0.69        31
        25.0       0.00      0.00      0.00        20
        26.0       0.86      0.61      0.72       167
        27.0       0.73      0.61      0.67        36
        28.0       1.00      0.93      0.97        60
        29.0       0.86      0.77      0.81        62
        30.0       0.67      0.18      0.29        11
        31.0       0.00      0.00      0.00        12
        32.0       0.68      0.38      0.48        40
        33.0       0.95      0.76      0.84        74
        34.0       0.93      0.98      0.96        56
        35.0       0.88      0.88      0.88        16
        36.0       0.47      0.14      0.21        51
        37.0       0.73      1.00      0.84        19
        38.0       0.94      0.59      0.72        29
        39.0       0.85      0.88      0.86       101
        40.0       0.88      0.58      0.70        12
        41.0       0.93      1.00      0.96        13
        42.0       0.80      0.82      0.81        67
        43.0       0.76      0.80      0.78        76
        44.0       0.67      0.91      0.77        11
        45.0       0.76      0.78      0.77        37
        46.0       0.93      0.88      0.90      1613
        47.0       0.97      0.95      0.96       299
        48.0       1.00      0.95      0.97       243
        49.0       0.92      0.90      0.91       169
        50.0       0.87      0.78      0.82      1023
        51.0       0.78      0.69      0.73       352
        52.0       0.86      0.74      0.80        86
        53.0       0.68      0.80      0.73       606
        54.0       0.95      0.88      0.91       543
        55.0       0.94      0.82      0.88        79
        56.0       0.89      0.92      0.91       954
        57.0       0.80      0.92      0.85       247
        58.0       1.00      0.97      0.99        34
        59.0       0.92      0.78      0.84       877
        60.0       0.94      0.78      0.85        77
        61.0       0.91      0.80      0.85       566
        62.0       0.90      0.38      0.53        24
        63.0       0.60      0.75      0.67        55
        64.0       0.97      0.96      0.96       255
        65.0       0.50      0.23      0.32        13
        66.0       0.93      0.94      0.94       457
        67.0       0.93      0.73      0.82        37
        68.0       0.70      0.87      0.77      1189
        69.0       0.62      0.90      0.74       223
        70.0       1.00      0.21      0.35        19
        71.0       0.98      0.92      0.95       357
        72.0       0.69      0.62      0.66        32
        73.0       0.00      0.00      0.00        13
        74.0       0.97      0.92      0.94       128
        75.0       0.88      0.54      0.67        13
        76.0       0.89      0.73      0.80       460
        77.0       0.92      0.76      0.83       104
        78.0       0.30      0.40      0.34        53
        79.0       0.89      0.49      0.64        83
        80.0       0.52      0.63      0.57        79
        81.0       0.95      0.85      0.89        84
        82.0       0.89      0.83      0.86       334
        83.0       0.25      0.04      0.07        24
        84.0       0.79      0.75      0.77       518
        85.0       0.20      0.11      0.15        88
        86.0       0.80      0.31      0.44        13
        87.0       0.63      0.66      0.65       480
        88.0       0.86      0.66      0.75       127
        89.0       0.88      0.96      0.92        24
        90.0       0.82      0.75      0.78       153
        91.0       1.00      0.10      0.18        20
        92.0       0.64      0.52      0.57        27
        93.0       0.76      0.74      0.75        42
        94.0       0.42      0.24      0.30        34
        95.0       0.57      0.55      0.56        99
        96.0       0.90      0.82      0.86       416
        97.0       0.74      0.58      0.65       118
        98.0       0.95      0.58      0.72        99
        99.0       0.50      0.72      0.59       253
       100.0       0.98      0.94      0.96       115
       101.0       0.89      0.72      0.80       423
       102.0       0.98      0.63      0.77        98
       103.0       0.95      0.67      0.78        60
       104.0       0.73      0.81      0.77       265
       105.0       0.77      0.83      0.80        36
       106.0       0.82      0.82      0.82       495
       107.0       1.00      0.71      0.83        14
       108.0       0.67      0.88      0.77       610
       109.0       0.79      0.92      0.85       206
       110.0       0.75      0.68      0.71        22
       111.0       0.82      0.86      0.84       535
       112.0       0.65      0.53      0.58        98
       113.0       0.47      0.47      0.47        86
       114.0       0.98      0.85      0.91       110
       115.0       0.84      0.88      0.86       858
       116.0       0.76      0.43      0.55        61
       117.0       0.87      0.90      0.88       208
       118.0       0.00      0.00      0.00        13
       119.0       0.84      0.56      0.67        66
       120.0       0.90      0.90      0.90       157
       121.0       0.91      0.99      0.95        84
       122.0       0.82      0.60      0.69        55
       123.0       0.83      0.73      0.77       153
       124.0       0.89      0.92      0.91        52
       125.0       0.96      0.85      0.90       147
       126.0       0.60      0.50      0.55        76
       127.0       1.00      0.89      0.94        18
       128.0       0.71      0.83      0.77       197
       129.0       0.89      0.92      0.91       450
       130.0       0.75      0.25      0.38        12
       131.0       0.91      0.71      0.80        42
       132.0       1.00      0.93      0.97        15
       133.0       0.97      0.94      0.96       204
       134.0       0.97      0.96      0.97        76
       135.0       0.83      0.82      0.82       256
       136.0       0.78      0.37      0.50        19
       137.0       0.52      0.85      0.65        13
       138.0       0.75      0.49      0.59        67
       139.0       0.79      0.99      0.88      1464
       140.0       0.73      0.90      0.81       147
       141.0       0.83      0.88      0.85        98
       142.0       0.89      0.92      0.90       455
       143.0       0.97      0.94      0.96        82
       144.0       0.92      0.96      0.94       410
       145.0       0.94      0.87      0.90       406
       146.0       0.33      0.08      0.13        12
       147.0       0.87      0.89      0.88       149
       148.0       0.95      0.94      0.94       702
       149.0       0.99      0.94      0.97       196
       150.0       0.96      0.69      0.80        32
       151.0       0.78      0.90      0.84        69
       152.0       0.91      0.90      0.91        93
       153.0       1.00      0.82      0.90        33
       154.0       0.81      0.92      0.86        50
       155.0       0.80      0.88      0.84       154

    accuracy                           0.83     28655
   macro avg       0.78      0.68      0.71     28655
weighted avg       0.83      0.83      0.82     28655


===confusion_matrix===

[[756   0   0 ...   0   0   0]
 [  1   2   0 ...   0   0   0]
 [  0   0  22 ...   0   0   0]
 ...
 [  0   0   0 ...  27   1   0]
 [  0   0   0 ...   0  46   2]
 [  0   0   0 ...   0   6 136]]

===multilabel confusion matrix===

[[[27692   138]
  [   69   756]]

 [[28641     0]
  [   12     2]]

 [[28618     5]
  [   10    22]]

 [[28643     0]
  [   12     0]]

 [[28595     8]
  [   12    40]]

 [[28265   214]
  [   28   148]]

 [[28507    46]
  [   56    46]]

 [[28552     6]
  [   77    20]]

 [[28640     1]
  [    8     6]]

 [[28564    22]
  [   39    30]]

 [[28498    53]
  [   19    85]]

 [[28634     3]
  [   15     3]]

 [[28640     0]
  [   15     0]]

 [[28610     3]
  [   17    25]]

 [[28611    10]
  [   14    20]]

 [[28587     4]
  [   13    51]]

 [[28642     0]
  [   12     1]]

 [[28632     4]
  [   12     7]]

 [[28574    10]
  [    8    63]]

 [[28617     7]
  [   22     9]]

 [[28558     3]
  [    0    94]]

 [[28605     4]
  [    9    37]]

 [[28625     5]
  [    4    21]]

 [[28283    26]
  [   22   324]]

 [[28621     3]
  [   13    18]]

 [[28634     1]
  [   20     0]]

 [[28472    16]
  [   65   102]]

 [[28611     8]
  [   14    22]]

 [[28595     0]
  [    4    56]]

 [[28585     8]
  [   14    48]]

 [[28643     1]
  [    9     2]]

 [[28640     3]
  [   12     0]]

 [[28608     7]
  [   25    15]]

 [[28578     3]
  [   18    56]]

 [[28595     4]
  [    1    55]]

 [[28637     2]
  [    2    14]]

 [[28596     8]
  [   44     7]]

 [[28629     7]
  [    0    19]]

 [[28625     1]
  [   12    17]]

 [[28538    16]
  [   12    89]]

 [[28642     1]
  [    5     7]]

 [[28641     1]
  [    0    13]]

 [[28574    14]
  [   12    55]]

 [[28560    19]
  [   15    61]]

 [[28639     5]
  [    1    10]]

 [[28609     9]
  [    8    29]]

 [[26928   114]
  [  201  1412]]

 [[28346    10]
  [   14   285]]

 [[28411     1]
  [   13   230]]

 [[28472    14]
  [   17   152]]

 [[27510   122]
  [  229   794]]

 [[28234    69]
  [  109   243]]

 [[28559    10]
  [   22    64]]

 [[27817   232]
  [  122   484]]

 [[28088    24]
  [   66   477]]

 [[28572     4]
  [   14    65]]

 [[27598   103]
  [   80   874]]

 [[28350    58]
  [   20   227]]

 [[28621     0]
  [    1    33]]

 [[27721    57]
  [  195   682]]

 [[28574     4]
  [   17    60]]

 [[28043    46]
  [  112   454]]

 [[28630     1]
  [   15     9]]

 [[28573    27]
  [   14    41]]

 [[28393     7]
  [   11   244]]

 [[28639     3]
  [   10     3]]

 [[28168    30]
  [   26   431]]

 [[28616     2]
  [   10    27]]

 [[27018   448]
  [  157  1032]]

 [[28311   121]
  [   23   200]]

 [[28636     0]
  [   15     4]]

 [[28292     6]
  [   30   327]]

 [[28614     9]
  [   12    20]]

 [[28641     1]
  [   13     0]]

 [[28523     4]
  [   10   118]]

 [[28641     1]
  [    6     7]]

 [[28155    40]
  [  124   336]]

 [[28544     7]
  [   25    79]]

 [[28554    48]
  [   32    21]]

 [[28567     5]
  [   42    41]]

 [[28530    46]
  [   29    50]]

 [[28567     4]
  [   13    71]]

 [[28288    33]
  [   58   276]]

 [[28628     3]
  [   23     1]]

 [[28034   103]
  [  129   389]]

 [[28528    39]
  [   78    10]]

 [[28641     1]
  [    9     4]]

 [[27986   189]
  [  161   319]]

 [[28514    14]
  [   43    84]]

 [[28628     3]
  [    1    23]]

 [[28477    25]
  [   39   114]]

 [[28635     0]
  [   18     2]]

 [[28620     8]
  [   13    14]]

 [[28603    10]
  [   11    31]]

 [[28610    11]
  [   26     8]]

 [[28516    40]
  [   45    54]]

 [[28199    40]
  [   74   342]]

 [[28513    24]
  [   49    69]]

 [[28553     3]
  [   42    57]]

 [[28217   185]
  [   70   183]]

 [[28538     2]
  [    7   108]]

 [[28193    39]
  [  118   305]]

 [[28556     1]
  [   36    62]]

 [[28593     2]
  [   20    40]]

 [[28312    78]
  [   51   214]]

 [[28610     9]
  [    6    30]]

 [[28074    86]
  [   91   404]]

 [[28641     0]
  [    4    10]]

 [[27785   260]
  [   71   539]]

 [[28397    52]
  [   16   190]]

 [[28628     5]
  [    7    15]]

 [[28017   103]
  [   76   459]]

 [[28529    28]
  [   46    52]]

 [[28523    46]
  [   46    40]]

 [[28543     2]
  [   16    94]]

 [[27656   141]
  [  107   751]]

 [[28586     8]
  [   35    26]]

 [[28418    29]
  [   20   188]]

 [[28641     1]
  [   13     0]]

 [[28582     7]
  [   29    37]]

 [[28482    16]
  [   15   142]]

 [[28563     8]
  [    1    83]]

 [[28593     7]
  [   22    33]]

 [[28479    23]
  [   42   111]]

 [[28597     6]
  [    4    48]]

 [[28503     5]
  [   22   125]]

 [[28554    25]
  [   38    38]]

 [[28637     0]
  [    2    16]]

 [[28392    66]
  [   33   164]]

 [[28154    51]
  [   34   416]]

 [[28642     1]
  [    9     3]]

 [[28610     3]
  [   12    30]]

 [[28640     0]
  [    1    14]]

 [[28446     5]
  [   13   191]]

 [[28577     2]
  [    3    73]]

 [[28355    44]
  [   47   209]]

 [[28634     2]
  [   12     7]]

 [[28632    10]
  [    2    11]]

 [[28577    11]
  [   34    33]]

 [[26805   386]
  [   14  1450]]

 [[28459    49]
  [   14   133]]

 [[28539    18]
  [   12    86]]

 [[28148    52]
  [   37   418]]

 [[28571     2]
  [    5    77]]

 [[28213    32]
  [   17   393]]

 [[28225    24]
  [   51   355]]

 [[28641     2]
  [   11     1]]

 [[28486    20]
  [   16   133]]

 [[27917    36]
  [   42   660]]

 [[28458     1]
  [   12   184]]

 [[28622     1]
  [   10    22]]

 [[28569    17]
  [    7    62]]

 [[28554     8]
  [    9    84]]

 [[28622     0]
  [    6    27]]

 [[28594    11]
  [    4    46]]

 [[28467    34]
  [   18   136]]]

===scores report===
metrics	scores
Accuracy	0.8257
MCC	0.8222
log_loss	0.8574
f1 score weighted	0.8223
f1 score macro	0.7060
f1 score micro	0.8257
roc_auc ovr	0.9920
roc_auc ovo	0.9887
precision	0.8332
recall	0.8257

===Callbacks===

generate_callbacks
[<tensorflow.python.keras.callbacks.EarlyStopping object at 0x7f5d181cd940>, <tensorflow.python.keras.callbacks.ReduceLROnPlateau object at 0x7f5d181cd6a0>, <tensorflow.python.keras.callbacks.ModelCheckpoint object at 0x7f5d181cd970>]
===SCORING TEST SET ===

model_complete_evaluate
{'self': <deep_ml.DeepML object at 0x7f5d181cd5e0>, 'x_test': array([[13, 11,  3, ...,  0,  0,  0],
       [13, 16, 20, ...,  0,  0,  0],
       [13, 19,  3, ...,  0,  0,  0],
       ...,
       [20, 20, 20, ...,  1,  7,  1],
       [17, 12, 15, ...,  3,  9, 11],
       [ 8, 15, 15, ...,  9, 17, 11]], dtype=int8), 'y_test': array([ 56.,  56.,  56., ...,  96.,  46., 108.], dtype=float32), 'model': None}
report

              precision    recall  f1-score   support

         0.0       0.85      0.94      0.89       824
         1.0       0.46      0.43      0.44        14
         2.0       0.77      0.75      0.76        32
         3.0       1.00      0.08      0.15        12
         4.0       0.95      0.79      0.86        52
         5.0       0.76      0.79      0.77       175
         6.0       0.72      0.65      0.68       101
         7.0       0.50      0.45      0.47        98
         8.0       0.44      0.29      0.35        14
         9.0       0.39      0.46      0.42        70
        10.0       0.88      0.76      0.81       104
        11.0       0.62      0.44      0.52        18
        12.0       0.50      0.27      0.35        15
        13.0       0.77      0.64      0.70        42
        14.0       0.88      0.68      0.77        34
        15.0       0.96      0.82      0.88        65
        16.0       0.33      0.15      0.21        13
        17.0       0.73      0.42      0.53        19
        18.0       0.94      0.82      0.87        72
        19.0       0.54      0.43      0.48        30
        20.0       0.97      0.96      0.96        94
        21.0       0.82      0.89      0.85        46
        22.0       0.89      0.64      0.74        25
        23.0       0.93      0.96      0.94       345
        24.0       0.92      0.80      0.86        30
        25.0       0.80      0.20      0.32        20
        26.0       0.75      0.81      0.78       168
        27.0       0.93      0.74      0.83        35
        28.0       1.00      0.89      0.94        61
        29.0       0.95      0.86      0.90        63
        30.0       0.60      0.55      0.57        11
        31.0       0.14      0.08      0.11        12
        32.0       0.71      0.42      0.53        40
        33.0       0.90      0.81      0.85        74
        34.0       0.95      0.96      0.96        57
        35.0       0.92      0.75      0.83        16
        36.0       0.45      0.18      0.26        50
        37.0       0.86      0.95      0.90        20
        38.0       0.81      0.76      0.79        29
        39.0       0.94      0.91      0.92       101
        40.0       0.86      0.50      0.63        12
        41.0       0.93      1.00      0.97        14
        42.0       0.80      0.85      0.83        67
        43.0       0.83      0.89      0.86        76
        44.0       1.00      0.91      0.95        11
        45.0       0.94      0.92      0.93        37
        46.0       0.87      0.92      0.90      1613
        47.0       0.90      0.95      0.93       299
        48.0       0.98      0.97      0.98       243
        49.0       0.93      0.96      0.94       168
        50.0       0.82      0.86      0.84      1024
        51.0       0.81      0.76      0.78       353
        52.0       0.84      0.95      0.89        85
        53.0       0.85      0.80      0.82       606
        54.0       0.94      0.90      0.92       543
        55.0       0.90      0.80      0.85        79
        56.0       0.91      0.90      0.90       954
        57.0       0.83      0.89      0.86       247
        58.0       0.94      0.94      0.94        34
        59.0       0.87      0.89      0.88       876
        60.0       0.96      0.92      0.94        76
        61.0       0.80      0.87      0.83       566
        62.0       0.93      0.54      0.68        24
        63.0       0.88      0.65      0.75        55
        64.0       0.96      0.96      0.96       255
        65.0       1.00      0.77      0.87        13
        66.0       0.95      0.98      0.96       457
        67.0       1.00      0.65      0.79        37
        68.0       0.89      0.88      0.88      1189
        69.0       0.95      0.82      0.88       223
        70.0       0.85      0.58      0.69        19
        71.0       0.96      0.92      0.94       357
        72.0       0.83      0.65      0.73        31
        73.0       0.20      0.08      0.11        13
        74.0       0.88      0.98      0.93       128
        75.0       0.85      0.85      0.85        13
        76.0       0.73      0.84      0.78       461
        77.0       0.98      0.83      0.90       104
        78.0       0.73      0.51      0.60        53
        79.0       0.70      0.51      0.59        83
        80.0       0.53      0.61      0.57        79
        81.0       0.91      0.76      0.83        84
        82.0       0.90      0.86      0.88       334
        83.0       0.67      0.33      0.44        24
        84.0       0.79      0.78      0.78       518
        85.0       0.43      0.17      0.24        88
        86.0       1.00      0.25      0.40        12
        87.0       0.67      0.70      0.68       481
        88.0       0.60      0.64      0.62       126
        89.0       0.96      1.00      0.98        24
        90.0       0.67      0.84      0.74       152
        91.0       0.44      0.20      0.28        20
        92.0       0.58      0.52      0.55        27
        93.0       0.72      0.67      0.69        42
        94.0       0.47      0.58      0.52        33
        95.0       0.55      0.68      0.61       100
        96.0       0.84      0.84      0.84       415
        97.0       0.59      0.62      0.61       118
        98.0       0.91      0.78      0.84       100
        99.0       0.74      0.71      0.72       253
       100.0       0.91      0.97      0.94       116
       101.0       0.86      0.83      0.84       423
       102.0       0.75      0.83      0.79        99
       103.0       0.86      0.73      0.79        60
       104.0       0.76      0.83      0.79       265
       105.0       0.85      0.92      0.88        36
       106.0       0.89      0.87      0.88       495
       107.0       0.93      0.87      0.90        15
       108.0       0.82      0.90      0.86       611
       109.0       0.96      0.94      0.95       207
       110.0       0.86      0.55      0.67        22
       111.0       0.84      0.87      0.86       535
       112.0       0.61      0.68      0.65        98
       113.0       0.78      0.62      0.69        87
       114.0       0.92      0.95      0.94       110
       115.0       0.87      0.88      0.88       858
       116.0       0.59      0.43      0.50        60
       117.0       0.96      0.89      0.93       209
       118.0       0.60      0.25      0.35        12
       119.0       0.79      0.80      0.80        66
       120.0       0.89      0.87      0.88       157
       121.0       0.98      0.98      0.98        84
       122.0       0.60      0.60      0.60        55
       123.0       0.78      0.79      0.78       153
       124.0       0.90      0.88      0.89        51
       125.0       0.91      0.90      0.91       146
       126.0       0.74      0.64      0.69        77
       127.0       1.00      0.83      0.91        18
       128.0       0.91      0.87      0.89       197
       129.0       0.92      0.96      0.94       450
       130.0       0.71      0.45      0.56        11
       131.0       0.74      0.69      0.72        42
       132.0       0.92      0.80      0.86        15
       133.0       0.97      0.97      0.97       204
       134.0       0.97      0.96      0.97        76
       135.0       0.82      0.86      0.84       256
       136.0       0.46      0.30      0.36        20
       137.0       1.00      1.00      1.00        13
       138.0       0.61      0.66      0.63        67
       139.0       0.96      0.98      0.97      1464
       140.0       0.92      0.82      0.87       147
       141.0       0.90      0.88      0.89        98
       142.0       0.92      0.92      0.92       455
       143.0       0.95      0.94      0.94        82
       144.0       0.96      0.95      0.95       410
       145.0       0.96      0.94      0.95       406
       146.0       0.57      0.33      0.42        12
       147.0       0.89      0.92      0.90       148
       148.0       0.93      0.98      0.95       702
       149.0       0.98      0.96      0.97       196
       150.0       0.96      0.78      0.86        32
       151.0       0.91      0.87      0.89        69
       152.0       0.98      0.95      0.96        93
       153.0       0.91      0.97      0.94        33
       154.0       1.00      0.90      0.95        50
       155.0       0.89      0.97      0.93       153

    accuracy                           0.86     28655
   macro avg       0.81      0.74      0.77     28655
weighted avg       0.86      0.86      0.86     28655


===confusion_matrix===

[[774   0   0 ...   0   0   0]
 [  1   6   0 ...   0   0   0]
 [  0   0  24 ...   0   0   0]
 ...
 [  0   0   0 ...  32   0   1]
 [  0   0   0 ...   0  45   3]
 [  0   0   0 ...   1   0 148]]

===multilabel confusion matrix===

[[[27695   136]
  [   50   774]]

 [[28634     7]
  [    8     6]]

 [[28616     7]
  [    8    24]]

 [[28643     0]
  [   11     1]]

 [[28601     2]
  [   11    41]]

 [[28436    44]
  [   37   138]]

 [[28528    26]
  [   35    66]]

 [[28513    44]
  [   54    44]]

 [[28636     5]
  [   10     4]]

 [[28535    50]
  [   38    32]]

 [[28540    11]
  [   25    79]]

 [[28632     5]
  [   10     8]]

 [[28636     4]
  [   11     4]]

 [[28605     8]
  [   15    27]]

 [[28618     3]
  [   11    23]]

 [[28588     2]
  [   12    53]]

 [[28638     4]
  [   11     2]]

 [[28633     3]
  [   11     8]]

 [[28579     4]
  [   13    59]]

 [[28614    11]
  [   17    13]]

 [[28558     3]
  [    4    90]]

 [[28600     9]
  [    5    41]]

 [[28628     2]
  [    9    16]]

 [[28286    24]
  [   15   330]]

 [[28623     2]
  [    6    24]]

 [[28634     1]
  [   16     4]]

 [[28442    45]
  [   32   136]]

 [[28618     2]
  [    9    26]]

 [[28594     0]
  [    7    54]]

 [[28589     3]
  [    9    54]]

 [[28640     4]
  [    5     6]]

 [[28637     6]
  [   11     1]]

 [[28608     7]
  [   23    17]]

 [[28574     7]
  [   14    60]]

 [[28595     3]
  [    2    55]]

 [[28638     1]
  [    4    12]]

 [[28594    11]
  [   41     9]]

 [[28632     3]
  [    1    19]]

 [[28621     5]
  [    7    22]]

 [[28548     6]
  [    9    92]]

 [[28642     1]
  [    6     6]]

 [[28640     1]
  [    0    14]]

 [[28574    14]
  [   10    57]]

 [[28565    14]
  [    8    68]]

 [[28644     0]
  [    1    10]]

 [[28616     2]
  [    3    34]]

 [[26829   213]
  [  128  1485]]

 [[28326    30]
  [   14   285]]

 [[28408     4]
  [    7   236]]

 [[28474    13]
  [    6   162]]

 [[27442   189]
  [  145   879]]

 [[28237    65]
  [   84   269]]

 [[28554    16]
  [    4    81]]

 [[27961    88]
  [  123   483]]

 [[28079    33]
  [   52   491]]

 [[28569     7]
  [   16    63]]

 [[27615    86]
  [   98   856]]

 [[28363    45]
  [   26   221]]

 [[28619     2]
  [    2    32]]

 [[27664   115]
  [   94   782]]

 [[28576     3]
  [    6    70]]

 [[27967   122]
  [   74   492]]

 [[28630     1]
  [   11    13]]

 [[28595     5]
  [   19    36]]

 [[28390    10]
  [   11   244]]

 [[28642     0]
  [    3    10]]

 [[28175    23]
  [   10   447]]

 [[28618     0]
  [   13    24]]

 [[27337   129]
  [  147  1042]]

 [[28423     9]
  [   41   182]]

 [[28634     2]
  [    8    11]]

 [[28285    13]
  [   28   329]]

 [[28620     4]
  [   11    20]]

 [[28638     4]
  [   12     1]]

 [[28510    17]
  [    2   126]]

 [[28640     2]
  [    2    11]]

 [[28053   141]
  [   74   387]]

 [[28549     2]
  [   18    86]]

 [[28592    10]
  [   26    27]]

 [[28554    18]
  [   41    42]]

 [[28534    42]
  [   31    48]]

 [[28565     6]
  [   20    64]]

 [[28289    32]
  [   48   286]]

 [[28627     4]
  [   16     8]]

 [[28027   110]
  [  113   405]]

 [[28547    20]
  [   73    15]]

 [[28643     0]
  [    9     3]]

 [[28006   168]
  [  144   337]]

 [[28475    54]
  [   45    81]]

 [[28630     1]
  [    0    24]]

 [[28441    62]
  [   25   127]]

 [[28630     5]
  [   16     4]]

 [[28618    10]
  [   13    14]]

 [[28602    11]
  [   14    28]]

 [[28601    21]
  [   14    19]]

 [[28500    55]
  [   32    68]]

 [[28174    66]
  [   67   348]]

 [[28487    50]
  [   45    73]]

 [[28547     8]
  [   22    78]]

 [[28339    63]
  [   74   179]]

 [[28528    11]
  [    4   112]]

 [[28175    57]
  [   73   350]]

 [[28529    27]
  [   17    82]]

 [[28588     7]
  [   16    44]]

 [[28319    71]
  [   45   220]]

 [[28613     6]
  [    3    33]]

 [[28106    54]
  [   66   429]]

 [[28639     1]
  [    2    13]]

 [[27921   123]
  [   62   549]]

 [[28439     9]
  [   12   195]]

 [[28631     2]
  [   10    12]]

 [[28033    87]
  [   67   468]]

 [[28515    42]
  [   31    67]]

 [[28553    15]
  [   33    54]]

 [[28536     9]
  [    5   105]]

 [[27685   112]
  [  100   758]]

 [[28577    18]
  [   34    26]]

 [[28439     7]
  [   22   187]]

 [[28641     2]
  [    9     3]]

 [[28575    14]
  [   13    53]]

 [[28481    17]
  [   21   136]]

 [[28569     2]
  [    2    82]]

 [[28578    22]
  [   22    33]]

 [[28467    35]
  [   32   121]]

 [[28599     5]
  [    6    45]]

 [[28496    13]
  [   14   132]]

 [[28561    17]
  [   28    49]]

 [[28637     0]
  [    3    15]]

 [[28440    18]
  [   25   172]]

 [[28170    35]
  [   20   430]]

 [[28642     2]
  [    6     5]]

 [[28603    10]
  [   13    29]]

 [[28639     1]
  [    3    12]]

 [[28445     6]
  [    6   198]]

 [[28577     2]
  [    3    73]]

 [[28350    49]
  [   36   220]]

 [[28628     7]
  [   14     6]]

 [[28642     0]
  [    0    13]]

 [[28560    28]
  [   23    44]]

 [[27129    62]
  [   29  1435]]

 [[28498    10]
  [   27   120]]

 [[28547    10]
  [   12    86]]

 [[28166    34]
  [   37   418]]

 [[28569     4]
  [    5    77]]

 [[28227    18]
  [   21   389]]

 [[28234    15]
  [   25   381]]

 [[28640     3]
  [    8     4]]

 [[28490    17]
  [   12   136]]

 [[27898    55]
  [   17   685]]

 [[28455     4]
  [    8   188]]

 [[28622     1]
  [    7    25]]

 [[28580     6]
  [    9    60]]

 [[28560     2]
  [    5    88]]

 [[28619     3]
  [    1    32]]

 [[28605     0]
  [    5    45]]

 [[28484    18]
  [    5   148]]]

===scores report===
metrics	scores
Accuracy	0.8616
MCC	0.8587
log_loss	0.6866
f1 score weighted	0.8592
f1 score macro	0.7652
f1 score micro	0.8616
roc_auc ovr	0.9945
roc_auc ovo	0.9916
precision	0.8611
recall	0.8616

===Callbacks===

generate_callbacks
[<tensorflow.python.keras.callbacks.EarlyStopping object at 0x7f5d181cd940>, <tensorflow.python.keras.callbacks.ReduceLROnPlateau object at 0x7f5d181cd6a0>, <tensorflow.python.keras.callbacks.ModelCheckpoint object at 0x7f5d181cd970>]
===SCORING TEST SET ===

model_complete_evaluate
{'self': <deep_ml.DeepML object at 0x7f5d181cd5e0>, 'x_test': array([[13, 12, 12, ...,  0,  0,  0],
       [13, 12, 12, ...,  0,  0,  0],
       [13, 12, 17, ...,  0,  0,  0],
       ...,
       [10,  6,  6, ...,  8, 16, 11],
       [13, 15,  3, ...,  0,  0,  0],
       [ 9,  5,  1, ...,  8, 11, 15]], dtype=int8), 'y_test': array([ 56.,  56., 115., ...,  96., 109.,  88.], dtype=float32), 'model': None}
report

              precision    recall  f1-score   support

         0.0       0.72      0.94      0.81       824
         1.0       0.33      0.07      0.12        14
         2.0       0.89      0.78      0.83        32
         3.0       0.00      0.00      0.00        11
         4.0       0.94      0.65      0.77        51
         5.0       0.93      0.55      0.69       176
         6.0       0.55      0.56      0.55       102
         7.0       0.32      0.27      0.29        97
         8.0       1.00      0.21      0.35        14
         9.0       0.53      0.33      0.41        70
        10.0       0.90      0.82      0.86       103
        11.0       0.40      0.11      0.17        18
        12.0       1.00      0.27      0.42        15
        13.0       0.77      0.53      0.63        43
        14.0       0.93      0.41      0.57        34
        15.0       0.92      0.52      0.67        65
        16.0       1.00      0.08      0.14        13
        17.0       1.00      0.21      0.35        19
        18.0       0.98      0.85      0.91        72
        19.0       0.58      0.23      0.33        30
        20.0       1.00      0.95      0.97        94
        21.0       0.88      0.65      0.75        46
        22.0       0.89      0.32      0.47        25
        23.0       0.98      0.88      0.92       345
        24.0       0.72      0.70      0.71        30
        25.0       0.43      0.15      0.22        20
        26.0       0.77      0.68      0.72       168
        27.0       0.65      0.74      0.69        35
        28.0       0.98      0.82      0.89        61
        29.0       0.88      0.78      0.82        63
        30.0       0.50      0.18      0.27        11
        31.0       0.00      0.00      0.00        12
        32.0       0.64      0.17      0.27        40
        33.0       0.88      0.62      0.73        74
        34.0       0.98      0.95      0.96        57
        35.0       1.00      0.93      0.97        15
        36.0       0.50      0.20      0.29        50
        37.0       1.00      0.79      0.88        19
        38.0       1.00      0.55      0.71        29
        39.0       0.87      0.75      0.81       101
        40.0       1.00      0.08      0.14        13
        41.0       1.00      0.86      0.92        14
        42.0       0.84      0.80      0.82        66
        43.0       0.98      0.82      0.89        76
        44.0       1.00      0.91      0.95        11
        45.0       1.00      0.76      0.86        37
        46.0       0.82      0.91      0.86      1612
        47.0       0.98      0.98      0.98       299
        48.0       0.97      0.96      0.97       243
        49.0       0.74      0.94      0.83       168
        50.0       0.49      0.92      0.63      1024
        51.0       0.85      0.65      0.74       353
        52.0       0.39      0.91      0.55        85
        53.0       0.75      0.73      0.74       606
        54.0       0.96      0.88      0.92       543
        55.0       0.91      0.79      0.85        78
        56.0       0.96      0.83      0.89       954
        57.0       0.76      0.91      0.83       247
        58.0       0.91      0.94      0.93        34
        59.0       0.88      0.82      0.85       877
        60.0       0.96      0.86      0.90        76
        61.0       0.89      0.82      0.85       566
        62.0       0.93      0.58      0.72        24
        63.0       0.94      0.55      0.69        55
        64.0       0.95      0.96      0.96       255
        65.0       0.75      0.21      0.33        14
        66.0       0.95      0.92      0.93       457
        67.0       0.94      0.43      0.59        37
        68.0       0.75      0.87      0.80      1189
        69.0       0.94      0.79      0.86       224
        70.0       0.45      0.47      0.46        19
        71.0       0.91      0.91      0.91       357
        72.0       0.94      0.50      0.65        32
        73.0       0.00      0.00      0.00        12
        74.0       0.99      0.93      0.96       127
        75.0       0.55      0.50      0.52        12
        76.0       0.66      0.77      0.71       460
        77.0       0.95      0.82      0.88       103
        78.0       0.28      0.29      0.29        52
        79.0       0.60      0.63      0.61        83
        80.0       0.75      0.30      0.43        80
        81.0       1.00      0.65      0.79        84
        82.0       0.87      0.85      0.86       334
        83.0       0.50      0.09      0.15        23
        84.0       0.89      0.67      0.77       519
        85.0       0.00      0.00      0.00        88
        86.0       0.00      0.00      0.00        12
        87.0       0.59      0.65      0.62       480
        88.0       0.73      0.63      0.68       126
        89.0       0.96      1.00      0.98        25
        90.0       0.85      0.66      0.74       152
        91.0       0.67      0.10      0.17        20
        92.0       0.74      0.61      0.67        28
        93.0       0.90      0.67      0.77        42
        94.0       0.00      0.00      0.00        34
        95.0       0.42      0.29      0.34       100
        96.0       0.95      0.70      0.81       415
        97.0       0.60      0.42      0.49       118
        98.0       1.00      0.72      0.84        99
        99.0       0.92      0.53      0.68       253
       100.0       0.99      0.92      0.96       116
       101.0       0.78      0.74      0.76       423
       102.0       0.81      0.66      0.73        99
       103.0       0.83      0.73      0.78        60
       104.0       0.56      0.82      0.66       265
       105.0       0.76      0.76      0.76        37
       106.0       0.96      0.76      0.85       495
       107.0       1.00      0.73      0.85        15
       108.0       0.91      0.82      0.86       611
       109.0       0.98      0.89      0.93       206
       110.0       0.52      0.64      0.57        22
       111.0       0.60      0.90      0.72       534
       112.0       0.60      0.59      0.60        98
       113.0       0.25      0.67      0.37        87
       114.0       0.86      0.85      0.85       110
       115.0       0.73      0.89      0.81       858
       116.0       0.68      0.28      0.40        61
       117.0       0.99      0.88      0.93       209
       118.0       1.00      0.08      0.14        13
       119.0       0.79      0.75      0.77        65
       120.0       0.99      0.95      0.97       156
       121.0       0.95      0.94      0.95        85
       122.0       0.78      0.57      0.66        56
       123.0       0.91      0.69      0.79       154
       124.0       0.75      0.79      0.77        52
       125.0       0.90      0.84      0.87       146
       126.0       0.63      0.55      0.58        77
       127.0       1.00      0.78      0.88        18
       128.0       0.99      0.70      0.82       198
       129.0       0.95      0.91      0.93       450
       130.0       0.80      0.36      0.50        11
       131.0       0.71      0.70      0.71        43
       132.0       1.00      0.80      0.89        15
       133.0       0.94      0.94      0.94       205
       134.0       0.96      0.95      0.95        77
       135.0       0.84      0.71      0.77       255
       136.0       0.30      0.15      0.20        20
       137.0       0.85      0.92      0.88        12
       138.0       0.79      0.40      0.53        67
       139.0       0.95      0.97      0.96      1464
       140.0       0.97      0.84      0.90       147
       141.0       0.95      0.82      0.88        98
       142.0       0.84      0.90      0.87       455
       143.0       1.00      0.90      0.95        82
       144.0       0.97      0.93      0.95       411
       145.0       0.91      0.92      0.91       405
       146.0       0.25      0.09      0.13        11
       147.0       0.96      0.88      0.92       148
       148.0       0.98      0.90      0.94       702
       149.0       0.99      0.97      0.98       196
       150.0       0.96      0.69      0.80        32
       151.0       0.97      0.81      0.88        69
       152.0       0.79      0.91      0.85        93
       153.0       0.76      0.88      0.82        33
       154.0       0.95      0.84      0.89        50
       155.0       0.89      0.88      0.89       154

    accuracy                           0.81     28655
   macro avg       0.79      0.65      0.69     28655
weighted avg       0.83      0.81      0.81     28655


===confusion_matrix===

[[774   0   0 ...   0   0   0]
 [  2   1   0 ...   0   0   0]
 [  0   0  25 ...   0   0   0]
 ...
 [  0   0   0 ...  29   1   0]
 [  0   0   0 ...   3  42   4]
 [  0   0   0 ...   1   1 135]]

===multilabel confusion matrix===

[[[27527   304]
  [   50   774]]

 [[28639     2]
  [   13     1]]

 [[28620     3]
  [    7    25]]

 [[28644     0]
  [   11     0]]

 [[28602     2]
  [   18    33]]

 [[28472     7]
  [   79    97]]

 [[28506    47]
  [   45    57]]

 [[28502    56]
  [   71    26]]

 [[28641     0]
  [   11     3]]

 [[28565    20]
  [   47    23]]

 [[28543     9]
  [   19    84]]

 [[28634     3]
  [   16     2]]

 [[28640     0]
  [   11     4]]

 [[28605     7]
  [   20    23]]

 [[28620     1]
  [   20    14]]

 [[28587     3]
  [   31    34]]

 [[28642     0]
  [   12     1]]

 [[28636     0]
  [   15     4]]

 [[28582     1]
  [   11    61]]

 [[28620     5]
  [   23     7]]

 [[28561     0]
  [    5    89]]

 [[28605     4]
  [   16    30]]

 [[28629     1]
  [   17     8]]

 [[28304     6]
  [   43   302]]

 [[28617     8]
  [    9    21]]

 [[28631     4]
  [   17     3]]

 [[28452    35]
  [   54   114]]

 [[28606    14]
  [    9    26]]

 [[28593     1]
  [   11    50]]

 [[28585     7]
  [   14    49]]

 [[28642     2]
  [    9     2]]

 [[28643     0]
  [   12     0]]

 [[28611     4]
  [   33     7]]

 [[28575     6]
  [   28    46]]

 [[28597     1]
  [    3    54]]

 [[28640     0]
  [    1    14]]

 [[28595    10]
  [   40    10]]

 [[28636     0]
  [    4    15]]

 [[28626     0]
  [   13    16]]

 [[28543    11]
  [   25    76]]

 [[28642     0]
  [   12     1]]

 [[28641     0]
  [    2    12]]

 [[28579    10]
  [   13    53]]

 [[28578     1]
  [   14    62]]

 [[28644     0]
  [    1    10]]

 [[28618     0]
  [    9    28]]

 [[26716   327]
  [  140  1472]]

 [[28349     7]
  [    7   292]]

 [[28406     6]
  [   10   233]]

 [[28432    55]
  [   10   158]]

 [[26636   995]
  [   85   939]]

 [[28262    40]
  [  124   229]]

 [[28452   118]
  [    8    77]]

 [[27897   152]
  [  161   445]]

 [[28093    19]
  [   67   476]]

 [[28571     6]
  [   16    62]]

 [[27666    35]
  [  163   791]]

 [[28335    73]
  [   21   226]]

 [[28618     3]
  [    2    32]]

 [[27676   102]
  [  160   717]]

 [[28576     3]
  [   11    65]]

 [[28031    58]
  [  101   465]]

 [[28630     1]
  [   10    14]]

 [[28598     2]
  [   25    30]]

 [[28387    13]
  [    9   246]]

 [[28640     1]
  [   11     3]]

 [[28177    21]
  [   38   419]]

 [[28617     1]
  [   21    16]]

 [[27122   344]
  [  160  1029]]

 [[28419    12]
  [   46   178]]

 [[28625    11]
  [   10     9]]

 [[28267    31]
  [   33   324]]

 [[28622     1]
  [   16    16]]

 [[28643     0]
  [   12     0]]

 [[28527     1]
  [    9   118]]

 [[28638     5]
  [    6     6]]

 [[28011   184]
  [  106   354]]

 [[28548     4]
  [   19    84]]

 [[28565    38]
  [   37    15]]

 [[28537    35]
  [   31    52]]

 [[28567     8]
  [   56    24]]

 [[28571     0]
  [   29    55]]

 [[28279    42]
  [   50   284]]

 [[28630     2]
  [   21     2]]

 [[28091    45]
  [  169   350]]

 [[28564     3]
  [   88     0]]

 [[28642     1]
  [   12     0]]

 [[27962   213]
  [  169   311]]

 [[28500    29]
  [   46    80]]

 [[28629     1]
  [    0    25]]

 [[28486    17]
  [   52   100]]

 [[28634     1]
  [   18     2]]

 [[28621     6]
  [   11    17]]

 [[28610     3]
  [   14    28]]

 [[28621     0]
  [   34     0]]

 [[28515    40]
  [   71    29]]

 [[28226    14]
  [  126   289]]

 [[28505    32]
  [   69    49]]

 [[28556     0]
  [   28    71]]

 [[28390    12]
  [  118   135]]

 [[28538     1]
  [    9   107]]

 [[28144    88]
  [  108   315]]

 [[28541    15]
  [   34    65]]

 [[28586     9]
  [   16    44]]

 [[28218   172]
  [   49   216]]

 [[28609     9]
  [    9    28]]

 [[28145    15]
  [  121   374]]

 [[28640     0]
  [    4    11]]

 [[27996    48]
  [  111   500]]

 [[28445     4]
  [   22   184]]

 [[28620    13]
  [    8    14]]

 [[27802   319]
  [   54   480]]

 [[28519    38]
  [   40    58]]

 [[28396   172]
  [   29    58]]

 [[28530    15]
  [   17    93]]

 [[27519   278]
  [   92   766]]

 [[28586     8]
  [   44    17]]

 [[28445     1]
  [   26   183]]

 [[28642     0]
  [   12     1]]

 [[28577    13]
  [   16    49]]

 [[28497     2]
  [    8   148]]

 [[28566     4]
  [    5    80]]

 [[28590     9]
  [   24    32]]

 [[28491    10]
  [   47   107]]

 [[28589    14]
  [   11    41]]

 [[28496    13]
  [   23   123]]

 [[28553    25]
  [   35    42]]

 [[28637     0]
  [    4    14]]

 [[28456     1]
  [   60   138]]

 [[28185    20]
  [   41   409]]

 [[28643     1]
  [    7     4]]

 [[28600    12]
  [   13    30]]

 [[28640     0]
  [    3    12]]

 [[28438    12]
  [   13   192]]

 [[28575     3]
  [    4    73]]

 [[28365    35]
  [   75   180]]

 [[28628     7]
  [   17     3]]

 [[28641     2]
  [    1    11]]

 [[28581     7]
  [   40    27]]

 [[27124    67]
  [   49  1415]]

 [[28504     4]
  [   24   123]]

 [[28553     4]
  [   18    80]]

 [[28125    75]
  [   47   408]]

 [[28573     0]
  [    8    74]]

 [[28232    12]
  [   30   381]]

 [[28214    36]
  [   34   371]]

 [[28641     3]
  [   10     1]]

 [[28502     5]
  [   18   130]]

 [[27941    12]
  [   68   634]]

 [[28458     1]
  [    5   191]]

 [[28622     1]
  [   10    22]]

 [[28584     2]
  [   13    56]]

 [[28539    23]
  [    8    85]]

 [[28613     9]
  [    4    29]]

 [[28603     2]
  [    8    42]]

 [[28485    16]
  [   19   135]]]

===scores report===
metrics	scores
Accuracy	0.8103
MCC	0.8067
log_loss	0.9448
f1 score weighted	0.8089
f1 score macro	0.6852
f1 score micro	0.8103
roc_auc ovr	0.9912
roc_auc ovo	0.9876
precision	0.8310
recall	0.8103

===TRAIN MODELS with CV===

train_model_cv	Accuracy	MCC	log_loss	f1 score weighted	f1 score macro	f1 score micro	roc_auc ovr	roc_auc ovo	precision	recall
0	0.8169318816303741	0.8131836670082515	0.8716832603071449	0.811335932216519	0.6829715814024983	0.8169318816303741	0.9918487198454324	0.9877443571491371	0.8240348124310245	0.8169318816303741
1	0.8314430291397662	0.8279622685182726	0.7994930925200827	0.8283168118412028	0.7198164823427067	0.8314430291397662	0.992444391821907	0.9886447803926081	0.8374369137625792	0.8314430291397662
2	0.8256848717501308	0.8221699059234954	0.8573821393823224	0.8223372713326111	0.706004639186905	0.8256848717501307	0.9919881751287726	0.9886845267783867	0.8332290090769053	0.8256848717501308
3	0.8615948351073112	0.8587102955815367	0.686588081059665	0.8591641601961847	0.7652076616357203	0.8615948351073112	0.9944620622746634	0.9916117379744088	0.8610907101562152	0.8615948351073112
4	0.81032978537777	0.8067287015320156	0.9448310332951669	0.8088909897799851	0.6852454817389436	0.8103297853777699	0.9912231652040095	0.9876288963484027	0.8309669139943087	0.81032978537777
mean	0.8291968806010704	0.8257509677127143	0.8319955213128765	0.8260090330733005	0.7118491692613548	0.8291968806010704	0.992393302854957	0.9888628597285887	0.8373516718842066	0.8291968806010704
std	0.017739246475156012	0.01802118090470845	0.08619881823576077	0.01803550623964675	0.029954754508520764	0.01773924647515604	0.0011056488475206696	0.0014428725856521511	0.012638428952119338	0.017739246475156012

Accuracy
MCC
log_loss
f1 score weighted
f1 score macro
f1 score micro
roc_auc ovr
roc_auc ovo
precision
recallFinished train_model_cv in 67744.0964 secs

