/home/amsequeira/enzymeClassification/models/hot_encoded/64_64_32_500_pre_pre_bilstm_attentio_cv_only_enz_hot_lev4_ec50
self
x_train
y_train
x_test
y_test
number_classes
problem_type
x_dval
y_dval
model
epochs
batch_size
callbacks
reduce_lr
early_stopping
checkpoint
tensorboard
early_stopping_patience
reduce_lr_patience
reduce_lr_factor
reduce_lr_min
path
report_name
verbose
validation_split
shuffle
class_weights
===Callbacks===

generate_callbacks
[<tensorflow.python.keras.callbacks.EarlyStopping object at 0x7fcd50632610>, <tensorflow.python.keras.callbacks.ReduceLROnPlateau object at 0x7fcd50632490>, <tensorflow.python.keras.callbacks.ModelCheckpoint object at 0x7fcd506328e0>]
===SCORING TEST SET ===

model_complete_evaluate
{'self': <deep_ml.DeepML object at 0x7fcd506327c0>, 'x_test': array([[[1, 0, 0, ..., 0, 0, 0],
        [1, 0, 0, ..., 0, 0, 0],
        [1, 0, 0, ..., 0, 0, 0],
        ...,
        [0, 1, 0, ..., 0, 0, 0],
        [0, 0, 0, ..., 0, 0, 1],
        [0, 0, 0, ..., 0, 0, 0]],

       [[1, 0, 0, ..., 0, 0, 0],
        [1, 0, 0, ..., 0, 0, 0],
        [1, 0, 0, ..., 0, 0, 0],
        ...,
        [0, 0, 0, ..., 0, 0, 0],
        [1, 0, 0, ..., 0, 0, 0],
        [0, 0, 0, ..., 0, 0, 0]],

       [[0, 0, 0, ..., 0, 0, 0],
        [0, 0, 0, ..., 0, 0, 0],
        [0, 0, 0, ..., 0, 0, 0],
        ...,
        [0, 0, 0, ..., 0, 0, 0],
        [0, 0, 0, ..., 0, 0, 0],
        [0, 0, 0, ..., 0, 0, 0]],

       ...,

       [[0, 0, 0, ..., 0, 0, 0],
        [0, 0, 0, ..., 0, 0, 0],
        [0, 0, 0, ..., 0, 0, 0],
        ...,
        [0, 0, 0, ..., 0, 0, 0],
        [0, 1, 0, ..., 0, 0, 0],
        [0, 0, 0, ..., 0, 0, 0]],

       [[0, 0, 0, ..., 0, 0, 0],
        [0, 0, 0, ..., 0, 0, 0],
        [0, 0, 0, ..., 0, 0, 0],
        ...,
        [0, 0, 0, ..., 0, 0, 0],
        [1, 0, 0, ..., 0, 0, 0],
        [0, 0, 0, ..., 0, 0, 0]],

       [[1, 0, 0, ..., 0, 0, 0],
        [1, 0, 0, ..., 0, 0, 0],
        [1, 0, 0, ..., 0, 0, 0],
        ...,
        [0, 0, 0, ..., 0, 0, 0],
        [0, 1, 0, ..., 0, 0, 0],
        [0, 0, 0, ..., 1, 0, 0]]], dtype=int8), 'y_test': array([ 84.,  84., 213., ...,  62.,  62.,  62.], dtype=float32), 'model': None}
report

              precision    recall  f1-score   support

         0.0       0.75      0.60      0.67        10
         1.0       1.00      0.96      0.98        25
         2.0       1.00      1.00      1.00        16
         3.0       0.75      0.50      0.60        12
         4.0       0.73      0.73      0.73        15
         5.0       1.00      0.90      0.95        10
         6.0       0.90      0.90      0.90        21
         7.0       0.80      0.70      0.74        23
         8.0       0.64      0.41      0.50        22
         9.0       0.83      0.86      0.85        35
        10.0       0.44      0.64      0.52        11
        11.0       0.94      0.84      0.89        19
        12.0       0.52      0.61      0.56        18
        13.0       0.88      1.00      0.93        14
        14.0       1.00      0.86      0.92        14
        15.0       0.90      0.90      0.90        10
        16.0       1.00      0.75      0.86        16
        17.0       0.86      1.00      0.92        12
        18.0       0.95      0.69      0.80        26
        19.0       0.85      0.88      0.87        26
        20.0       1.00      1.00      1.00        13
        21.0       0.79      0.94      0.86        16
        22.0       0.89      0.94      0.91        17
        23.0       0.65      1.00      0.79        11
        24.0       0.89      0.89      0.89        18
        25.0       0.72      1.00      0.84        18
        26.0       0.75      0.90      0.82        10
        27.0       0.92      0.92      0.92        13
        28.0       0.90      0.95      0.93        20
        29.0       1.00      0.96      0.98        23
        30.0       0.93      0.97      0.95        29
        31.0       1.00      0.89      0.94        18
        32.0       1.00      0.90      0.95        10
        33.0       0.97      1.00      0.98        31
        34.0       0.91      0.91      0.91        32
        35.0       1.00      0.58      0.74        12
        36.0       0.93      0.96      0.95        27
        37.0       1.00      0.60      0.75        15
        38.0       0.80      0.73      0.76        11
        39.0       0.44      0.31      0.36        13
        40.0       0.68      1.00      0.81        15
        41.0       1.00      1.00      1.00        12
        42.0       1.00      0.80      0.89        10
        43.0       0.94      1.00      0.97        17
        44.0       0.96      0.96      0.96        28
        45.0       0.91      0.95      0.93        21
        46.0       0.93      0.88      0.90        16
        47.0       0.70      0.54      0.61        13
        48.0       0.71      0.45      0.56        11
        49.0       0.73      0.92      0.81        12
        50.0       1.00      0.67      0.80        12
        51.0       1.00      1.00      1.00        14
        52.0       0.93      0.96      0.94        26
        53.0       1.00      0.96      0.98        27
        54.0       0.92      1.00      0.96        22
        55.0       0.95      0.90      0.92        20
        56.0       0.96      1.00      0.98        25
        57.0       0.95      0.90      0.93        21
        58.0       1.00      0.73      0.84        11
        59.0       0.50      0.19      0.27        16
        60.0       1.00      0.96      0.98        24
        61.0       0.60      0.64      0.62        14
        62.0       0.83      0.76      0.79       133
        63.0       0.94      1.00      0.97        16
        64.0       0.91      0.91      0.91        11
        65.0       0.75      0.88      0.81        17
        66.0       0.88      1.00      0.93        14
        67.0       0.92      1.00      0.96        11
        68.0       0.75      0.95      0.84        19
        69.0       0.94      1.00      0.97        30
        70.0       0.75      1.00      0.86        18
        71.0       1.00      0.93      0.97        15
        72.0       1.00      0.95      0.98        22
        73.0       0.85      1.00      0.92        11
        74.0       1.00      0.95      0.98        22
        75.0       0.84      0.94      0.89        17
        76.0       1.00      1.00      1.00        15
        77.0       0.95      1.00      0.98        21
        78.0       1.00      0.95      0.98        21
        79.0       0.82      0.90      0.86        10
        80.0       0.78      0.81      0.79        31
        81.0       0.95      0.90      0.93        21
        82.0       0.93      0.96      0.95        27
        83.0       0.91      0.77      0.83        13
        84.0       0.95      0.95      0.95        22
        85.0       1.00      1.00      1.00        12
        86.0       1.00      0.97      0.99        39
        87.0       1.00      0.94      0.97        17
        88.0       1.00      0.89      0.94        27
        89.0       0.75      0.75      0.75        12
        90.0       1.00      1.00      1.00        21
        91.0       0.94      0.97      0.95        30
        92.0       0.92      1.00      0.96        12
        93.0       0.90      0.64      0.75        14
        94.0       1.00      1.00      1.00        28
        95.0       0.92      0.92      0.92        26
        96.0       1.00      1.00      1.00        11
        97.0       1.00      0.83      0.91        30
        98.0       0.93      0.88      0.90        16
        99.0       0.94      0.88      0.91        17
       100.0       0.83      1.00      0.91        24
       101.0       0.87      0.96      0.92        28
       102.0       0.69      0.47      0.56        19
       103.0       0.86      0.80      0.83       291
       104.0       0.52      0.92      0.67        13
       105.0       1.00      0.56      0.72        16
       106.0       0.76      0.77      0.76        44
       107.0       1.00      1.00      1.00        12
       108.0       0.93      0.88      0.90        16
       109.0       1.00      1.00      1.00        19
       110.0       1.00      1.00      1.00        16
       111.0       0.93      0.93      0.93        14
       112.0       0.85      0.96      0.90        23
       113.0       0.89      0.94      0.91        34
       114.0       1.00      0.83      0.91        18
       115.0       1.00      0.95      0.98        21
       116.0       0.94      1.00      0.97        34
       117.0       0.86      0.92      0.89        13
       118.0       0.96      0.96      0.96        28
       119.0       0.96      0.96      0.96        26
       120.0       1.00      1.00      1.00        14
       121.0       0.80      0.73      0.76        11
       122.0       0.07      0.05      0.06        19
       123.0       0.80      0.84      0.82       136
       124.0       1.00      0.75      0.86        20
       125.0       0.81      0.59      0.68        58
       126.0       0.68      1.00      0.81        13
       127.0       0.94      1.00      0.97        17
       128.0       0.94      0.94      0.94        17
       129.0       0.94      1.00      0.97        17
       130.0       0.93      0.84      0.89        32
       131.0       1.00      1.00      1.00        20
       132.0       0.85      1.00      0.92        17
       133.0       1.00      1.00      1.00        15
       134.0       1.00      0.94      0.97        17
       135.0       1.00      1.00      1.00        13
       136.0       0.92      0.85      0.88        13
       137.0       0.92      0.95      0.94        38
       138.0       0.75      0.20      0.32        15
       139.0       0.38      0.74      0.50        19
       140.0       0.90      0.86      0.88        21
       141.0       0.96      1.00      0.98        45
       142.0       0.14      0.09      0.11        11
       143.0       0.89      1.00      0.94        16
       144.0       1.00      0.80      0.89        10
       145.0       0.60      0.33      0.43        18
       146.0       0.92      0.82      0.87        28
       147.0       0.62      0.91      0.74        11
       148.0       0.84      0.70      0.76        23
       149.0       0.96      0.90      0.93        52
       150.0       0.90      0.70      0.79        54
       151.0       0.90      0.56      0.69        16
       152.0       0.71      0.84      0.77        67
       153.0       0.50      0.18      0.27        11
       154.0       0.60      0.68      0.64        40
       155.0       1.00      0.79      0.88        24
       156.0       0.71      0.42      0.53        12
       157.0       0.67      0.44      0.53        18
       158.0       0.78      0.41      0.54        17
       159.0       0.85      0.58      0.69        19
       160.0       0.62      0.53      0.57        15
       161.0       0.33      0.76      0.46        25
       162.0       0.55      0.55      0.55        11
       163.0       0.60      0.19      0.29        16
       164.0       0.77      0.94      0.85        18
       165.0       0.73      0.67      0.70        12
       166.0       0.38      0.46      0.42        48
       167.0       0.91      1.00      0.95        21
       168.0       0.87      0.87      0.87        15
       169.0       0.88      0.82      0.85        17
       170.0       0.92      1.00      0.96        24
       171.0       0.97      0.78      0.86        36
       172.0       0.67      0.57      0.62        14
       173.0       0.80      0.71      0.75        17
       174.0       0.96      0.88      0.92        26
       175.0       0.91      0.91      0.91        11
       176.0       0.50      0.58      0.54        12
       177.0       0.55      0.86      0.67        21
       178.0       0.71      1.00      0.83        15
       179.0       0.42      0.57      0.48        14
       180.0       1.00      0.67      0.80        15
       181.0       0.91      0.87      0.89        23
       182.0       0.97      1.00      0.98        30
       183.0       1.00      1.00      1.00        12
       184.0       0.91      0.91      0.91        22
       185.0       0.90      0.96      0.93        28
       186.0       0.59      0.83      0.69       128
       187.0       0.92      0.82      0.87       119
       188.0       1.00      0.93      0.96        14
       189.0       0.93      0.61      0.74        23
       190.0       0.88      1.00      0.93        14
       191.0       0.73      0.67      0.70        12
       192.0       0.93      0.87      0.90        15
       193.0       0.79      0.92      0.85        12
       194.0       0.88      0.75      0.81        20
       195.0       0.83      0.45      0.59        11
       196.0       0.85      0.85      0.85        13
       197.0       1.00      0.62      0.76        13
       198.0       1.00      1.00      1.00        14
       199.0       0.62      0.53      0.57        15
       200.0       0.87      0.77      0.82        26
       201.0       1.00      0.88      0.94        17
       202.0       0.78      0.93      0.85        15
       203.0       0.96      0.93      0.95        29
       204.0       1.00      0.91      0.95        22
       205.0       0.88      1.00      0.94        15
       206.0       1.00      0.95      0.97        19
       207.0       1.00      0.95      0.97        19
       208.0       1.00      0.94      0.97        17
       209.0       1.00      0.94      0.97        16
       210.0       1.00      1.00      1.00        20
       211.0       0.86      0.92      0.89        13
       212.0       1.00      1.00      1.00        14
       213.0       0.78      0.82      0.80        17
       214.0       0.95      0.86      0.90        22
       215.0       0.93      1.00      0.97        14
       216.0       1.00      1.00      1.00        17
       217.0       1.00      1.00      1.00        10
       218.0       0.82      0.88      0.85       110
       219.0       0.90      0.90      0.90        29
       220.0       1.00      0.95      0.98        21
       221.0       1.00      0.92      0.96        13
       222.0       0.93      1.00      0.96        26
       223.0       0.89      1.00      0.94        16
       224.0       0.69      0.86      0.77        21
       225.0       0.79      0.88      0.83        17
       226.0       1.00      1.00      1.00        12
       227.0       0.71      0.92      0.80        13
       228.0       1.00      0.92      0.96        12
       229.0       0.97      0.94      0.95        31
       230.0       0.96      0.79      0.87        34
       231.0       0.67      0.46      0.55        13
       232.0       0.75      0.52      0.61        29
       233.0       0.79      0.95      0.86        20
       234.0       0.74      0.85      0.79        20
       235.0       0.88      1.00      0.93        21
       236.0       0.85      0.77      0.81        22
       237.0       0.80      1.00      0.89        20
       238.0       1.00      1.00      1.00        27
       239.0       0.88      0.97      0.92        30
       240.0       0.81      0.96      0.88        23
       241.0       1.00      0.62      0.76        13
       242.0       0.78      0.89      0.83        45
       243.0       0.96      1.00      0.98        26
       244.0       0.71      1.00      0.83        12
       245.0       0.73      1.00      0.84        19
       246.0       0.50      0.95      0.66        21
       247.0       0.86      0.57      0.69        21
       248.0       0.47      0.88      0.61        16
       249.0       0.68      0.96      0.79        26
       250.0       0.92      0.63      0.75        19
       251.0       0.91      0.83      0.87        12
       252.0       0.69      0.82      0.75        11
       253.0       0.95      0.95      0.95        22
       254.0       1.00      1.00      1.00        12
       255.0       0.75      0.60      0.67        15
       256.0       0.89      1.00      0.94        24
       257.0       0.91      0.67      0.77        15
       258.0       0.94      0.94      0.94        18
       259.0       0.96      1.00      0.98        26
       260.0       0.84      0.89      0.86        18
       261.0       0.96      0.87      0.92        31
       262.0       0.92      1.00      0.96        11
       263.0       1.00      0.93      0.97        15
       264.0       1.00      1.00      1.00        18
       265.0       1.00      1.00      1.00        11
       266.0       0.79      1.00      0.88        15
       267.0       1.00      0.92      0.96        13
       268.0       1.00      0.95      0.97        20
       269.0       1.00      1.00      1.00        19
       270.0       0.90      0.64      0.75        14
       271.0       0.94      0.89      0.92        38
       272.0       1.00      0.91      0.95        53
       273.0       0.90      0.90      0.90        31
       274.0       0.97      0.94      0.95        32
       275.0       1.00      1.00      1.00        11
       276.0       1.00      1.00      1.00        11
       277.0       1.00      1.00      1.00        12

    accuracy                           0.85      6280
   macro avg       0.86      0.85      0.85      6280
weighted avg       0.86      0.85      0.85      6280


===confusion_matrix===

[[ 6  0  0 ...  0  0  0]
 [ 0 24  0 ...  0  0  0]
 [ 0  0 16 ...  0  0  0]
 ...
 [ 0  0  0 ... 11  0  0]
 [ 0  0  0 ...  0 11  0]
 [ 0  0  0 ...  0  0 12]]

===multilabel confusion matrix===

[[[6268    2]
  [   4    6]]

 [[6255    0]
  [   1   24]]

 [[6264    0]
  [   0   16]]

 ...

 [[6269    0]
  [   0   11]]

 [[6269    0]
  [   0   11]]

 [[6268    0]
  [   0   12]]]

===scores report===
metrics	scores
Accuracy	0.8484
MCC	0.8474
log_loss	0.7079
f1 score weighted	0.8471
f1 score macro	0.8454
f1 score micro	0.8484
roc_auc ovr	0.9963
roc_auc ovo	0.9967
precision	0.8610
recall	0.8484

===Callbacks===

generate_callbacks
[<tensorflow.python.keras.callbacks.EarlyStopping object at 0x7fcd50632610>, <tensorflow.python.keras.callbacks.ReduceLROnPlateau object at 0x7fcd50632490>, <tensorflow.python.keras.callbacks.ModelCheckpoint object at 0x7fcd506328e0>]
===SCORING TEST SET ===

model_complete_evaluate
{'self': <deep_ml.DeepML object at 0x7fcd506327c0>, 'x_test': array([[[1, 0, 0, ..., 0, 0, 0],
        [1, 0, 0, ..., 0, 0, 0],
        [1, 0, 0, ..., 0, 0, 0],
        ...,
        [0, 0, 0, ..., 0, 0, 0],
        [0, 0, 0, ..., 0, 0, 0],
        [0, 0, 0, ..., 0, 0, 0]],

       [[1, 0, 0, ..., 0, 0, 0],
        [1, 0, 0, ..., 0, 0, 0],
        [1, 0, 0, ..., 0, 0, 0],
        ...,
        [0, 0, 0, ..., 0, 0, 0],
        [0, 0, 0, ..., 0, 0, 0],
        [0, 1, 0, ..., 0, 0, 0]],

       [[1, 0, 0, ..., 0, 0, 0],
        [1, 0, 0, ..., 0, 0, 0],
        [1, 0, 0, ..., 0, 0, 0],
        ...,
        [0, 0, 0, ..., 0, 0, 0],
        [0, 0, 0, ..., 1, 0, 0],
        [0, 0, 0, ..., 0, 0, 0]],

       ...,

       [[0, 0, 0, ..., 0, 0, 0],
        [0, 0, 0, ..., 0, 0, 0],
        [0, 0, 0, ..., 0, 0, 0],
        ...,
        [0, 0, 0, ..., 0, 0, 0],
        [0, 1, 0, ..., 0, 0, 0],
        [0, 0, 0, ..., 1, 0, 0]],

       [[0, 0, 0, ..., 0, 0, 0],
        [0, 0, 0, ..., 0, 0, 0],
        [0, 0, 0, ..., 0, 0, 0],
        ...,
        [0, 0, 0, ..., 0, 0, 0],
        [1, 0, 0, ..., 0, 0, 0],
        [0, 0, 0, ..., 0, 0, 0]],

       [[0, 0, 0, ..., 0, 0, 0],
        [0, 0, 0, ..., 0, 0, 1],
        [0, 0, 0, ..., 0, 0, 0],
        ...,
        [0, 0, 0, ..., 0, 0, 0],
        [0, 0, 0, ..., 0, 0, 0],
        [0, 0, 0, ..., 0, 0, 0]]], dtype=int8), 'y_test': array([ 84.,  84.,  84., ..., 186.,  62., 139.], dtype=float32), 'model': None}
report

              precision    recall  f1-score   support

         0.0       0.82      0.82      0.82        11
         1.0       1.00      0.92      0.96        25
         2.0       0.94      0.94      0.94        16
         3.0       0.92      0.92      0.92        13
         4.0       0.93      0.88      0.90        16
         5.0       1.00      0.90      0.95        10
         6.0       0.95      0.95      0.95        21
         7.0       1.00      0.74      0.85        23
         8.0       0.39      0.59      0.47        22
         9.0       0.86      0.88      0.87        34
        10.0       0.50      0.18      0.27        11
        11.0       1.00      0.95      0.97        19
        12.0       0.50      0.65      0.56        17
        13.0       0.76      0.93      0.84        14
        14.0       1.00      0.71      0.83        14
        15.0       1.00      0.80      0.89        10
        16.0       0.89      1.00      0.94        16
        17.0       0.83      0.83      0.83        12
        18.0       0.92      0.92      0.92        26
        19.0       0.72      1.00      0.84        26
        20.0       1.00      0.92      0.96        13
        21.0       0.94      0.94      0.94        16
        22.0       0.94      0.94      0.94        17
        23.0       0.83      0.83      0.83        12
        24.0       0.94      0.84      0.89        19
        25.0       0.90      0.95      0.92        19
        26.0       0.71      1.00      0.83        10
        27.0       0.86      0.92      0.89        13
        28.0       1.00      0.95      0.97        20
        29.0       0.91      0.95      0.93        22
        30.0       0.94      1.00      0.97        29
        31.0       1.00      1.00      1.00        18
        32.0       1.00      0.90      0.95        10
        33.0       1.00      1.00      1.00        30
        34.0       0.97      0.94      0.95        32
        35.0       0.80      0.67      0.73        12
        36.0       1.00      0.89      0.94        27
        37.0       0.90      0.60      0.72        15
        38.0       0.90      0.82      0.86        11
        39.0       0.19      0.46      0.27        13
        40.0       0.93      0.93      0.93        15
        41.0       0.79      0.92      0.85        12
        42.0       0.69      1.00      0.81        11
        43.0       1.00      0.94      0.97        16
        44.0       1.00      0.96      0.98        28
        45.0       1.00      0.95      0.98        21
        46.0       0.84      1.00      0.91        16
        47.0       0.86      0.92      0.89        13
        48.0       0.78      0.64      0.70        11
        49.0       0.86      1.00      0.92        12
        50.0       0.67      0.67      0.67        12
        51.0       0.86      0.86      0.86        14
        52.0       0.81      0.85      0.83        26
        53.0       0.96      0.89      0.92        27
        54.0       1.00      1.00      1.00        22
        55.0       0.95      0.90      0.92        20
        56.0       0.96      1.00      0.98        25
        57.0       1.00      0.90      0.95        21
        58.0       0.91      0.91      0.91        11
        59.0       0.57      0.50      0.53        16
        60.0       0.96      0.96      0.96        25
        61.0       0.50      0.43      0.46        14
        62.0       0.75      0.82      0.78       133
        63.0       0.94      1.00      0.97        16
        64.0       0.91      0.83      0.87        12
        65.0       0.93      0.76      0.84        17
        66.0       0.88      1.00      0.93        14
        67.0       0.91      0.91      0.91        11
        68.0       0.90      1.00      0.95        18
        69.0       0.97      1.00      0.98        30
        70.0       1.00      0.89      0.94        18
        71.0       0.71      0.67      0.69        15
        72.0       1.00      1.00      1.00        21
        73.0       1.00      0.91      0.95        11
        74.0       0.95      1.00      0.98        21
        75.0       0.78      1.00      0.88        18
        76.0       0.94      1.00      0.97        15
        77.0       1.00      0.95      0.98        21
        78.0       0.91      1.00      0.95        21
        79.0       0.83      0.91      0.87        11
        80.0       0.76      0.52      0.62        31
        81.0       1.00      0.81      0.89        21
        82.0       0.93      0.93      0.93        27
        83.0       1.00      0.92      0.96        13
        84.0       0.95      0.86      0.90        22
        85.0       0.79      0.92      0.85        12
        86.0       0.97      0.97      0.97        39
        87.0       0.83      0.88      0.86        17
        88.0       0.87      1.00      0.93        26
        89.0       0.91      0.83      0.87        12
        90.0       0.95      0.95      0.95        21
        91.0       0.94      1.00      0.97        30
        92.0       1.00      0.75      0.86        12
        93.0       0.92      0.79      0.85        14
        94.0       0.81      0.79      0.80        28
        95.0       0.88      0.85      0.86        26
        96.0       1.00      0.82      0.90        11
        97.0       0.80      0.77      0.79        31
        98.0       0.92      0.75      0.83        16
        99.0       1.00      1.00      1.00        17
       100.0       0.95      0.84      0.89        25
       101.0       1.00      0.93      0.96        28
       102.0       1.00      0.68      0.81        19
       103.0       0.84      0.88      0.86       292
       104.0       0.89      0.62      0.73        13
       105.0       0.77      1.00      0.87        17
       106.0       0.90      0.63      0.74        43
       107.0       1.00      0.92      0.96        13
       108.0       1.00      0.94      0.97        16
       109.0       1.00      0.94      0.97        18
       110.0       0.94      0.94      0.94        16
       111.0       1.00      0.92      0.96        13
       112.0       1.00      1.00      1.00        23
       113.0       0.86      0.94      0.90        34
       114.0       0.93      0.78      0.85        18
       115.0       1.00      0.95      0.98        21
       116.0       0.94      1.00      0.97        34
       117.0       1.00      0.92      0.96        12
       118.0       0.93      1.00      0.97        28
       119.0       1.00      0.96      0.98        25
       120.0       0.93      0.93      0.93        14
       121.0       0.89      0.73      0.80        11
       122.0       0.12      0.05      0.07        19
       123.0       0.72      0.86      0.78       136
       124.0       0.87      1.00      0.93        20
       125.0       0.43      0.53      0.48        58
       126.0       1.00      0.79      0.88        14
       127.0       1.00      1.00      1.00        17
       128.0       0.89      1.00      0.94        16
       129.0       0.93      0.78      0.85        18
       130.0       0.94      0.94      0.94        31
       131.0       0.91      1.00      0.95        20
       132.0       0.95      1.00      0.97        18
       133.0       1.00      0.93      0.97        15
       134.0       1.00      0.88      0.93        16
       135.0       0.81      1.00      0.90        13
       136.0       0.89      0.62      0.73        13
       137.0       1.00      0.85      0.92        39
       138.0       0.31      0.64      0.42        14
       139.0       0.53      0.53      0.53        19
       140.0       0.78      0.86      0.82        21
       141.0       0.92      1.00      0.96        46
       142.0       0.12      0.08      0.10        12
       143.0       0.83      0.94      0.88        16
       144.0       0.89      0.80      0.84        10
       145.0       0.18      0.26      0.21        19
       146.0       0.78      0.89      0.83        28
       147.0       0.88      0.58      0.70        12
       148.0       0.88      0.88      0.88        24
       149.0       0.95      1.00      0.97        52
       150.0       0.62      0.79      0.69        53
       151.0       0.73      0.73      0.73        15
       152.0       0.87      0.79      0.83        67
       153.0       0.64      0.64      0.64        11
       154.0       0.80      0.60      0.69        40
       155.0       0.95      0.88      0.91        24
       156.0       0.43      0.25      0.32        12
       157.0       0.45      0.28      0.34        18
       158.0       0.80      0.47      0.59        17
       159.0       0.88      0.78      0.82        18
       160.0       0.33      0.07      0.11        15
       161.0       0.57      0.48      0.52        25
       162.0       0.14      0.40      0.21        10
       163.0       0.89      0.50      0.64        16
       164.0       0.95      1.00      0.97        18
       165.0       0.64      0.69      0.67        13
       166.0       0.64      0.44      0.52        48
       167.0       1.00      1.00      1.00        21
       168.0       0.60      0.80      0.69        15
       169.0       0.94      0.88      0.91        17
       170.0       0.96      0.92      0.94        24
       171.0       0.80      0.92      0.86        36
       172.0       0.91      0.71      0.80        14
       173.0       0.79      0.88      0.83        17
       174.0       0.92      0.85      0.88        26
       175.0       0.62      0.73      0.67        11
       176.0       0.62      0.42      0.50        12
       177.0       0.93      0.62      0.74        21
       178.0       0.94      1.00      0.97        15
       179.0       0.60      0.64      0.62        14
       180.0       0.83      0.67      0.74        15
       181.0       0.79      0.83      0.81        23
       182.0       1.00      0.97      0.98        30
       183.0       0.92      1.00      0.96        12
       184.0       0.91      1.00      0.95        21
       185.0       0.92      0.86      0.89        28
       186.0       0.77      0.70      0.73       128
       187.0       0.98      0.86      0.91       119
       188.0       0.92      0.79      0.85        14
       189.0       0.62      0.91      0.74        23
       190.0       0.93      1.00      0.97        14
       191.0       1.00      0.42      0.59        12
       192.0       1.00      1.00      1.00        15
       193.0       0.90      0.82      0.86        11
       194.0       0.78      0.70      0.74        20
       195.0       0.50      0.45      0.48        11
       196.0       0.90      0.69      0.78        13
       197.0       0.77      0.77      0.77        13
       198.0       1.00      0.92      0.96        13
       199.0       0.33      0.43      0.38        14
       200.0       1.00      0.77      0.87        26
       201.0       0.88      0.88      0.88        16
       202.0       1.00      1.00      1.00        15
       203.0       1.00      0.90      0.95        29
       204.0       1.00      0.86      0.92        21
       205.0       1.00      1.00      1.00        15
       206.0       1.00      0.95      0.97        19
       207.0       1.00      1.00      1.00        20
       208.0       1.00      0.76      0.87        17
       209.0       0.86      0.75      0.80        16
       210.0       1.00      1.00      1.00        20
       211.0       1.00      1.00      1.00        13
       212.0       1.00      0.86      0.92        14
       213.0       0.77      1.00      0.87        17
       214.0       0.87      0.91      0.89        22
       215.0       1.00      1.00      1.00        14
       216.0       1.00      0.88      0.94        17
       217.0       1.00      0.82      0.90        11
       218.0       0.73      0.87      0.80       111
       219.0       1.00      0.93      0.97        30
       220.0       1.00      0.95      0.98        21
       221.0       0.92      0.85      0.88        13
       222.0       1.00      0.92      0.96        26
       223.0       0.80      0.94      0.86        17
       224.0       1.00      0.90      0.95        20
       225.0       0.85      1.00      0.92        17
       226.0       0.80      1.00      0.89        12
       227.0       0.91      0.77      0.83        13
       228.0       0.86      1.00      0.92        12
       229.0       0.83      0.94      0.88        31
       230.0       0.72      0.97      0.82        34
       231.0       1.00      0.33      0.50        12
       232.0       0.76      0.57      0.65        28
       233.0       0.86      0.95      0.90        19
       234.0       1.00      0.85      0.92        20
       235.0       0.86      0.90      0.88        20
       236.0       0.73      0.83      0.78        23
       237.0       0.81      0.85      0.83        20
       238.0       0.93      1.00      0.96        27
       239.0       0.82      0.87      0.84        31
       240.0       1.00      0.91      0.95        23
       241.0       0.67      0.57      0.62        14
       242.0       0.72      0.75      0.73        44
       243.0       1.00      0.92      0.96        26
       244.0       1.00      1.00      1.00        11
       245.0       0.94      0.85      0.89        20
       246.0       0.91      0.91      0.91        22
       247.0       0.73      0.95      0.83        20
       248.0       1.00      0.88      0.93        16
       249.0       0.95      0.81      0.88        26
       250.0       0.89      0.84      0.86        19
       251.0       1.00      0.91      0.95        11
       252.0       0.91      0.91      0.91        11
       253.0       1.00      0.91      0.95        23
       254.0       0.86      1.00      0.92        12
       255.0       0.81      0.81      0.81        16
       256.0       0.96      1.00      0.98        24
       257.0       0.34      0.79      0.48        14
       258.0       0.90      1.00      0.95        18
       259.0       1.00      0.96      0.98        26
       260.0       0.94      0.94      0.94        18
       261.0       0.88      0.97      0.92        31
       262.0       1.00      1.00      1.00        11
       263.0       1.00      1.00      1.00        15
       264.0       1.00      0.84      0.91        19
       265.0       0.91      0.91      0.91        11
       266.0       0.92      0.79      0.85        14
       267.0       0.73      0.62      0.67        13
       268.0       0.73      0.95      0.83        20
       269.0       1.00      1.00      1.00        19
       270.0       0.43      0.21      0.29        14
       271.0       0.90      0.92      0.91        38
       272.0       0.96      0.85      0.90        53
       273.0       0.83      0.94      0.88        31
       274.0       0.97      0.88      0.92        32
       275.0       0.75      0.90      0.82        10
       276.0       0.85      1.00      0.92        11
       277.0       0.91      0.83      0.87        12

    accuracy                           0.84      6279
   macro avg       0.86      0.84      0.84      6279
weighted avg       0.86      0.84      0.84      6279


===confusion_matrix===

[[ 9  0  0 ...  0  0  0]
 [ 0 23  0 ...  0  0  0]
 [ 0  0 15 ...  0  0  0]
 ...
 [ 0  0  0 ...  9  1  0]
 [ 0  0  0 ...  0 11  0]
 [ 0  0  0 ...  2  0 10]]

===multilabel confusion matrix===

[[[6266    2]
  [   2    9]]

 [[6254    0]
  [   2   23]]

 [[6262    1]
  [   1   15]]

 ...

 [[6266    3]
  [   1    9]]

 [[6266    2]
  [   0   11]]

 [[6266    1]
  [   2   10]]]

===scores report===
metrics	scores
Accuracy	0.8447
MCC	0.8436
log_loss	0.7521
f1 score weighted	0.8449
f1 score macro	0.8408
f1 score micro	0.8447
roc_auc ovr	0.9954
roc_auc ovo	0.9959
precision	0.8569
recall	0.8447

===Callbacks===

generate_callbacks
[<tensorflow.python.keras.callbacks.EarlyStopping object at 0x7fcd50632610>, <tensorflow.python.keras.callbacks.ReduceLROnPlateau object at 0x7fcd50632490>, <tensorflow.python.keras.callbacks.ModelCheckpoint object at 0x7fcd506328e0>]
===SCORING TEST SET ===

model_complete_evaluate
{'self': <deep_ml.DeepML object at 0x7fcd506327c0>, 'x_test': array([[[1, 0, 0, ..., 0, 0, 0],
        [1, 0, 0, ..., 0, 0, 0],
        [1, 0, 0, ..., 0, 0, 0],
        ...,
        [0, 0, 0, ..., 0, 0, 0],
        [0, 0, 0, ..., 0, 0, 0],
        [0, 0, 0, ..., 0, 0, 0]],

       [[1, 0, 0, ..., 0, 0, 0],
        [1, 0, 0, ..., 0, 0, 0],
        [1, 0, 0, ..., 0, 0, 0],
        ...,
        [0, 0, 0, ..., 0, 0, 0],
        [0, 0, 0, ..., 0, 0, 0],
        [0, 0, 0, ..., 0, 0, 0]],

       [[1, 0, 0, ..., 0, 0, 0],
        [1, 0, 0, ..., 0, 0, 0],
        [1, 0, 0, ..., 0, 0, 0],
        ...,
        [0, 0, 0, ..., 0, 0, 0],
        [0, 0, 0, ..., 0, 0, 0],
        [0, 0, 0, ..., 0, 0, 1]],

       ...,

       [[0, 0, 0, ..., 0, 0, 0],
        [0, 0, 0, ..., 0, 0, 0],
        [0, 0, 1, ..., 0, 0, 0],
        ...,
        [0, 0, 0, ..., 0, 1, 0],
        [0, 0, 0, ..., 0, 0, 0],
        [0, 0, 0, ..., 0, 0, 0]],

       [[1, 0, 0, ..., 0, 0, 0],
        [1, 0, 0, ..., 0, 0, 0],
        [1, 0, 0, ..., 0, 0, 0],
        ...,
        [0, 0, 0, ..., 0, 1, 0],
        [0, 0, 0, ..., 0, 0, 1],
        [0, 0, 0, ..., 0, 0, 0]],

       [[1, 0, 0, ..., 0, 0, 0],
        [0, 0, 0, ..., 0, 0, 0],
        [0, 0, 0, ..., 0, 0, 0],
        ...,
        [0, 1, 0, ..., 0, 0, 0],
        [0, 0, 0, ..., 0, 0, 0],
        [0, 0, 0, ..., 0, 0, 0]]], dtype=int8), 'y_test': array([84., 84., 84., ..., 62., 62., 62.], dtype=float32), 'model': None}
report

              precision    recall  f1-score   support

         0.0       1.00      1.00      1.00        11
         1.0       1.00      0.96      0.98        25
         2.0       1.00      0.94      0.97        17
         3.0       1.00      0.77      0.87        13
         4.0       0.75      1.00      0.86        15
         5.0       0.82      0.90      0.86        10
         6.0       1.00      0.95      0.98        21
         7.0       0.68      0.74      0.71        23
         8.0       0.33      0.55      0.41        22
         9.0       0.70      0.91      0.79        34
        10.0       0.53      0.90      0.67        10
        11.0       1.00      0.89      0.94        19
        12.0       0.92      0.65      0.76        17
        13.0       0.92      0.86      0.89        14
        14.0       1.00      0.92      0.96        13
        15.0       0.90      0.82      0.86        11
        16.0       0.89      1.00      0.94        16
        17.0       1.00      1.00      1.00        12
        18.0       0.85      0.92      0.88        25
        19.0       0.88      0.88      0.88        26
        20.0       0.85      0.85      0.85        13
        21.0       1.00      1.00      1.00        16
        22.0       0.83      0.88      0.86        17
        23.0       0.83      0.91      0.87        11
        24.0       0.81      0.89      0.85        19
        25.0       0.88      0.78      0.82        18
        26.0       0.91      0.91      0.91        11
        27.0       0.85      0.85      0.85        13
        28.0       1.00      1.00      1.00        21
        29.0       0.96      1.00      0.98        22
        30.0       0.94      1.00      0.97        29
        31.0       1.00      0.94      0.97        18
        32.0       0.80      0.40      0.53        10
        33.0       1.00      0.93      0.97        30
        34.0       0.94      0.91      0.92        32
        35.0       0.91      0.77      0.83        13
        36.0       0.96      0.96      0.96        27
        37.0       1.00      0.53      0.70        15
        38.0       1.00      0.92      0.96        12
        39.0       0.38      0.23      0.29        13
        40.0       0.83      1.00      0.91        15
        41.0       0.85      0.92      0.88        12
        42.0       0.79      1.00      0.88        11
        43.0       0.88      0.94      0.91        16
        44.0       1.00      0.93      0.96        29
        45.0       1.00      0.95      0.98        22
        46.0       0.73      1.00      0.84        16
        47.0       1.00      0.77      0.87        13
        48.0       0.70      0.64      0.67        11
        49.0       0.90      0.75      0.82        12
        50.0       0.90      0.75      0.82        12
        51.0       0.92      0.85      0.88        13
        52.0       0.77      0.88      0.82        26
        53.0       1.00      0.93      0.96        27
        54.0       1.00      0.87      0.93        23
        55.0       0.86      1.00      0.93        19
        56.0       0.96      0.92      0.94        25
        57.0       0.91      0.91      0.91        22
        58.0       1.00      0.73      0.84        11
        59.0       0.75      0.38      0.50        16
        60.0       0.87      0.80      0.83        25
        61.0       0.86      0.80      0.83        15
        62.0       0.85      0.85      0.85       133
        63.0       1.00      1.00      1.00        16
        64.0       1.00      0.92      0.96        12
        65.0       0.77      0.94      0.85        18
        66.0       0.93      0.93      0.93        14
        67.0       0.91      0.91      0.91        11
        68.0       1.00      0.72      0.84        18
        69.0       1.00      1.00      1.00        30
        70.0       0.89      0.94      0.92        18
        71.0       0.92      0.80      0.86        15
        72.0       1.00      1.00      1.00        22
        73.0       1.00      0.82      0.90        11
        74.0       0.95      0.95      0.95        21
        75.0       1.00      0.83      0.91        18
        76.0       0.94      1.00      0.97        15
        77.0       0.95      0.95      0.95        21
        78.0       1.00      0.81      0.89        21
        79.0       0.82      0.82      0.82        11
        80.0       0.81      0.69      0.75        32
        81.0       0.90      0.90      0.90        21
        82.0       0.90      1.00      0.95        26
        83.0       0.87      1.00      0.93        13
        84.0       0.90      0.90      0.90        21
        85.0       0.91      0.83      0.87        12
        86.0       1.00      1.00      1.00        39
        87.0       0.94      0.94      0.94        17
        88.0       0.68      1.00      0.81        27
        89.0       1.00      0.58      0.74        12
        90.0       1.00      0.95      0.97        20
        91.0       0.97      1.00      0.98        30
        92.0       0.92      0.92      0.92        13
        93.0       1.00      0.38      0.56        13
        94.0       0.96      0.96      0.96        27
        95.0       1.00      0.96      0.98        26
        96.0       1.00      0.91      0.95        11
        97.0       0.88      0.94      0.91        31
        98.0       0.80      0.71      0.75        17
        99.0       0.94      0.94      0.94        18
       100.0       0.96      0.92      0.94        25
       101.0       0.84      0.93      0.88        28
       102.0       0.88      0.35      0.50        20
       103.0       0.86      0.85      0.85       292
       104.0       0.71      0.92      0.80        13
       105.0       1.00      0.50      0.67        16
       106.0       0.83      0.58      0.68        43
       107.0       0.93      1.00      0.96        13
       108.0       0.88      0.93      0.90        15
       109.0       0.94      0.89      0.91        18
       110.0       0.79      0.88      0.83        17
       111.0       0.93      1.00      0.97        14
       112.0       0.91      0.91      0.91        23
       113.0       0.94      0.97      0.96        34
       114.0       0.69      1.00      0.82        18
       115.0       1.00      0.86      0.92        21
       116.0       0.92      1.00      0.96        34
       117.0       1.00      0.83      0.91        12
       118.0       1.00      0.96      0.98        28
       119.0       0.96      1.00      0.98        26
       120.0       1.00      1.00      1.00        13
       121.0       1.00      0.55      0.71        11
       122.0       1.00      0.05      0.10        20
       123.0       0.71      0.85      0.78       135
       124.0       0.95      0.95      0.95        19
       125.0       0.49      0.57      0.52        58
       126.0       0.85      0.79      0.81        14
       127.0       1.00      1.00      1.00        18
       128.0       1.00      1.00      1.00        16
       129.0       0.94      0.83      0.88        18
       130.0       0.94      0.94      0.94        32
       131.0       0.86      0.95      0.90        20
       132.0       0.95      1.00      0.97        18
       133.0       1.00      0.93      0.96        14
       134.0       0.94      1.00      0.97        16
       135.0       1.00      1.00      1.00        13
       136.0       1.00      0.38      0.56        13
       137.0       0.83      0.97      0.89        39
       138.0       1.00      0.14      0.25        14
       139.0       0.67      0.53      0.59        19
       140.0       0.81      0.85      0.83        20
       141.0       0.92      0.98      0.95        45
       142.0       0.25      0.25      0.25        12
       143.0       1.00      0.88      0.94        17
       144.0       0.64      0.70      0.67        10
       145.0       0.25      0.37      0.30        19
       146.0       0.69      0.79      0.73        28
       147.0       1.00      0.83      0.91        12
       148.0       0.92      0.92      0.92        24
       149.0       0.94      0.92      0.93        51
       150.0       0.77      0.75      0.76        53
       151.0       0.77      0.62      0.69        16
       152.0       0.93      0.63      0.75        67
       153.0       0.23      0.30      0.26        10
       154.0       0.90      0.68      0.77        40
       155.0       0.88      0.88      0.88        25
       156.0       0.56      0.45      0.50        11
       157.0       0.70      0.39      0.50        18
       158.0       0.64      0.56      0.60        16
       159.0       0.48      0.61      0.54        18
       160.0       0.80      0.27      0.40        15
       161.0       0.40      0.64      0.49        25
       162.0       0.25      0.10      0.14        10
       163.0       0.55      0.40      0.46        15
       164.0       0.94      0.94      0.94        17
       165.0       0.62      0.77      0.69        13
       166.0       0.59      0.48      0.53        48
       167.0       1.00      0.95      0.98        22
       168.0       0.58      1.00      0.73        15
       169.0       1.00      0.88      0.93        16
       170.0       0.83      1.00      0.91        24
       171.0       0.91      0.89      0.90        36
       172.0       0.91      0.71      0.80        14
       173.0       0.78      0.82      0.80        17
       174.0       0.83      1.00      0.91        25
       175.0       1.00      0.75      0.86        12
       176.0       0.47      0.58      0.52        12
       177.0       0.93      0.67      0.78        21
       178.0       0.83      1.00      0.91        15
       179.0       0.80      0.53      0.64        15
       180.0       0.52      0.73      0.61        15
       181.0       0.84      0.73      0.78        22
       182.0       0.86      0.97      0.91        31
       183.0       1.00      0.83      0.91        12
       184.0       1.00      1.00      1.00        21
       185.0       0.97      1.00      0.98        29
       186.0       0.73      0.76      0.74       127
       187.0       0.97      0.84      0.90       119
       188.0       1.00      0.86      0.92        14
       189.0       0.82      0.82      0.82        22
       190.0       1.00      0.86      0.92        14
       191.0       1.00      0.92      0.96        12
       192.0       0.82      0.93      0.87        15
       193.0       0.92      0.92      0.92        12
       194.0       0.79      0.75      0.77        20
       195.0       0.73      0.73      0.73        11
       196.0       0.93      1.00      0.97        14
       197.0       0.62      0.62      0.62        13
       198.0       1.00      1.00      1.00        13
       199.0       0.55      0.40      0.46        15
       200.0       0.85      0.85      0.85        27
       201.0       0.88      0.94      0.91        16
       202.0       0.85      0.79      0.81        14
       203.0       0.83      1.00      0.91        29
       204.0       0.74      0.95      0.83        21
       205.0       1.00      1.00      1.00        16
       206.0       0.95      0.95      0.95        19
       207.0       1.00      1.00      1.00        20
       208.0       0.89      1.00      0.94        17
       209.0       0.93      0.88      0.90        16
       210.0       0.95      1.00      0.98        20
       211.0       1.00      0.71      0.83        14
       212.0       0.81      0.93      0.87        14
       213.0       0.81      0.94      0.87        18
       214.0       0.91      0.91      0.91        22
       215.0       1.00      0.93      0.96        14
       216.0       1.00      0.94      0.97        17
       217.0       0.92      1.00      0.96        11
       218.0       0.73      0.87      0.80       111
       219.0       0.96      0.90      0.93        29
       220.0       0.81      0.81      0.81        21
       221.0       0.76      1.00      0.87        13
       222.0       0.93      0.96      0.94        26
       223.0       1.00      0.88      0.94        17
       224.0       0.87      1.00      0.93        20
       225.0       0.79      0.94      0.86        16
       226.0       0.83      0.91      0.87        11
       227.0       0.67      0.92      0.77        13
       228.0       1.00      1.00      1.00        11
       229.0       0.93      0.93      0.93        30
       230.0       0.94      0.88      0.91        34
       231.0       0.56      0.42      0.48        12
       232.0       0.68      0.59      0.63        29
       233.0       0.83      0.79      0.81        19
       234.0       0.89      0.84      0.86        19
       235.0       0.83      1.00      0.91        20
       236.0       0.75      0.82      0.78        22
       237.0       0.90      0.95      0.93        20
       238.0       0.93      1.00      0.96        27
       239.0       1.00      0.81      0.89        31
       240.0       0.86      0.75      0.80        24
       241.0       0.75      0.64      0.69        14
       242.0       0.53      0.91      0.67        44
       243.0       0.87      0.96      0.91        27
       244.0       1.00      1.00      1.00        11
       245.0       1.00      0.95      0.97        20
       246.0       0.95      0.91      0.93        22
       247.0       0.94      0.75      0.83        20
       248.0       0.92      0.69      0.79        16
       249.0       0.62      0.96      0.76        26
       250.0       0.79      1.00      0.88        19
       251.0       0.92      1.00      0.96        11
       252.0       0.50      0.82      0.62        11
       253.0       1.00      1.00      1.00        22
       254.0       0.92      1.00      0.96        12
       255.0       0.67      0.88      0.76        16
       256.0       0.96      0.96      0.96        24
       257.0       0.62      0.71      0.67        14
       258.0       1.00      0.89      0.94        18
       259.0       0.89      0.96      0.93        26
       260.0       1.00      0.94      0.97        18
       261.0       1.00      0.84      0.91        31
       262.0       1.00      1.00      1.00        10
       263.0       0.79      1.00      0.88        15
       264.0       1.00      0.89      0.94        19
       265.0       1.00      1.00      1.00        10
       266.0       1.00      0.60      0.75        15
       267.0       0.88      0.54      0.67        13
       268.0       0.79      0.95      0.86        20
       269.0       0.95      1.00      0.97        18
       270.0       0.62      0.67      0.65        15
       271.0       0.88      0.97      0.93        38
       272.0       0.94      0.85      0.89        53
       273.0       0.86      0.97      0.91        31
       274.0       0.97      0.91      0.94        32
       275.0       1.00      1.00      1.00        10
       276.0       1.00      1.00      1.00        11
       277.0       1.00      0.91      0.95        11

    accuracy                           0.85      6279
   macro avg       0.87      0.84      0.84      6279
weighted avg       0.86      0.85      0.84      6279


===confusion_matrix===

[[11  0  0 ...  0  0  0]
 [ 0 24  0 ...  0  0  0]
 [ 0  0 16 ...  0  0  0]
 ...
 [ 0  0  0 ... 10  0  0]
 [ 0  0  0 ...  0 11  0]
 [ 0  0  0 ...  0  0 10]]

===multilabel confusion matrix===

[[[6268    0]
  [   0   11]]

 [[6254    0]
  [   1   24]]

 [[6262    0]
  [   1   16]]

 ...

 [[6269    0]
  [   0   10]]

 [[6268    0]
  [   0   11]]

 [[6268    0]
  [   1   10]]]

===scores report===
metrics	scores
Accuracy	0.8468
MCC	0.8457
log_loss	0.7172
f1 score weighted	0.8444
f1 score macro	0.8411
f1 score micro	0.8468
roc_auc ovr	0.9964
roc_auc ovo	0.9968
precision	0.8605
recall	0.8468

===Callbacks===

generate_callbacks
[<tensorflow.python.keras.callbacks.EarlyStopping object at 0x7fcd50632610>, <tensorflow.python.keras.callbacks.ReduceLROnPlateau object at 0x7fcd50632490>, <tensorflow.python.keras.callbacks.ModelCheckpoint object at 0x7fcd506328e0>]
===SCORING TEST SET ===

model_complete_evaluate
{'self': <deep_ml.DeepML object at 0x7fcd506327c0>, 'x_test': array([[[1, 0, 0, ..., 0, 0, 0],
        [1, 0, 0, ..., 0, 0, 0],
        [1, 0, 0, ..., 0, 0, 0],
        ...,
        [0, 0, 0, ..., 0, 0, 0],
        [0, 0, 0, ..., 0, 0, 0],
        [0, 1, 0, ..., 0, 0, 0]],

       [[1, 0, 0, ..., 0, 0, 0],
        [1, 0, 0, ..., 0, 0, 0],
        [1, 0, 0, ..., 0, 0, 0],
        ...,
        [1, 0, 0, ..., 0, 0, 0],
        [0, 0, 0, ..., 0, 0, 0],
        [1, 0, 0, ..., 0, 0, 0]],

       [[1, 0, 0, ..., 0, 0, 0],
        [1, 0, 0, ..., 0, 0, 0],
        [1, 0, 0, ..., 0, 0, 0],
        ...,
        [0, 0, 0, ..., 0, 0, 0],
        [0, 0, 0, ..., 0, 0, 0],
        [0, 0, 0, ..., 0, 0, 1]],

       ...,

       [[0, 0, 0, ..., 0, 0, 0],
        [0, 0, 0, ..., 0, 0, 0],
        [0, 0, 0, ..., 0, 0, 0],
        ...,
        [0, 0, 0, ..., 0, 0, 0],
        [0, 0, 0, ..., 0, 0, 0],
        [0, 0, 0, ..., 0, 0, 0]],

       [[0, 0, 0, ..., 0, 0, 0],
        [0, 0, 0, ..., 0, 0, 0],
        [1, 0, 0, ..., 0, 0, 0],
        ...,
        [0, 0, 0, ..., 0, 0, 0],
        [0, 0, 0, ..., 1, 0, 0],
        [0, 0, 0, ..., 0, 0, 0]],

       [[0, 0, 0, ..., 0, 0, 1],
        [0, 0, 0, ..., 0, 1, 0],
        [0, 0, 0, ..., 0, 0, 0],
        ...,
        [1, 0, 0, ..., 0, 0, 0],
        [0, 0, 0, ..., 0, 1, 0],
        [0, 0, 0, ..., 0, 0, 0]]], dtype=int8), 'y_test': array([ 84.,  84.,  84., ...,  53.,  62., 134.], dtype=float32), 'model': None}
report

              precision    recall  f1-score   support

         0.0       1.00      0.64      0.78        11
         1.0       0.96      0.88      0.92        25
         2.0       0.94      0.88      0.91        17
         3.0       0.91      0.83      0.87        12
         4.0       0.88      0.93      0.90        15
         5.0       1.00      0.82      0.90        11
         6.0       0.88      1.00      0.93        21
         7.0       0.84      0.67      0.74        24
         8.0       0.67      0.67      0.67        21
         9.0       0.92      0.66      0.77        35
        10.0       0.40      0.55      0.46        11
        11.0       1.00      0.89      0.94        19
        12.0       0.58      0.41      0.48        17
        13.0       0.85      0.79      0.81        14
        14.0       1.00      0.64      0.78        14
        15.0       1.00      0.91      0.95        11
        16.0       1.00      1.00      1.00        16
        17.0       0.69      0.75      0.72        12
        18.0       1.00      0.58      0.73        26
        19.0       0.86      0.72      0.78        25
        20.0       1.00      1.00      1.00        13
        21.0       0.56      1.00      0.71        15
        22.0       0.93      0.72      0.81        18
        23.0       0.43      0.91      0.59        11
        24.0       0.86      0.95      0.90        19
        25.0       0.77      0.94      0.85        18
        26.0       0.53      0.90      0.67        10
        27.0       0.75      0.92      0.83        13
        28.0       1.00      0.95      0.98        21
        29.0       0.90      0.82      0.86        22
        30.0       0.82      0.97      0.89        29
        31.0       0.86      1.00      0.92        18
        32.0       0.73      1.00      0.85        11
        33.0       0.81      1.00      0.90        30
        34.0       0.86      1.00      0.93        32
        35.0       0.91      0.83      0.87        12
        36.0       0.81      0.93      0.86        27
        37.0       0.87      0.87      0.87        15
        38.0       0.57      1.00      0.73        12
        39.0       0.21      0.29      0.24        14
        40.0       0.94      0.94      0.94        16
        41.0       1.00      1.00      1.00        12
        42.0       0.75      0.82      0.78        11
        43.0       0.73      1.00      0.84        16
        44.0       0.90      0.97      0.93        29
        45.0       1.00      0.91      0.95        22
        46.0       0.87      0.81      0.84        16
        47.0       1.00      0.64      0.78        14
        48.0       0.83      0.45      0.59        11
        49.0       0.85      1.00      0.92        11
        50.0       0.82      0.75      0.78        12
        51.0       1.00      0.77      0.87        13
        52.0       0.45      0.85      0.59        26
        53.0       0.97      1.00      0.98        28
        54.0       0.96      0.96      0.96        23
        55.0       0.94      0.89      0.92        19
        56.0       0.96      1.00      0.98        25
        57.0       0.79      0.90      0.84        21
        58.0       0.89      0.80      0.84        10
        59.0       0.57      0.25      0.35        16
        60.0       0.87      0.80      0.83        25
        61.0       0.55      0.73      0.63        15
        62.0       0.91      0.78      0.84       133
        63.0       0.63      0.75      0.69        16
        64.0       1.00      0.75      0.86        12
        65.0       0.75      1.00      0.86        18
        66.0       0.67      0.80      0.73        15
        67.0       0.67      0.80      0.73        10
        68.0       0.83      1.00      0.90        19
        69.0       1.00      1.00      1.00        29
        70.0       1.00      0.72      0.84        18
        71.0       1.00      0.80      0.89        15
        72.0       1.00      1.00      1.00        22
        73.0       0.73      1.00      0.85        11
        74.0       0.90      0.90      0.90        21
        75.0       0.75      0.67      0.71        18
        76.0       0.78      0.93      0.85        15
        77.0       0.95      1.00      0.98        20
        78.0       1.00      1.00      1.00        20
        79.0       1.00      0.90      0.95        10
        80.0       0.82      0.72      0.77        32
        81.0       0.95      0.95      0.95        21
        82.0       0.92      0.85      0.88        26
        83.0       0.63      0.92      0.75        13
        84.0       1.00      0.86      0.92        21
        85.0       0.91      0.83      0.87        12
        86.0       0.90      0.92      0.91        39
        87.0       0.92      0.65      0.76        17
        88.0       0.96      1.00      0.98        27
        89.0       1.00      0.83      0.91        12
        90.0       0.95      1.00      0.98        21
        91.0       1.00      0.97      0.98        30
        92.0       1.00      0.92      0.96        12
        93.0       0.83      0.71      0.77        14
        94.0       0.96      0.93      0.94        27
        95.0       0.88      0.88      0.88        25
        96.0       0.83      0.83      0.83        12
        97.0       0.93      0.87      0.90        30
        98.0       1.00      0.62      0.77        16
        99.0       1.00      0.82      0.90        17
       100.0       0.91      0.80      0.85        25
       101.0       1.00      0.89      0.94        28
       102.0       0.83      0.79      0.81        19
       103.0       0.83      0.86      0.85       292
       104.0       0.89      0.62      0.73        13
       105.0       0.94      1.00      0.97        16
       106.0       0.91      0.49      0.64        43
       107.0       0.93      1.00      0.96        13
       108.0       0.94      1.00      0.97        15
       109.0       1.00      0.72      0.84        18
       110.0       0.94      0.94      0.94        17
       111.0       0.93      0.93      0.93        14
       112.0       1.00      0.87      0.93        23
       113.0       0.91      0.86      0.88        35
       114.0       0.88      0.83      0.86        18
       115.0       0.84      1.00      0.91        21
       116.0       1.00      0.94      0.97        34
       117.0       1.00      0.92      0.96        12
       118.0       0.90      1.00      0.95        28
       119.0       1.00      0.96      0.98        26
       120.0       0.86      0.92      0.89        13
       121.0       0.67      0.80      0.73        10
       122.0       0.19      0.20      0.20        20
       123.0       0.68      0.77      0.72       136
       124.0       0.94      0.79      0.86        19
       125.0       0.47      0.66      0.55        59
       126.0       0.87      0.93      0.90        14
       127.0       1.00      1.00      1.00        18
       128.0       0.89      1.00      0.94        17
       129.0       1.00      0.94      0.97        18
       130.0       1.00      0.88      0.93        32
       131.0       0.91      0.95      0.93        21
       132.0       0.93      0.78      0.85        18
       133.0       0.83      1.00      0.91        15
       134.0       0.89      1.00      0.94        16
       135.0       0.87      1.00      0.93        13
       136.0       0.83      0.38      0.53        13
       137.0       0.83      0.89      0.86        38
       138.0       0.55      0.40      0.46        15
       139.0       1.00      0.67      0.80        18
       140.0       0.94      0.80      0.86        20
       141.0       0.95      0.91      0.93        45
       142.0       0.33      0.08      0.13        12
       143.0       0.92      0.75      0.83        16
       144.0       0.67      0.73      0.70        11
       145.0       0.18      0.11      0.13        19
       146.0       0.96      0.89      0.93        28
       147.0       1.00      0.58      0.74        12
       148.0       0.85      0.71      0.77        24
       149.0       0.94      0.88      0.91        51
       150.0       0.78      0.75      0.77        53
       151.0       0.89      0.50      0.64        16
       152.0       1.00      0.63      0.77        68
       153.0       0.42      0.50      0.45        10
       154.0       0.43      0.74      0.55        39
       155.0       0.82      0.58      0.68        24
       156.0       0.42      0.42      0.42        12
       157.0       0.76      0.76      0.76        17
       158.0       0.12      0.38      0.19        16
       159.0       0.61      0.61      0.61        18
       160.0       0.57      0.53      0.55        15
       161.0       0.81      0.52      0.63        25
       162.0       0.67      0.20      0.31        10
       163.0       0.42      0.73      0.54        15
       164.0       0.73      0.94      0.82        17
       165.0       0.67      0.31      0.42        13
       166.0       0.48      0.34      0.40        47
       167.0       0.88      1.00      0.94        22
       168.0       0.86      0.80      0.83        15
       169.0       0.91      0.62      0.74        16
       170.0       0.96      0.96      0.96        24
       171.0       0.72      0.80      0.76        35
       172.0       0.67      0.80      0.73        15
       173.0       0.88      0.82      0.85        17
       174.0       0.74      0.92      0.82        25
       175.0       0.71      0.83      0.77        12
       176.0       0.69      0.75      0.72        12
       177.0       0.89      0.80      0.84        20
       178.0       0.94      1.00      0.97        16
       179.0       1.00      0.67      0.80        15
       180.0       0.83      0.31      0.45        16
       181.0       0.54      0.91      0.68        23
       182.0       1.00      0.97      0.98        31
       183.0       1.00      0.91      0.95        11
       184.0       0.78      0.86      0.82        21
       185.0       0.83      1.00      0.91        29
       186.0       0.67      0.66      0.67       127
       187.0       0.87      0.83      0.85       119
       188.0       0.89      0.62      0.73        13
       189.0       0.71      0.91      0.80        22
       190.0       0.93      0.93      0.93        15
       191.0       0.46      1.00      0.63        12
       192.0       1.00      0.62      0.77        16
       193.0       0.80      0.67      0.73        12
       194.0       0.86      0.86      0.86        21
       195.0       1.00      0.45      0.62        11
       196.0       1.00      0.85      0.92        13
       197.0       0.80      0.62      0.70        13
       198.0       0.93      0.93      0.93        14
       199.0       0.88      0.47      0.61        15
       200.0       0.95      0.81      0.88        26
       201.0       0.92      0.75      0.83        16
       202.0       0.87      0.93      0.90        14
       203.0       0.96      0.96      0.96        28
       204.0       0.89      0.81      0.85        21
       205.0       0.94      1.00      0.97        16
       206.0       0.63      0.94      0.76        18
       207.0       0.95      1.00      0.97        19
       208.0       0.94      1.00      0.97        17
       209.0       0.92      0.75      0.83        16
       210.0       0.95      1.00      0.98        21
       211.0       0.75      0.86      0.80        14
       212.0       0.92      0.86      0.89        14
       213.0       0.85      0.94      0.89        18
       214.0       0.55      0.95      0.70        22
       215.0       0.88      1.00      0.94        15
       216.0       0.88      0.94      0.91        16
       217.0       0.91      0.91      0.91        11
       218.0       0.89      0.83      0.86       110
       219.0       0.96      0.93      0.95        29
       220.0       0.84      1.00      0.91        21
       221.0       1.00      0.69      0.82        13
       222.0       0.96      0.88      0.92        26
       223.0       0.89      0.94      0.91        17
       224.0       1.00      0.75      0.86        20
       225.0       0.93      0.81      0.87        16
       226.0       0.90      0.82      0.86        11
       227.0       0.92      0.79      0.85        14
       228.0       1.00      0.91      0.95        11
       229.0       0.79      1.00      0.88        30
       230.0       0.82      0.82      0.82        34
       231.0       0.54      0.58      0.56        12
       232.0       0.68      0.52      0.59        29
       233.0       0.71      0.89      0.79        19
       234.0       0.94      0.89      0.92        19
       235.0       0.94      0.80      0.86        20
       236.0       0.90      0.82      0.86        22
       237.0       0.66      0.95      0.78        20
       238.0       0.93      1.00      0.97        28
       239.0       0.75      0.97      0.85        31
       240.0       0.95      0.88      0.91        24
       241.0       0.85      0.79      0.81        14
       242.0       0.62      0.75      0.68        44
       243.0       0.96      0.85      0.90        27
       244.0       1.00      0.73      0.84        11
       245.0       0.67      1.00      0.80        20
       246.0       0.56      0.86      0.68        22
       247.0       0.92      0.55      0.69        20
       248.0       0.56      0.94      0.70        16
       249.0       1.00      0.76      0.86        25
       250.0       1.00      0.94      0.97        18
       251.0       0.85      0.92      0.88        12
       252.0       1.00      0.60      0.75        10
       253.0       0.78      0.95      0.86        22
       254.0       0.81      1.00      0.90        13
       255.0       0.57      0.25      0.35        16
       256.0       0.95      0.88      0.91        24
       257.0       0.60      0.60      0.60        15
       258.0       1.00      0.89      0.94        18
       259.0       1.00      0.92      0.96        26
       260.0       0.89      0.89      0.89        18
       261.0       0.90      0.88      0.89        32
       262.0       1.00      1.00      1.00        10
       263.0       1.00      0.93      0.96        14
       264.0       0.95      1.00      0.97        19
       265.0       1.00      0.91      0.95        11
       266.0       1.00      0.87      0.93        15
       267.0       1.00      0.69      0.82        13
       268.0       0.71      0.85      0.77        20
       269.0       1.00      1.00      1.00        18
       270.0       1.00      0.43      0.60        14
       271.0       0.86      0.95      0.90        38
       272.0       0.96      0.94      0.95        53
       273.0       0.97      0.93      0.95        30
       274.0       0.96      0.75      0.84        32
       275.0       1.00      1.00      1.00        10
       276.0       0.80      1.00      0.89        12
       277.0       0.85      1.00      0.92        11

    accuracy                           0.82      6279
   macro avg       0.84      0.82      0.82      6279
weighted avg       0.84      0.82      0.82      6279


===confusion_matrix===

[[ 7  0  0 ...  0  0  0]
 [ 0 22  0 ...  0  0  0]
 [ 0  0 15 ...  0  0  0]
 ...
 [ 0  0  0 ... 10  0  0]
 [ 0  0  0 ...  0 12  0]
 [ 0  0  0 ...  0  0 11]]

===multilabel confusion matrix===

[[[6268    0]
  [   4    7]]

 [[6253    1]
  [   3   22]]

 [[6261    1]
  [   2   15]]

 ...

 [[6269    0]
  [   0   10]]

 [[6264    3]
  [   0   12]]

 [[6266    2]
  [   0   11]]]

===scores report===
metrics	scores
Accuracy	0.8199
MCC	0.8186
log_loss	0.8496
f1 score weighted	0.8204
f1 score macro	0.8160
f1 score micro	0.8199
roc_auc ovr	0.9955
roc_auc ovo	0.9960
precision	0.8417
recall	0.8199

===Callbacks===

generate_callbacks
[<tensorflow.python.keras.callbacks.EarlyStopping object at 0x7fcd50632610>, <tensorflow.python.keras.callbacks.ReduceLROnPlateau object at 0x7fcd50632490>, <tensorflow.python.keras.callbacks.ModelCheckpoint object at 0x7fcd506328e0>]
===SCORING TEST SET ===

model_complete_evaluate
{'self': <deep_ml.DeepML object at 0x7fcd506327c0>, 'x_test': array([[[1, 0, 0, ..., 0, 0, 0],
        [1, 0, 0, ..., 0, 0, 0],
        [1, 0, 0, ..., 0, 0, 0],
        ...,
        [0, 0, 0, ..., 0, 0, 0],
        [1, 0, 0, ..., 0, 0, 0],
        [0, 0, 0, ..., 0, 0, 0]],

       [[1, 0, 0, ..., 0, 0, 0],
        [1, 0, 0, ..., 0, 0, 0],
        [1, 0, 0, ..., 0, 0, 0],
        ...,
        [1, 0, 0, ..., 0, 0, 0],
        [0, 0, 0, ..., 0, 0, 0],
        [1, 0, 0, ..., 0, 0, 0]],

       [[1, 0, 0, ..., 0, 0, 0],
        [1, 0, 0, ..., 0, 0, 0],
        [1, 0, 0, ..., 0, 0, 0],
        ...,
        [0, 0, 0, ..., 0, 0, 0],
        [0, 0, 0, ..., 0, 0, 0],
        [0, 0, 1, ..., 0, 0, 0]],

       ...,

       [[1, 0, 0, ..., 0, 0, 0],
        [0, 0, 0, ..., 0, 0, 0],
        [1, 0, 0, ..., 0, 0, 0],
        ...,
        [0, 0, 0, ..., 0, 0, 0],
        [0, 0, 0, ..., 0, 0, 0],
        [0, 0, 0, ..., 0, 0, 0]],

       [[1, 0, 0, ..., 0, 0, 0],
        [1, 0, 0, ..., 0, 0, 0],
        [1, 0, 0, ..., 0, 0, 0],
        ...,
        [0, 0, 0, ..., 0, 0, 0],
        [0, 0, 0, ..., 0, 0, 0],
        [0, 0, 0, ..., 0, 0, 0]],

       [[1, 0, 0, ..., 0, 0, 0],
        [1, 0, 0, ..., 0, 0, 0],
        [1, 0, 0, ..., 0, 0, 0],
        ...,
        [0, 0, 0, ..., 0, 1, 0],
        [0, 0, 0, ..., 0, 0, 0],
        [0, 0, 0, ..., 0, 0, 0]]], dtype=int8), 'y_test': array([ 84.,  84.,  84., ..., 103.,  80.,  62.], dtype=float32), 'model': None}
report

              precision    recall  f1-score   support

         0.0       1.00      0.90      0.95        10
         1.0       0.96      0.92      0.94        25
         2.0       0.94      0.94      0.94        17
         3.0       0.83      0.83      0.83        12
         4.0       0.92      0.73      0.81        15
         5.0       1.00      0.90      0.95        10
         6.0       0.95      0.95      0.95        22
         7.0       0.68      0.83      0.75        23
         8.0       0.55      0.57      0.56        21
         9.0       0.88      0.80      0.84        35
        10.0       0.71      0.45      0.56        11
        11.0       0.95      1.00      0.97        19
        12.0       0.81      0.72      0.76        18
        13.0       1.00      0.80      0.89        15
        14.0       0.92      0.79      0.85        14
        15.0       1.00      1.00      1.00        10
        16.0       0.94      1.00      0.97        16
        17.0       1.00      0.91      0.95        11
        18.0       0.92      0.88      0.90        26
        19.0       0.79      0.92      0.85        25
        20.0       0.92      1.00      0.96        12
        21.0       0.76      0.87      0.81        15
        22.0       1.00      1.00      1.00        17
        23.0       0.64      0.64      0.64        11
        24.0       0.72      0.95      0.82        19
        25.0       0.80      0.89      0.84        18
        26.0       0.77      1.00      0.87        10
        27.0       0.93      1.00      0.97        14
        28.0       1.00      0.95      0.98        21
        29.0       0.92      0.96      0.94        23
        30.0       1.00      0.97      0.98        29
        31.0       0.94      1.00      0.97        17
        32.0       0.85      1.00      0.92        11
        33.0       0.96      0.87      0.91        30
        34.0       0.93      0.78      0.85        32
        35.0       0.79      0.92      0.85        12
        36.0       0.87      0.96      0.91        27
        37.0       0.67      0.67      0.67        15
        38.0       0.71      0.91      0.80        11
        39.0       0.18      0.15      0.17        13
        40.0       0.93      0.88      0.90        16
        41.0       0.86      1.00      0.92        12
        42.0       0.75      0.82      0.78        11
        43.0       1.00      1.00      1.00        16
        44.0       0.90      0.96      0.93        28
        45.0       1.00      1.00      1.00        22
        46.0       0.88      0.94      0.91        16
        47.0       1.00      0.85      0.92        13
        48.0       0.56      0.83      0.67        12
        49.0       0.91      0.91      0.91        11
        50.0       1.00      0.58      0.74        12
        51.0       0.93      1.00      0.96        13
        52.0       0.89      0.96      0.93        26
        53.0       1.00      0.93      0.96        27
        54.0       0.95      0.87      0.91        23
        55.0       0.90      1.00      0.95        19
        56.0       0.93      1.00      0.96        25
        57.0       0.93      0.67      0.78        21
        58.0       1.00      0.80      0.89        10
        59.0       0.31      0.31      0.31        16
        60.0       0.86      0.79      0.83        24
        61.0       0.60      0.80      0.69        15
        62.0       0.92      0.81      0.86       133
        63.0       0.93      0.87      0.90        15
        64.0       0.48      0.83      0.61        12
        65.0       1.00      0.94      0.97        17
        66.0       0.67      1.00      0.80        14
        67.0       1.00      0.82      0.90        11
        68.0       0.64      0.95      0.77        19
        69.0       1.00      0.97      0.98        29
        70.0       0.95      0.95      0.95        19
        71.0       0.92      0.73      0.81        15
        72.0       1.00      1.00      1.00        22
        73.0       1.00      1.00      1.00        11
        74.0       1.00      1.00      1.00        22
        75.0       1.00      0.82      0.90        17
        76.0       1.00      0.87      0.93        15
        77.0       0.95      0.90      0.92        20
        78.0       0.91      1.00      0.95        21
        79.0       1.00      0.60      0.75        10
        80.0       0.69      0.71      0.70        31
        81.0       0.89      0.81      0.85        21
        82.0       0.89      0.96      0.93        26
        83.0       1.00      1.00      1.00        13
        84.0       0.95      0.95      0.95        21
        85.0       0.91      0.83      0.87        12
        86.0       0.97      1.00      0.99        39
        87.0       0.93      0.76      0.84        17
        88.0       0.77      1.00      0.87        27
        89.0       1.00      0.92      0.96        12
        90.0       1.00      0.90      0.95        21
        91.0       0.91      1.00      0.95        30
        92.0       0.92      1.00      0.96        12
        93.0       0.78      0.50      0.61        14
        94.0       1.00      0.93      0.96        27
        95.0       0.96      0.96      0.96        25
        96.0       0.79      1.00      0.88        11
        97.0       0.85      0.77      0.81        30
        98.0       0.88      0.88      0.88        16
        99.0       0.89      1.00      0.94        17
       100.0       0.88      0.88      0.88        25
       101.0       0.96      0.93      0.95        28
       102.0       0.89      0.42      0.57        19
       103.0       0.94      0.79      0.86       291
       104.0       0.82      0.69      0.75        13
       105.0       0.84      1.00      0.91        16
       106.0       1.00      0.52      0.69        44
       107.0       0.93      1.00      0.96        13
       108.0       1.00      0.94      0.97        16
       109.0       0.83      1.00      0.90        19
       110.0       0.88      0.94      0.91        16
       111.0       0.93      1.00      0.97        14
       112.0       1.00      1.00      1.00        23
       113.0       0.91      0.85      0.88        34
       114.0       0.76      0.84      0.80        19
       115.0       0.95      1.00      0.98        21
       116.0       0.97      0.97      0.97        34
       117.0       1.00      0.83      0.91        12
       118.0       0.97      1.00      0.98        29
       119.0       0.96      0.96      0.96        26
       120.0       0.92      0.92      0.92        13
       121.0       0.83      1.00      0.91        10
       122.0       0.27      0.16      0.20        19
       123.0       0.76      0.85      0.80       136
       124.0       0.89      0.84      0.86        19
       125.0       0.39      0.45      0.42        58
       126.0       0.81      0.93      0.87        14
       127.0       1.00      0.94      0.97        18
       128.0       0.94      1.00      0.97        17
       129.0       0.95      1.00      0.97        18
       130.0       0.85      0.88      0.86        32
       131.0       0.90      0.95      0.93        20
       132.0       0.77      1.00      0.87        17
       133.0       0.94      1.00      0.97        15
       134.0       1.00      0.88      0.94        17
       135.0       0.86      0.92      0.89        13
       136.0       0.56      0.38      0.45        13
       137.0       0.94      0.87      0.90        38
       138.0       0.75      0.20      0.32        15
       139.0       0.55      0.89      0.68        19
       140.0       0.79      0.90      0.84        21
       141.0       0.97      0.87      0.92        45
       142.0       0.33      0.33      0.33        12
       143.0       0.87      0.81      0.84        16
       144.0       0.65      1.00      0.79        11
       145.0       0.18      0.33      0.24        18
       146.0       0.90      0.93      0.91        28
       147.0       0.85      1.00      0.92        11
       148.0       1.00      0.87      0.93        23
       149.0       0.91      0.94      0.92        52
       150.0       0.78      0.85      0.81        54
       151.0       0.92      0.69      0.79        16
       152.0       0.89      0.72      0.80        68
       153.0       0.62      0.73      0.67        11
       154.0       0.81      0.65      0.72        40
       155.0       0.96      0.92      0.94        24
       156.0       1.00      0.08      0.15        12
       157.0       0.46      0.61      0.52        18
       158.0       0.54      0.44      0.48        16
       159.0       0.47      0.89      0.62        18
       160.0       0.25      0.47      0.33        15
       161.0       0.46      0.44      0.45        25
       162.0       0.23      0.50      0.31        10
       163.0       0.47      0.56      0.51        16
       164.0       0.93      0.72      0.81        18
       165.0       0.69      0.75      0.72        12
       166.0       0.43      0.57      0.49        47
       167.0       1.00      1.00      1.00        21
       168.0       0.81      0.87      0.84        15
       169.0       1.00      1.00      1.00        17
       170.0       0.89      1.00      0.94        24
       171.0       0.89      0.94      0.92        36
       172.0       0.77      0.71      0.74        14
       173.0       0.92      0.69      0.79        16
       174.0       0.84      0.84      0.84        25
       175.0       1.00      0.75      0.86        12
       176.0       0.42      0.67      0.52        12
       177.0       1.00      0.70      0.82        20
       178.0       0.93      0.93      0.93        15
       179.0       0.82      0.64      0.72        14
       180.0       0.64      0.44      0.52        16
       181.0       1.00      0.70      0.82        23
       182.0       0.97      0.97      0.97        31
       183.0       1.00      1.00      1.00        12
       184.0       0.88      0.95      0.91        22
       185.0       0.90      0.93      0.92        29
       186.0       0.74      0.57      0.64       127
       187.0       0.96      0.86      0.91       119
       188.0       1.00      0.93      0.96        14
       189.0       0.75      0.82      0.78        22
       190.0       0.76      0.87      0.81        15
       191.0       0.57      0.67      0.62        12
       192.0       0.93      0.87      0.90        15
       193.0       0.75      0.75      0.75        12
       194.0       0.92      0.57      0.71        21
       195.0       0.53      0.90      0.67        10
       196.0       0.92      0.92      0.92        13
       197.0       1.00      0.64      0.78        14
       198.0       1.00      0.79      0.88        14
       199.0       0.55      0.40      0.46        15
       200.0       1.00      0.92      0.96        26
       201.0       0.88      0.88      0.88        16
       202.0       0.87      0.87      0.87        15
       203.0       0.96      0.90      0.93        29
       204.0       0.83      0.86      0.84        22
       205.0       0.94      1.00      0.97        15
       206.0       1.00      1.00      1.00        19
       207.0       0.95      1.00      0.97        19
       208.0       0.94      0.94      0.94        17
       209.0       0.83      0.94      0.88        16
       210.0       1.00      0.90      0.95        20
       211.0       0.82      1.00      0.90        14
       212.0       1.00      0.86      0.92        14
       213.0       0.82      1.00      0.90        18
       214.0       0.86      0.86      0.86        22
       215.0       1.00      1.00      1.00        14
       216.0       1.00      0.88      0.94        17
       217.0       1.00      0.90      0.95        10
       218.0       0.93      0.81      0.86       110
       219.0       0.93      0.97      0.95        29
       220.0       0.87      0.95      0.91        21
       221.0       0.80      0.86      0.83        14
       222.0       0.89      0.92      0.91        26
       223.0       1.00      0.94      0.97        16
       224.0       1.00      0.76      0.86        21
       225.0       0.89      0.94      0.91        17
       226.0       0.85      0.92      0.88        12
       227.0       0.92      0.92      0.92        13
       228.0       0.83      0.91      0.87        11
       229.0       0.84      0.87      0.85        30
       230.0       0.91      0.88      0.90        34
       231.0       0.25      0.77      0.38        13
       232.0       0.90      0.62      0.73        29
       233.0       0.82      0.95      0.88        19
       234.0       0.95      0.95      0.95        19
       235.0       0.88      1.00      0.93        21
       236.0       0.76      0.73      0.74        22
       237.0       0.39      1.00      0.56        20
       238.0       0.89      0.89      0.89        27
       239.0       0.65      0.93      0.77        30
       240.0       0.57      1.00      0.73        23
       241.0       0.62      0.71      0.67        14
       242.0       0.97      0.69      0.81        45
       243.0       0.90      1.00      0.95        27
       244.0       1.00      0.83      0.91        12
       245.0       0.64      0.90      0.75        20
       246.0       0.78      0.95      0.86        22
       247.0       0.89      0.80      0.84        20
       248.0       0.83      0.94      0.88        16
       249.0       0.89      0.96      0.92        25
       250.0       1.00      0.83      0.91        18
       251.0       1.00      0.92      0.96        12
       252.0       0.78      0.70      0.74        10
       253.0       0.95      0.95      0.95        22
       254.0       1.00      1.00      1.00        13
       255.0       0.82      0.56      0.67        16
       256.0       0.86      1.00      0.92        24
       257.0       0.76      0.87      0.81        15
       258.0       1.00      1.00      1.00        18
       259.0       0.96      0.96      0.96        26
       260.0       0.86      1.00      0.93        19
       261.0       0.87      0.87      0.87        31
       262.0       0.83      0.91      0.87        11
       263.0       0.94      1.00      0.97        15
       264.0       1.00      0.94      0.97        18
       265.0       0.82      0.82      0.82        11
       266.0       0.90      0.60      0.72        15
       267.0       0.80      0.62      0.70        13
       268.0       0.90      0.86      0.88        21
       269.0       0.95      1.00      0.97        19
       270.0       0.57      0.57      0.57        14
       271.0       0.89      0.87      0.88        38
       272.0       0.91      0.96      0.94        53
       273.0       0.92      0.73      0.81        30
       274.0       0.96      0.84      0.90        32
       275.0       1.00      0.80      0.89        10
       276.0       0.92      1.00      0.96        12
       277.0       0.77      0.91      0.83        11

    accuracy                           0.84      6279
   macro avg       0.85      0.84      0.84      6279
weighted avg       0.86      0.84      0.84      6279


===confusion_matrix===

[[ 9  0  0 ...  0  0  0]
 [ 0 23  0 ...  0  0  0]
 [ 0  0 16 ...  0  0  0]
 ...
 [ 0  0  0 ...  8  1  0]
 [ 0  0  0 ...  0 12  0]
 [ 0  0  0 ...  0  0 10]]

===multilabel confusion matrix===

[[[6269    0]
  [   1    9]]

 [[6253    1]
  [   2   23]]

 [[6261    1]
  [   1   16]]

 ...

 [[6269    0]
  [   2    8]]

 [[6266    1]
  [   0   12]]

 [[6265    3]
  [   1   10]]]

===scores report===
metrics	scores
Accuracy	0.8387
MCC	0.8377
log_loss	0.8195
f1 score weighted	0.8408
f1 score macro	0.8370
f1 score micro	0.8387
roc_auc ovr	0.9955
roc_auc ovo	0.9960
precision	0.8594
recall	0.8387

===TRAIN MODELS with CV===

train_model_cv	Accuracy	MCC	log_loss	f1 score weighted	f1 score macro	f1 score micro	roc_auc ovr	roc_auc ovo	precision	recall
0	0.8484076433121019	0.8473840929830239	0.7079217014653695	0.8471262061128851	0.8454035224928648	0.8484076433121019	0.9962696398134568	0.9967364606326122	0.8609659998040489	0.8484076433121019
1	0.84472049689441	0.8436086330031697	0.752117687474765	0.8448605280704288	0.8408381151164082	0.84472049689441	0.9954354495471729	0.9958925771724162	0.8569386000478596	0.84472049689441
2	0.8467908902691511	0.845717412402304	0.7172188687950297	0.8443643764594678	0.8411119840915053	0.8467908902691511	0.9964329647199061	0.9968296088629871	0.8604776446310668	0.8467908902691511
3	0.8198757763975155	0.8186385884286769	0.8495932370474653	0.820411344264864	0.8160345371579341	0.8198757763975155	0.9955023796362744	0.9959734310329587	0.8416775269304982	0.8198757763975155
4	0.8386685777990126	0.8376634813738283	0.8195040422718559	0.8407908139065509	0.836997955981103	0.8386685777990126	0.9954573603607807	0.9960430623409944	0.859431770324807	0.8386685777990126
mean	0.8396926769344383	0.8386024416382005	0.7692711074108971	0.8395106537628394	0.836077222967963	0.8396926769344383	0.9958195588155181	0.9962950280083938	0.855898308347656	0.8396926769344383
std	0.010443874482090084	0.010509417135581352	0.05611134862823495	0.009763184419154036	0.010368720077323569	0.010443874482090084	0.0004377602061933206	0.0004023723249325731	0.0072449983019159305	0.010443874482090084

Accuracy
MCC
log_loss
f1 score weighted
f1 score macro
f1 score micro
roc_auc ovr
roc_auc ovo
precision
recallFinished train_model_cv in 15040.2667 secs

