/home/amsequeira/enzymeClassification/models/z_scales/64_64_32_500_post_pre_lstm_attentio_cv_only_enz_z_lev4_ec50
self
x_train
y_train
x_test
y_test
number_classes
problem_type
x_dval
y_dval
model
epochs
batch_size
callbacks
reduce_lr
early_stopping
checkpoint
tensorboard
early_stopping_patience
reduce_lr_patience
reduce_lr_factor
reduce_lr_min
path
report_name
verbose
validation_split
shuffle
class_weights/home/amsequeira/enzymeClassification/models/z_scales/64_64_32_500_post_pre_lstm_attentio_cv_only_enz_z_lev4_ec50
self
x_train
y_train
x_test
y_test
number_classes
problem_type
x_dval
y_dval
model
epochs
batch_size
callbacks
reduce_lr
early_stopping
checkpoint
tensorboard
early_stopping_patience
reduce_lr_patience
reduce_lr_factor
reduce_lr_min
path
report_name
verbose
validation_split
shuffle
class_weights
===Callbacks===

generate_callbacks
[<tensorflow.python.keras.callbacks.EarlyStopping object at 0x7f60605f1ca0>, <tensorflow.python.keras.callbacks.ReduceLROnPlateau object at 0x7f60605f1dc0>, <tensorflow.python.keras.callbacks.ModelCheckpoint object at 0x7f60605f1e20>]
===SCORING TEST SET ===

model_complete_evaluate
{'self': <deep_ml.DeepML object at 0x7f60605f1c10>, 'x_test': array([[[-2,  0,  0,  1,  0],
        [ 0, -2, -1, -1,  0],
        [ 2,  0, -2,  1,  0],
        ...,
        [ 0,  0,  0,  0,  0],
        [ 0,  0,  0,  0,  0],
        [ 0,  0,  0,  0,  0]],

       [[-2,  0,  0,  1,  0],
        [ 0, -2,  0,  0,  1],
        [ 0, -2,  0,  0,  1],
        ...,
        [ 0,  0,  0,  0,  0],
        [ 0,  0,  0,  0,  0],
        [ 0,  0,  0,  0,  0]],

       [[ 2, -1,  1, -1,  0],
        [ 2, -1,  1, -1,  0],
        [ 2, -1,  1, -1,  0],
        ...,
        [-1,  0,  1,  0,  2],
        [ 2, -1,  1, -1,  0],
        [-4, -1, -1,  0,  0]],

       ...,

       [[ 0, -2, -1, -1,  0],
        [ 0, -2, -1, -1,  0],
        [ 3,  0,  1, -2,  0],
        ...,
        [-4, -1, -1,  0,  0],
        [ 3,  2, -3,  1,  0],
        [-1,  0,  1,  0,  2]],

       [[ 1,  0, -1, -1,  0],
        [ 2, -4,  0,  0,  0],
        [ 3,  0,  1, -2,  0],
        ...,
        [ 0, -2, -1, -1,  0],
        [ 0, -2,  0,  0,  1],
        [-1,  0,  1,  0,  2]],

       [[-2,  0,  0,  1,  0],
        [ 3,  0,  0,  0,  0],
        [ 2,  0, -2,  1,  0],
        ...,
        [ 0,  0,  0,  0,  0],
        [ 0,  0,  0,  0,  0],
        [ 0,  0,  0,  0,  0]]], dtype=int8), 'y_test': array([ 84.,  84., 213., ...,  62.,  62.,  62.], dtype=float32), 'model': None}
report

              precision    recall  f1-score   support

         0.0       0.54      0.70      0.61        10
         1.0       1.00      1.00      1.00        25
         2.0       0.94      1.00      0.97        16
         3.0       0.64      0.75      0.69        12
         4.0       0.80      0.53      0.64        15
         5.0       1.00      0.60      0.75        10
         6.0       0.83      0.95      0.89        21
         7.0       0.86      0.83      0.84        23
         8.0       0.43      0.55      0.48        22
         9.0       0.87      0.74      0.80        35
        10.0       0.64      0.64      0.64        11
        11.0       1.00      0.89      0.94        19
        12.0       0.67      0.56      0.61        18
        13.0       0.76      0.93      0.84        14
        14.0       0.92      0.86      0.89        14
        15.0       0.91      1.00      0.95        10
        16.0       0.94      1.00      0.97        16
        17.0       0.71      1.00      0.83        12
        18.0       0.75      0.92      0.83        26
        19.0       1.00      0.81      0.89        26
        20.0       0.76      1.00      0.87        13
        21.0       1.00      0.75      0.86        16
        22.0       0.89      1.00      0.94        17
        23.0       1.00      0.82      0.90        11
        24.0       0.78      0.78      0.78        18
        25.0       0.95      1.00      0.97        18
        26.0       1.00      0.80      0.89        10
        27.0       0.80      0.92      0.86        13
        28.0       0.83      0.95      0.88        20
        29.0       0.91      0.87      0.89        23
        30.0       0.82      0.97      0.89        29
        31.0       0.89      0.94      0.92        18
        32.0       0.43      0.90      0.58        10
        33.0       0.85      0.90      0.88        31
        34.0       0.97      0.97      0.97        32
        35.0       0.75      0.75      0.75        12
        36.0       1.00      0.89      0.94        27
        37.0       1.00      0.60      0.75        15
        38.0       1.00      0.64      0.78        11
        39.0       0.20      0.08      0.11        13
        40.0       1.00      1.00      1.00        15
        41.0       1.00      0.92      0.96        12
        42.0       0.78      0.70      0.74        10
        43.0       0.94      1.00      0.97        17
        44.0       0.96      0.93      0.95        28
        45.0       1.00      0.90      0.95        21
        46.0       0.83      0.94      0.88        16
        47.0       0.80      0.62      0.70        13
        48.0       0.89      0.73      0.80        11
        49.0       0.80      1.00      0.89        12
        50.0       0.71      0.83      0.77        12
        51.0       0.88      1.00      0.93        14
        52.0       0.92      0.85      0.88        26
        53.0       0.92      0.89      0.91        27
        54.0       0.88      1.00      0.94        22
        55.0       0.86      0.90      0.88        20
        56.0       0.96      1.00      0.98        25
        57.0       0.95      0.90      0.93        21
        58.0       0.54      0.64      0.58        11
        59.0       0.60      0.19      0.29        16
        60.0       1.00      0.92      0.96        24
        61.0       0.88      0.50      0.64        14
        62.0       0.75      0.74      0.74       133
        63.0       1.00      1.00      1.00        16
        64.0       0.69      0.82      0.75        11
        65.0       0.88      0.82      0.85        17
        66.0       0.93      0.93      0.93        14
        67.0       0.71      0.91      0.80        11
        68.0       0.93      0.74      0.82        19
        69.0       0.91      1.00      0.95        30
        70.0       0.79      0.83      0.81        18
        71.0       0.77      0.67      0.71        15
        72.0       1.00      0.95      0.98        22
        73.0       0.92      1.00      0.96        11
        74.0       1.00      1.00      1.00        22
        75.0       0.79      0.88      0.83        17
        76.0       0.73      0.73      0.73        15
        77.0       0.86      0.90      0.88        21
        78.0       1.00      0.86      0.92        21
        79.0       0.75      0.90      0.82        10
        80.0       0.61      0.61      0.61        31
        81.0       0.77      0.95      0.85        21
        82.0       0.82      1.00      0.90        27
        83.0       0.90      0.69      0.78        13
        84.0       0.94      0.77      0.85        22
        85.0       1.00      1.00      1.00        12
        86.0       1.00      0.97      0.99        39
        87.0       0.84      0.94      0.89        17
        88.0       0.88      0.85      0.87        27
        89.0       0.77      0.83      0.80        12
        90.0       0.87      0.95      0.91        21
        91.0       0.97      0.97      0.97        30
        92.0       0.92      1.00      0.96        12
        93.0       0.89      0.57      0.70        14
        94.0       0.84      0.96      0.90        28
        95.0       0.85      0.85      0.85        26
        96.0       0.58      1.00      0.73        11
        97.0       0.78      0.83      0.81        30
        98.0       0.71      0.94      0.81        16
        99.0       0.65      0.88      0.75        17
       100.0       0.82      0.96      0.88        24
       101.0       0.77      0.96      0.86        28
       102.0       1.00      0.37      0.54        19
       103.0       0.78      0.86      0.82       291
       104.0       0.91      0.77      0.83        13
       105.0       0.93      0.88      0.90        16
       106.0       0.75      0.91      0.82        44
       107.0       1.00      0.92      0.96        12
       108.0       0.65      0.94      0.77        16
       109.0       1.00      1.00      1.00        19
       110.0       0.80      1.00      0.89        16
       111.0       0.78      1.00      0.88        14
       112.0       0.81      0.91      0.86        23
       113.0       0.94      0.88      0.91        34
       114.0       0.85      0.94      0.89        18
       115.0       0.95      1.00      0.98        21
       116.0       0.97      0.91      0.94        34
       117.0       0.80      0.92      0.86        13
       118.0       1.00      0.86      0.92        28
       119.0       0.89      0.96      0.93        26
       120.0       0.83      0.71      0.77        14
       121.0       0.64      0.82      0.72        11
       122.0       0.11      0.05      0.07        19
       123.0       0.75      0.70      0.72       136
       124.0       0.76      0.95      0.84        20
       125.0       0.46      0.40      0.43        58
       126.0       1.00      1.00      1.00        13
       127.0       0.74      1.00      0.85        17
       128.0       0.89      1.00      0.94        17
       129.0       0.93      0.82      0.87        17
       130.0       0.81      0.78      0.79        32
       131.0       1.00      0.95      0.97        20
       132.0       0.89      0.94      0.91        17
       133.0       1.00      1.00      1.00        15
       134.0       0.94      0.88      0.91        17
       135.0       0.86      0.92      0.89        13
       136.0       0.80      0.92      0.86        13
       137.0       0.89      0.84      0.86        38
       138.0       0.17      0.13      0.15        15
       139.0       0.67      0.63      0.65        19
       140.0       0.74      0.67      0.70        21
       141.0       0.69      0.89      0.78        45
       142.0       0.50      0.09      0.15        11
       143.0       0.89      1.00      0.94        16
       144.0       0.75      0.60      0.67        10
       145.0       0.23      0.17      0.19        18
       146.0       0.81      0.79      0.80        28
       147.0       0.82      0.82      0.82        11
       148.0       0.74      0.74      0.74        23
       149.0       0.92      0.87      0.89        52
       150.0       0.66      0.74      0.70        54
       151.0       0.44      0.69      0.54        16
       152.0       0.79      0.73      0.76        67
       153.0       0.67      0.18      0.29        11
       154.0       0.81      0.62      0.70        40
       155.0       0.90      0.79      0.84        24
       156.0       0.50      0.17      0.25        12
       157.0       0.82      0.50      0.62        18
       158.0       0.41      0.41      0.41        17
       159.0       0.79      0.79      0.79        19
       160.0       0.50      0.20      0.29        15
       161.0       0.46      0.64      0.53        25
       162.0       1.00      0.36      0.53        11
       163.0       0.64      0.44      0.52        16
       164.0       0.94      0.83      0.88        18
       165.0       0.71      0.42      0.53        12
       166.0       0.54      0.29      0.38        48
       167.0       0.95      0.95      0.95        21
       168.0       0.55      0.73      0.63        15
       169.0       0.84      0.94      0.89        17
       170.0       0.96      0.96      0.96        24
       171.0       0.71      0.89      0.79        36
       172.0       0.73      0.79      0.76        14
       173.0       0.71      0.59      0.65        17
       174.0       0.96      0.85      0.90        26
       175.0       0.88      0.64      0.74        11
       176.0       0.30      0.25      0.27        12
       177.0       0.86      0.86      0.86        21
       178.0       0.94      1.00      0.97        15
       179.0       0.50      0.43      0.46        14
       180.0       0.64      0.47      0.54        15
       181.0       0.86      0.83      0.84        23
       182.0       0.97      0.97      0.97        30
       183.0       0.85      0.92      0.88        12
       184.0       1.00      0.95      0.98        22
       185.0       0.97      1.00      0.98        28
       186.0       0.55      0.68      0.61       128
       187.0       0.77      0.89      0.83       119
       188.0       0.92      0.86      0.89        14
       189.0       0.64      0.70      0.67        23
       190.0       0.93      0.93      0.93        14
       191.0       1.00      0.50      0.67        12
       192.0       0.67      0.80      0.73        15
       193.0       0.73      0.67      0.70        12
       194.0       0.71      0.60      0.65        20
       195.0       0.70      0.64      0.67        11
       196.0       0.73      0.62      0.67        13
       197.0       1.00      0.31      0.47        13
       198.0       0.87      0.93      0.90        14
       199.0       0.89      0.53      0.67        15
       200.0       0.75      0.81      0.78        26
       201.0       0.93      0.82      0.87        17
       202.0       1.00      0.80      0.89        15
       203.0       0.90      0.97      0.93        29
       204.0       0.91      0.91      0.91        22
       205.0       1.00      0.93      0.97        15
       206.0       0.94      0.79      0.86        19
       207.0       1.00      0.95      0.97        19
       208.0       0.94      0.88      0.91        17
       209.0       0.94      0.94      0.94        16
       210.0       0.91      1.00      0.95        20
       211.0       0.86      0.92      0.89        13
       212.0       0.93      1.00      0.97        14
       213.0       0.88      0.82      0.85        17
       214.0       0.73      0.73      0.73        22
       215.0       0.93      1.00      0.97        14
       216.0       0.94      0.94      0.94        17
       217.0       0.77      1.00      0.87        10
       218.0       0.90      0.83      0.86       110
       219.0       0.90      0.93      0.92        29
       220.0       0.91      0.95      0.93        21
       221.0       0.85      0.85      0.85        13
       222.0       0.93      1.00      0.96        26
       223.0       0.65      0.81      0.72        16
       224.0       0.70      0.76      0.73        21
       225.0       0.88      0.88      0.88        17
       226.0       0.44      0.92      0.59        12
       227.0       0.67      0.77      0.71        13
       228.0       0.83      0.83      0.83        12
       229.0       0.96      0.87      0.92        31
       230.0       0.96      0.74      0.83        34
       231.0       0.71      0.38      0.50        13
       232.0       0.51      0.72      0.60        29
       233.0       0.80      0.80      0.80        20
       234.0       1.00      0.95      0.97        20
       235.0       1.00      0.95      0.98        21
       236.0       0.90      0.41      0.56        22
       237.0       0.94      0.80      0.86        20
       238.0       1.00      1.00      1.00        27
       239.0       0.93      0.90      0.92        30
       240.0       0.92      1.00      0.96        23
       241.0       0.82      0.69      0.75        13
       242.0       0.86      0.67      0.75        45
       243.0       1.00      0.88      0.94        26
       244.0       0.91      0.83      0.87        12
       245.0       1.00      0.89      0.94        19
       246.0       0.78      0.86      0.82        21
       247.0       0.57      0.76      0.65        21
       248.0       1.00      0.69      0.81        16
       249.0       0.86      0.96      0.91        26
       250.0       0.86      0.63      0.73        19
       251.0       0.71      0.83      0.77        12
       252.0       0.62      0.45      0.53        11
       253.0       0.88      0.95      0.91        22
       254.0       0.92      1.00      0.96        12
       255.0       0.91      0.67      0.77        15
       256.0       0.77      0.96      0.85        24
       257.0       0.82      0.60      0.69        15
       258.0       0.94      0.94      0.94        18
       259.0       0.84      1.00      0.91        26
       260.0       0.81      0.94      0.87        18
       261.0       0.93      0.87      0.90        31
       262.0       0.92      1.00      0.96        11
       263.0       0.93      0.93      0.93        15
       264.0       0.95      1.00      0.97        18
       265.0       1.00      1.00      1.00        11
       266.0       1.00      0.87      0.93        15
       267.0       0.67      0.46      0.55        13
       268.0       0.77      1.00      0.87        20
       269.0       0.90      1.00      0.95        19
       270.0       0.80      0.29      0.42        14
       271.0       0.83      0.92      0.88        38
       272.0       0.85      0.94      0.89        53
       273.0       0.80      0.77      0.79        31
       274.0       0.82      0.88      0.85        32
       275.0       1.00      1.00      1.00        11
       276.0       0.73      1.00      0.85        11
       277.0       0.77      0.83      0.80        12

    accuracy                           0.81      6280
   macro avg       0.82      0.81      0.80      6280
weighted avg       0.82      0.81      0.81      6280


===confusion_matrix===

[[ 7  0  0 ...  0  0  0]
 [ 0 25  0 ...  0  0  0]
 [ 0  0 16 ...  0  0  0]
 ...
 [ 0  0  0 ... 11  0  0]
 [ 0  0  0 ...  0 11  0]
 [ 0  0  0 ...  0  0 10]]

===multilabel confusion matrix===

[[[6264    6]
  [   3    7]]

 [[6255    0]
  [   0   25]]

 [[6263    1]
  [   0   16]]

 ...

 [[6269    0]
  [   0   11]]

 [[6265    4]
  [   0   11]]

 [[6265    3]
  [   2   10]]]

===scores report===
metrics	scores
Accuracy	0.8126
MCC	0.8112
log_loss	0.8498
f1 score weighted	0.8069
f1 score macro	0.8032
f1 score micro	0.8126
roc_auc ovr	0.9949
roc_auc ovo	0.9955
precision	0.8177
recall	0.8126

===Callbacks===

generate_callbacks
[<tensorflow.python.keras.callbacks.EarlyStopping object at 0x7f60605f1ca0>, <tensorflow.python.keras.callbacks.ReduceLROnPlateau object at 0x7f60605f1dc0>, <tensorflow.python.keras.callbacks.ModelCheckpoint object at 0x7f60605f1e20>]
===SCORING TEST SET ===

model_complete_evaluate
{'self': <deep_ml.DeepML object at 0x7f60605f1c10>, 'x_test': array([[[-2,  0,  0,  1,  0],
        [ 1,  0, -1, -1,  0],
        [ 0, -2,  0,  0,  1],
        ...,
        [ 0,  0,  0,  0,  0],
        [ 0,  0,  0,  0,  0],
        [ 0,  0,  0,  0,  0]],

       [[-2,  0,  0,  1,  0],
        [ 2,  0, -2,  1,  0],
        [ 3,  1,  1, -1,  1],
        ...,
        [ 0,  0,  0,  0,  0],
        [ 0,  0,  0,  0,  0],
        [ 0,  0,  0,  0,  0]],

       [[-2,  0,  0,  1,  0],
        [ 1,  0, -1, -1,  0],
        [ 0, -2, -1, -1,  0],
        ...,
        [ 0,  0,  0,  0,  0],
        [ 0,  0,  0,  0,  0],
        [ 0,  0,  0,  0,  0]],

       ...,

       [[ 2,  0, -2,  1,  0],
        [ 0, -2, -1, -1,  0],
        [-4, -1, -1,  0,  0],
        ...,
        [ 0, -1,  3,  0, -2],
        [ 3,  2, -3,  1,  0],
        [-4,  3,  0,  3, -1]],

       [[-1,  0,  1,  0,  2],
        [ 3,  0,  0,  0,  0],
        [-1,  0,  1,  0,  2],
        ...,
        [ 2, -1,  1, -1,  0],
        [ 0, -2,  0,  0,  1],
        [-1,  0,  1,  0,  2]],

       [[ 2,  0, -2,  1,  0],
        [-2, -2, -1,  0,  0],
        [-4,  1,  1,  0,  0],
        ...,
        [ 2,  1,  0,  3,  0],
        [-1,  0,  1,  0,  2],
        [-4, -1, -1,  0,  0]]], dtype=int8), 'y_test': array([ 84.,  84.,  84., ..., 186.,  62., 139.], dtype=float32), 'model': None}
report

              precision    recall  f1-score   support

         0.0       0.67      0.91      0.77        11
         1.0       0.96      0.88      0.92        25
         2.0       0.93      0.88      0.90        16
         3.0       0.71      0.77      0.74        13
         4.0       0.85      0.69      0.76        16
         5.0       1.00      0.60      0.75        10
         6.0       0.87      0.95      0.91        21
         7.0       0.81      0.74      0.77        23
         8.0       0.35      0.59      0.44        22
         9.0       0.79      0.56      0.66        34
        10.0       0.33      0.27      0.30        11
        11.0       1.00      0.89      0.94        19
        12.0       0.82      0.53      0.64        17
        13.0       0.87      0.93      0.90        14
        14.0       0.91      0.71      0.80        14
        15.0       1.00      0.70      0.82        10
        16.0       1.00      0.88      0.93        16
        17.0       1.00      1.00      1.00        12
        18.0       0.61      0.88      0.72        26
        19.0       1.00      0.85      0.92        26
        20.0       0.93      1.00      0.96        13
        21.0       1.00      0.94      0.97        16
        22.0       1.00      0.94      0.97        17
        23.0       1.00      0.58      0.74        12
        24.0       0.86      0.95      0.90        19
        25.0       0.95      1.00      0.97        19
        26.0       1.00      1.00      1.00        10
        27.0       0.71      0.92      0.80        13
        28.0       1.00      0.95      0.97        20
        29.0       0.96      1.00      0.98        22
        30.0       0.84      0.93      0.89        29
        31.0       0.75      1.00      0.86        18
        32.0       0.46      0.60      0.52        10
        33.0       0.86      1.00      0.92        30
        34.0       0.97      0.97      0.97        32
        35.0       0.82      0.75      0.78        12
        36.0       0.96      0.89      0.92        27
        37.0       0.93      0.87      0.90        15
        38.0       0.91      0.91      0.91        11
        39.0       0.25      0.08      0.12        13
        40.0       0.75      0.80      0.77        15
        41.0       1.00      0.75      0.86        12
        42.0       0.80      0.36      0.50        11
        43.0       0.93      0.88      0.90        16
        44.0       1.00      0.96      0.98        28
        45.0       0.82      0.86      0.84        21
        46.0       0.75      0.94      0.83        16
        47.0       0.88      0.54      0.67        13
        48.0       1.00      0.64      0.78        11
        49.0       0.71      1.00      0.83        12
        50.0       0.86      0.50      0.63        12
        51.0       0.86      0.86      0.86        14
        52.0       1.00      0.77      0.87        26
        53.0       0.96      0.93      0.94        27
        54.0       1.00      1.00      1.00        22
        55.0       0.71      1.00      0.83        20
        56.0       0.89      1.00      0.94        25
        57.0       1.00      0.95      0.98        21
        58.0       0.52      1.00      0.69        11
        59.0       0.67      0.25      0.36        16
        60.0       0.92      0.96      0.94        25
        61.0       1.00      0.64      0.78        14
        62.0       0.85      0.78      0.81       133
        63.0       1.00      0.88      0.93        16
        64.0       1.00      1.00      1.00        12
        65.0       0.54      0.76      0.63        17
        66.0       0.92      0.86      0.89        14
        67.0       1.00      0.82      0.90        11
        68.0       1.00      0.78      0.88        18
        69.0       0.79      1.00      0.88        30
        70.0       0.82      0.78      0.80        18
        71.0       0.54      0.87      0.67        15
        72.0       1.00      0.90      0.95        21
        73.0       1.00      0.45      0.62        11
        74.0       0.88      1.00      0.93        21
        75.0       0.85      0.94      0.89        18
        76.0       1.00      0.93      0.97        15
        77.0       0.95      0.90      0.93        21
        78.0       1.00      0.81      0.89        21
        79.0       0.91      0.91      0.91        11
        80.0       0.76      0.42      0.54        31
        81.0       0.94      0.76      0.84        21
        82.0       0.73      0.81      0.77        27
        83.0       1.00      0.85      0.92        13
        84.0       0.90      0.86      0.88        22
        85.0       0.60      1.00      0.75        12
        86.0       0.91      1.00      0.95        39
        87.0       0.84      0.94      0.89        17
        88.0       0.92      0.85      0.88        26
        89.0       0.67      0.67      0.67        12
        90.0       0.66      0.90      0.76        21
        91.0       1.00      0.97      0.98        30
        92.0       0.90      0.75      0.82        12
        93.0       0.64      0.64      0.64        14
        94.0       0.86      0.89      0.88        28
        95.0       0.91      0.81      0.86        26
        96.0       0.82      0.82      0.82        11
        97.0       0.68      0.90      0.78        31
        98.0       1.00      0.62      0.77        16
        99.0       0.68      1.00      0.81        17
       100.0       0.62      0.92      0.74        25
       101.0       0.96      0.86      0.91        28
       102.0       0.90      0.47      0.62        19
       103.0       0.81      0.86      0.83       292
       104.0       0.91      0.77      0.83        13
       105.0       0.94      1.00      0.97        17
       106.0       0.73      0.70      0.71        43
       107.0       0.87      1.00      0.93        13
       108.0       0.62      0.94      0.75        16
       109.0       0.89      0.89      0.89        18
       110.0       0.88      0.88      0.88        16
       111.0       0.93      1.00      0.96        13
       112.0       0.96      0.96      0.96        23
       113.0       0.85      0.85      0.85        34
       114.0       1.00      0.61      0.76        18
       115.0       0.81      1.00      0.89        21
       116.0       0.94      1.00      0.97        34
       117.0       0.62      0.83      0.71        12
       118.0       1.00      0.96      0.98        28
       119.0       0.86      0.96      0.91        25
       120.0       0.92      0.79      0.85        14
       121.0       1.00      0.36      0.53        11
       122.0       0.00      0.00      0.00        19
       123.0       0.70      0.79      0.74       136
       124.0       0.74      0.85      0.79        20
       125.0       0.35      0.29      0.32        58
       126.0       0.70      0.50      0.58        14
       127.0       1.00      1.00      1.00        17
       128.0       1.00      1.00      1.00        16
       129.0       1.00      0.83      0.91        18
       130.0       1.00      0.90      0.95        31
       131.0       0.91      1.00      0.95        20
       132.0       0.86      1.00      0.92        18
       133.0       1.00      1.00      1.00        15
       134.0       1.00      0.94      0.97        16
       135.0       0.92      0.92      0.92        13
       136.0       0.28      0.38      0.32        13
       137.0       0.76      0.95      0.84        39
       138.0       0.38      0.21      0.27        14
       139.0       0.61      0.58      0.59        19
       140.0       0.70      0.90      0.79        21
       141.0       0.94      0.96      0.95        46
       142.0       0.50      0.08      0.14        12
       143.0       0.94      0.94      0.94        16
       144.0       1.00      0.80      0.89        10
       145.0       0.33      0.11      0.16        19
       146.0       0.63      0.68      0.66        28
       147.0       1.00      0.33      0.50        12
       148.0       0.73      0.92      0.81        24
       149.0       0.93      1.00      0.96        52
       150.0       0.60      0.77      0.68        53
       151.0       0.48      0.73      0.58        15
       152.0       0.81      0.76      0.78        67
       153.0       0.33      0.36      0.35        11
       154.0       0.83      0.62      0.71        40
       155.0       0.95      0.83      0.89        24
       156.0       0.00      0.00      0.00        12
       157.0       0.64      0.39      0.48        18
       158.0       0.47      0.41      0.44        17
       159.0       0.80      0.44      0.57        18
       160.0       0.67      0.40      0.50        15
       161.0       0.62      0.60      0.61        25
       162.0       0.50      0.10      0.17        10
       163.0       0.69      0.56      0.62        16
       164.0       0.94      0.94      0.94        18
       165.0       1.00      0.15      0.27        13
       166.0       0.82      0.29      0.43        48
       167.0       0.62      1.00      0.76        21
       168.0       0.75      0.60      0.67        15
       169.0       0.85      1.00      0.92        17
       170.0       0.96      0.92      0.94        24
       171.0       0.53      0.86      0.66        36
       172.0       0.92      0.79      0.85        14
       173.0       1.00      0.82      0.90        17
       174.0       0.95      0.81      0.88        26
       175.0       1.00      0.18      0.31        11
       176.0       0.41      0.58      0.48        12
       177.0       1.00      0.86      0.92        21
       178.0       1.00      0.93      0.97        15
       179.0       1.00      0.36      0.53        14
       180.0       1.00      0.67      0.80        15
       181.0       0.85      0.74      0.79        23
       182.0       0.96      0.90      0.93        30
       183.0       0.79      0.92      0.85        12
       184.0       0.90      0.90      0.90        21
       185.0       0.89      0.89      0.89        28
       186.0       0.36      0.88      0.51       128
       187.0       0.93      0.85      0.89       119
       188.0       0.65      0.79      0.71        14
       189.0       0.59      0.87      0.70        23
       190.0       1.00      1.00      1.00        14
       191.0       1.00      0.50      0.67        12
       192.0       0.94      1.00      0.97        15
       193.0       1.00      0.55      0.71        11
       194.0       0.85      0.55      0.67        20
       195.0       0.67      0.18      0.29        11
       196.0       0.75      0.69      0.72        13
       197.0       0.91      0.77      0.83        13
       198.0       1.00      1.00      1.00        13
       199.0       1.00      0.14      0.25        14
       200.0       0.69      0.85      0.76        26
       201.0       0.88      0.88      0.88        16
       202.0       1.00      0.67      0.80        15
       203.0       0.68      0.90      0.78        29
       204.0       0.87      0.95      0.91        21
       205.0       1.00      0.87      0.93        15
       206.0       0.83      0.79      0.81        19
       207.0       0.80      1.00      0.89        20
       208.0       1.00      0.94      0.97        17
       209.0       0.94      1.00      0.97        16
       210.0       0.95      0.95      0.95        20
       211.0       1.00      0.85      0.92        13
       212.0       0.91      0.71      0.80        14
       213.0       1.00      0.88      0.94        17
       214.0       0.88      0.68      0.77        22
       215.0       0.82      1.00      0.90        14
       216.0       1.00      0.82      0.90        17
       217.0       1.00      0.82      0.90        11
       218.0       0.93      0.80      0.86       111
       219.0       0.68      1.00      0.81        30
       220.0       0.95      0.95      0.95        21
       221.0       0.72      1.00      0.84        13
       222.0       0.91      0.81      0.86        26
       223.0       1.00      0.76      0.87        17
       224.0       0.83      0.75      0.79        20
       225.0       1.00      0.65      0.79        17
       226.0       0.92      1.00      0.96        12
       227.0       1.00      0.31      0.47        13
       228.0       1.00      0.92      0.96        12
       229.0       0.79      0.87      0.83        31
       230.0       0.87      0.97      0.92        34
       231.0       0.62      0.42      0.50        12
       232.0       0.79      0.68      0.73        28
       233.0       0.76      0.68      0.72        19
       234.0       0.87      1.00      0.93        20
       235.0       0.94      0.85      0.89        20
       236.0       0.90      0.78      0.84        23
       237.0       0.75      0.75      0.75        20
       238.0       1.00      1.00      1.00        27
       239.0       1.00      0.81      0.89        31
       240.0       0.75      0.65      0.70        23
       241.0       0.80      0.86      0.83        14
       242.0       0.96      0.50      0.66        44
       243.0       0.89      0.92      0.91        26
       244.0       0.82      0.82      0.82        11
       245.0       1.00      0.75      0.86        20
       246.0       0.84      0.73      0.78        22
       247.0       0.71      0.85      0.77        20
       248.0       1.00      0.75      0.86        16
       249.0       0.96      0.85      0.90        26
       250.0       0.94      0.79      0.86        19
       251.0       0.85      1.00      0.92        11
       252.0       1.00      0.36      0.53        11
       253.0       0.95      0.91      0.93        23
       254.0       0.63      1.00      0.77        12
       255.0       1.00      0.62      0.77        16
       256.0       0.92      0.92      0.92        24
       257.0       0.82      0.64      0.72        14
       258.0       0.95      1.00      0.97        18
       259.0       0.74      1.00      0.85        26
       260.0       0.85      0.94      0.89        18
       261.0       0.94      1.00      0.97        31
       262.0       0.92      1.00      0.96        11
       263.0       0.93      0.93      0.93        15
       264.0       1.00      0.79      0.88        19
       265.0       1.00      0.82      0.90        11
       266.0       1.00      0.86      0.92        14
       267.0       0.56      0.38      0.45        13
       268.0       0.94      0.75      0.83        20
       269.0       0.95      1.00      0.97        19
       270.0       0.36      0.36      0.36        14
       271.0       0.89      0.89      0.89        38
       272.0       0.72      0.96      0.82        53
       273.0       0.95      0.58      0.72        31
       274.0       0.77      0.94      0.85        32
       275.0       0.67      1.00      0.80        10
       276.0       0.83      0.91      0.87        11
       277.0       0.83      0.83      0.83        12

    accuracy                           0.80      6279
   macro avg       0.84      0.78      0.79      6279
weighted avg       0.83      0.80      0.80      6279


===confusion_matrix===

[[10  0  0 ...  0  0  0]
 [ 0 22  0 ...  0  0  0]
 [ 0  0 14 ...  0  0  0]
 ...
 [ 0  0  0 ... 10  0  0]
 [ 0  0  0 ...  0 10  0]
 [ 0  0  0 ...  0  0 10]]

===multilabel confusion matrix===

[[[6263    5]
  [   1   10]]

 [[6253    1]
  [   3   22]]

 [[6262    1]
  [   2   14]]

 ...

 [[6264    5]
  [   0   10]]

 [[6266    2]
  [   1   10]]

 [[6265    2]
  [   2   10]]]

===scores report===
metrics	scores
Accuracy	0.8020
MCC	0.8009
log_loss	0.9768
f1 score weighted	0.7976
f1 score macro	0.7893
f1 score micro	0.8020
roc_auc ovr	0.9946
roc_auc ovo	0.9950
precision	0.8262
recall	0.8020

===Callbacks===

generate_callbacks
[<tensorflow.python.keras.callbacks.EarlyStopping object at 0x7f60605f1ca0>, <tensorflow.python.keras.callbacks.ReduceLROnPlateau object at 0x7f60605f1dc0>, <tensorflow.python.keras.callbacks.ModelCheckpoint object at 0x7f60605f1e20>]
===SCORING TEST SET ===

model_complete_evaluate
{'self': <deep_ml.DeepML object at 0x7f60605f1c10>, 'x_test': array([[[-2,  0,  0,  1,  0],
        [-2,  0,  0,  1,  0],
        [ 3,  2, -3,  1,  0],
        ...,
        [ 0,  0,  0,  0,  0],
        [ 0,  0,  0,  0,  0],
        [ 0,  0,  0,  0,  0]],

       [[-2,  0,  0,  1,  0],
        [ 2,  0, -2,  1,  0],
        [ 2,  0, -2,  1,  0],
        ...,
        [ 0,  0,  0,  0,  0],
        [ 0,  0,  0,  0,  0],
        [ 0,  0,  0,  0,  0]],

       [[-2,  0,  0,  1,  0],
        [ 3,  0,  0,  0,  0],
        [-4, -1, -1,  0,  0],
        ...,
        [ 0,  0,  0,  0,  0],
        [ 0,  0,  0,  0,  0],
        [ 0,  0,  0,  0,  0]],

       ...,

       [[ 2,  0, -2,  1,  0],
        [-4, -1, -1,  0,  0],
        [ 3,  1,  1, -1,  1],
        ...,
        [-2,  2,  0,  0, -1],
        [-1,  0,  1,  0,  2],
        [ 0, -2, -1, -1,  0]],

       [[-2,  0,  0,  1,  0],
        [ 3,  0,  0,  0,  0],
        [-2, -2, -1,  0,  0],
        ...,
        [ 0,  0,  0,  0,  0],
        [ 0,  0,  0,  0,  0],
        [ 0,  0,  0,  0,  0]],

       [[ 0, -2,  0,  0,  1],
        [ 0, -1,  3,  0, -2],
        [-4, -1, -1,  0,  0],
        ...,
        [ 3,  2, -3,  1,  0],
        [ 3,  0,  1, -2,  0],
        [-1,  0,  1,  0,  2]]], dtype=int8), 'y_test': array([84., 84., 84., ..., 62., 62., 62.], dtype=float32), 'model': None}
report

              precision    recall  f1-score   support

         0.0       0.91      0.91      0.91        11
         1.0       1.00      1.00      1.00        25
         2.0       0.94      0.88      0.91        17
         3.0       0.65      0.85      0.73        13
         4.0       0.67      0.67      0.67        15
         5.0       0.75      0.90      0.82        10
         6.0       0.78      1.00      0.88        21
         7.0       0.67      0.61      0.64        23
         8.0       0.78      0.64      0.70        22
         9.0       0.72      0.91      0.81        34
        10.0       0.88      0.70      0.78        10
        11.0       1.00      0.84      0.91        19
        12.0       0.64      0.41      0.50        17
        13.0       0.85      0.79      0.81        14
        14.0       0.75      0.69      0.72        13
        15.0       0.77      0.91      0.83        11
        16.0       1.00      0.94      0.97        16
        17.0       0.75      1.00      0.86        12
        18.0       0.86      0.96      0.91        25
        19.0       0.95      0.81      0.88        26
        20.0       0.92      0.92      0.92        13
        21.0       0.82      0.88      0.85        16
        22.0       0.87      0.76      0.81        17
        23.0       0.88      0.64      0.74        11
        24.0       1.00      0.74      0.85        19
        25.0       0.90      1.00      0.95        18
        26.0       0.92      1.00      0.96        11
        27.0       0.92      0.92      0.92        13
        28.0       0.87      0.95      0.91        21
        29.0       0.96      1.00      0.98        22
        30.0       0.84      0.93      0.89        29
        31.0       1.00      1.00      1.00        18
        32.0       0.78      0.70      0.74        10
        33.0       0.94      0.97      0.95        30
        34.0       1.00      0.78      0.88        32
        35.0       0.82      0.69      0.75        13
        36.0       0.96      0.96      0.96        27
        37.0       1.00      0.67      0.80        15
        38.0       0.92      0.92      0.92        12
        39.0       0.50      0.08      0.13        13
        40.0       0.71      1.00      0.83        15
        41.0       1.00      0.92      0.96        12
        42.0       0.91      0.91      0.91        11
        43.0       0.83      0.94      0.88        16
        44.0       1.00      0.90      0.95        29
        45.0       0.92      1.00      0.96        22
        46.0       0.47      1.00      0.64        16
        47.0       0.67      0.77      0.71        13
        48.0       0.83      0.91      0.87        11
        49.0       0.85      0.92      0.88        12
        50.0       0.83      0.42      0.56        12
        51.0       0.79      0.85      0.81        13
        52.0       0.92      0.85      0.88        26
        53.0       0.93      0.96      0.95        27
        54.0       1.00      0.96      0.98        23
        55.0       0.81      0.89      0.85        19
        56.0       0.89      0.96      0.92        25
        57.0       1.00      0.95      0.98        22
        58.0       0.73      0.73      0.73        11
        59.0       0.88      0.44      0.58        16
        60.0       1.00      0.96      0.98        25
        61.0       1.00      0.33      0.50        15
        62.0       0.76      0.86      0.81       133
        63.0       0.94      0.94      0.94        16
        64.0       0.79      0.92      0.85        12
        65.0       0.95      1.00      0.97        18
        66.0       0.93      1.00      0.97        14
        67.0       0.90      0.82      0.86        11
        68.0       0.92      0.61      0.73        18
        69.0       0.97      0.97      0.97        30
        70.0       0.68      0.94      0.79        18
        71.0       0.92      0.80      0.86        15
        72.0       0.79      1.00      0.88        22
        73.0       1.00      0.82      0.90        11
        74.0       0.91      1.00      0.95        21
        75.0       0.88      0.78      0.82        18
        76.0       1.00      0.80      0.89        15
        77.0       0.81      1.00      0.89        21
        78.0       0.95      0.95      0.95        21
        79.0       0.88      0.64      0.74        11
        80.0       0.60      0.66      0.63        32
        81.0       0.80      0.95      0.87        21
        82.0       0.92      0.85      0.88        26
        83.0       0.72      1.00      0.84        13
        84.0       0.95      0.90      0.93        21
        85.0       0.85      0.92      0.88        12
        86.0       1.00      1.00      1.00        39
        87.0       0.83      0.88      0.86        17
        88.0       0.93      0.93      0.93        27
        89.0       0.88      0.58      0.70        12
        90.0       1.00      0.95      0.97        20
        91.0       0.91      0.97      0.94        30
        92.0       0.87      1.00      0.93        13
        93.0       0.88      0.54      0.67        13
        94.0       1.00      0.89      0.94        27
        95.0       0.96      0.96      0.96        26
        96.0       0.62      0.91      0.74        11
        97.0       0.84      0.68      0.75        31
        98.0       0.87      0.76      0.81        17
        99.0       0.58      1.00      0.73        18
       100.0       1.00      0.76      0.86        25
       101.0       0.89      0.86      0.87        28
       102.0       1.00      0.40      0.57        20
       103.0       0.81      0.86      0.84       292
       104.0       0.67      0.62      0.64        13
       105.0       0.73      0.69      0.71        16
       106.0       0.67      0.77      0.72        43
       107.0       1.00      1.00      1.00        13
       108.0       0.88      0.93      0.90        15
       109.0       0.94      0.89      0.91        18
       110.0       0.88      0.88      0.88        17
       111.0       0.82      1.00      0.90        14
       112.0       0.81      0.91      0.86        23
       113.0       1.00      0.85      0.92        34
       114.0       0.89      0.94      0.92        18
       115.0       0.91      0.95      0.93        21
       116.0       0.91      0.91      0.91        34
       117.0       1.00      0.92      0.96        12
       118.0       0.90      0.96      0.93        28
       119.0       0.96      0.92      0.94        26
       120.0       0.69      0.85      0.76        13
       121.0       0.73      0.73      0.73        11
       122.0       0.00      0.00      0.00        20
       123.0       0.63      0.88      0.74       135
       124.0       0.94      0.84      0.89        19
       125.0       0.39      0.26      0.31        58
       126.0       0.69      0.64      0.67        14
       127.0       1.00      1.00      1.00        18
       128.0       0.80      1.00      0.89        16
       129.0       0.90      1.00      0.95        18
       130.0       1.00      0.81      0.90        32
       131.0       0.90      0.95      0.93        20
       132.0       0.95      1.00      0.97        18
       133.0       1.00      0.93      0.96        14
       134.0       0.94      1.00      0.97        16
       135.0       1.00      0.92      0.96        13
       136.0       0.88      0.54      0.67        13
       137.0       0.87      0.87      0.87        39
       138.0       0.67      0.14      0.24        14
       139.0       0.35      0.68      0.46        19
       140.0       0.68      0.65      0.67        20
       141.0       0.89      0.87      0.88        45
       142.0       0.20      0.08      0.12        12
       143.0       1.00      0.65      0.79        17
       144.0       0.78      0.70      0.74        10
       145.0       0.09      0.11      0.10        19
       146.0       0.80      0.71      0.75        28
       147.0       0.89      0.67      0.76        12
       148.0       0.67      0.92      0.77        24
       149.0       0.75      0.92      0.82        51
       150.0       0.75      0.72      0.73        53
       151.0       0.70      0.88      0.78        16
       152.0       0.76      0.66      0.70        67
       153.0       1.00      0.40      0.57        10
       154.0       0.84      0.53      0.65        40
       155.0       0.84      0.84      0.84        25
       156.0       1.00      0.18      0.31        11
       157.0       0.71      0.67      0.69        18
       158.0       0.50      0.56      0.53        16
       159.0       1.00      0.39      0.56        18
       160.0       0.50      0.27      0.35        15
       161.0       0.36      0.40      0.38        25
       162.0       0.60      0.30      0.40        10
       163.0       0.40      0.67      0.50        15
       164.0       1.00      0.94      0.97        17
       165.0       0.69      0.69      0.69        13
       166.0       0.48      0.48      0.48        48
       167.0       1.00      0.86      0.93        22
       168.0       0.68      1.00      0.81        15
       169.0       0.82      0.88      0.85        16
       170.0       0.92      1.00      0.96        24
       171.0       0.87      0.75      0.81        36
       172.0       0.73      0.79      0.76        14
       173.0       0.68      0.88      0.77        17
       174.0       0.67      0.80      0.73        25
       175.0       0.57      0.67      0.62        12
       176.0       0.19      0.25      0.21        12
       177.0       0.86      0.90      0.88        21
       178.0       1.00      1.00      1.00        15
       179.0       0.50      0.60      0.55        15
       180.0       0.47      0.60      0.53        15
       181.0       1.00      0.59      0.74        22
       182.0       1.00      0.94      0.97        31
       183.0       1.00      0.92      0.96        12
       184.0       0.86      0.86      0.86        21
       185.0       0.96      0.93      0.95        29
       186.0       0.92      0.61      0.74       127
       187.0       0.81      0.87      0.84       119
       188.0       1.00      0.71      0.83        14
       189.0       0.68      0.68      0.68        22
       190.0       0.72      0.93      0.81        14
       191.0       1.00      0.67      0.80        12
       192.0       0.93      0.93      0.93        15
       193.0       0.70      0.58      0.64        12
       194.0       0.59      0.65      0.62        20
       195.0       0.62      0.45      0.53        11
       196.0       0.92      0.86      0.89        14
       197.0       0.71      0.77      0.74        13
       198.0       1.00      0.92      0.96        13
       199.0       0.90      0.60      0.72        15
       200.0       0.76      0.59      0.67        27
       201.0       0.62      0.94      0.75        16
       202.0       0.91      0.71      0.80        14
       203.0       0.89      0.86      0.88        29
       204.0       1.00      0.95      0.98        21
       205.0       0.94      1.00      0.97        16
       206.0       0.86      1.00      0.93        19
       207.0       1.00      0.95      0.97        20
       208.0       0.94      0.88      0.91        17
       209.0       0.75      0.94      0.83        16
       210.0       1.00      0.85      0.92        20
       211.0       0.62      0.93      0.74        14
       212.0       0.92      0.86      0.89        14
       213.0       1.00      0.72      0.84        18
       214.0       0.86      0.86      0.86        22
       215.0       0.81      0.93      0.87        14
       216.0       0.77      1.00      0.87        17
       217.0       1.00      0.73      0.84        11
       218.0       0.82      0.87      0.84       111
       219.0       0.85      0.97      0.90        29
       220.0       0.86      0.90      0.88        21
       221.0       0.59      1.00      0.74        13
       222.0       0.89      0.92      0.91        26
       223.0       0.76      0.94      0.84        17
       224.0       0.95      1.00      0.98        20
       225.0       1.00      0.75      0.86        16
       226.0       0.65      1.00      0.79        11
       227.0       0.75      0.46      0.57        13
       228.0       0.79      1.00      0.88        11
       229.0       0.85      0.93      0.89        30
       230.0       0.93      0.76      0.84        34
       231.0       0.55      0.50      0.52        12
       232.0       0.71      0.52      0.60        29
       233.0       0.81      0.89      0.85        19
       234.0       0.93      0.68      0.79        19
       235.0       1.00      0.85      0.92        20
       236.0       0.50      0.77      0.61        22
       237.0       0.64      0.80      0.71        20
       238.0       0.96      1.00      0.98        27
       239.0       0.93      0.90      0.92        31
       240.0       0.63      0.92      0.75        24
       241.0       0.77      0.71      0.74        14
       242.0       0.89      0.70      0.78        44
       243.0       0.92      0.89      0.91        27
       244.0       1.00      1.00      1.00        11
       245.0       0.86      0.90      0.88        20
       246.0       0.91      0.95      0.93        22
       247.0       0.61      0.95      0.75        20
       248.0       1.00      0.62      0.77        16
       249.0       0.66      0.88      0.75        26
       250.0       0.67      0.95      0.78        19
       251.0       0.79      1.00      0.88        11
       252.0       0.69      0.82      0.75        11
       253.0       0.95      0.95      0.95        22
       254.0       0.92      1.00      0.96        12
       255.0       0.58      0.44      0.50        16
       256.0       0.95      0.75      0.84        24
       257.0       0.82      0.64      0.72        14
       258.0       1.00      0.94      0.97        18
       259.0       0.96      1.00      0.98        26
       260.0       1.00      0.94      0.97        18
       261.0       0.90      0.90      0.90        31
       262.0       0.90      0.90      0.90        10
       263.0       0.88      0.93      0.90        15
       264.0       0.86      0.95      0.90        19
       265.0       0.83      1.00      0.91        10
       266.0       1.00      0.60      0.75        15
       267.0       0.50      0.08      0.13        13
       268.0       0.80      0.80      0.80        20
       269.0       0.89      0.94      0.92        18
       270.0       0.90      0.60      0.72        15
       271.0       1.00      0.97      0.99        38
       272.0       0.91      0.96      0.94        53
       273.0       0.93      0.84      0.88        31
       274.0       1.00      0.84      0.92        32
       275.0       1.00      0.70      0.82        10
       276.0       0.73      1.00      0.85        11
       277.0       0.85      1.00      0.92        11

    accuracy                           0.81      6279
   macro avg       0.83      0.81      0.80      6279
weighted avg       0.83      0.81      0.81      6279


===confusion_matrix===

[[10  0  0 ...  0  0  0]
 [ 0 25  0 ...  0  0  0]
 [ 0  0 15 ...  0  0  0]
 ...
 [ 0  0  0 ...  7  2  1]
 [ 0  0  0 ...  0 11  0]
 [ 0  0  0 ...  0  0 11]]

===multilabel confusion matrix===

[[[6267    1]
  [   1   10]]

 [[6254    0]
  [   0   25]]

 [[6261    1]
  [   2   15]]

 ...

 [[6269    0]
  [   3    7]]

 [[6264    4]
  [   0   11]]

 [[6266    2]
  [   0   11]]]

===scores report===
metrics	scores
Accuracy	0.8149
MCC	0.8136
log_loss	0.8907
f1 score weighted	0.8102
f1 score macro	0.8033
f1 score micro	0.8149
roc_auc ovr	0.9947
roc_auc ovo	0.9955
precision	0.8269
recall	0.8149

===Callbacks===

generate_callbacks
[<tensorflow.python.keras.callbacks.EarlyStopping object at 0x7f60605f1ca0>, <tensorflow.python.keras.callbacks.ReduceLROnPlateau object at 0x7f60605f1dc0>, <tensorflow.python.keras.callbacks.ModelCheckpoint object at 0x7f60605f1e20>]
===SCORING TEST SET ===

model_complete_evaluate
{'self': <deep_ml.DeepML object at 0x7f60605f1c10>, 'x_test': array([[[-2,  0,  0,  1,  0],
        [ 3,  0,  1, -2,  0],
        [ 2,  0, -2,  1,  0],
        ...,
        [ 0,  0,  0,  0,  0],
        [ 0,  0,  0,  0,  0],
        [ 0,  0,  0,  0,  0]],

       [[-2,  0,  0,  1,  0],
        [ 2, -1,  1, -1,  0],
        [ 2, -1,  1, -1,  0],
        ...,
        [ 0,  0,  0,  0,  0],
        [ 0,  0,  0,  0,  0],
        [ 0,  0,  0,  0,  0]],

       [[-2,  0,  0,  1,  0],
        [ 3,  1,  1, -1,  1],
        [-3, -1, -1,  0,  0],
        ...,
        [ 0,  0,  0,  0,  0],
        [ 0,  0,  0,  0,  0],
        [ 0,  0,  0,  0,  0]],

       ...,

       [[-4, -1, -1,  0,  0],
        [ 2,  1,  0,  3,  0],
        [ 1,  0, -1, -1,  0],
        ...,
        [ 2, -1,  1, -1,  0],
        [-3, -1, -1,  0,  0],
        [-4, -1, -1,  0,  0]],

       [[ 0, -2, -1, -1,  0],
        [ 2, -4,  0,  0,  0],
        [ 0, -2,  0,  0,  1],
        ...,
        [-3, -1, -1,  0,  0],
        [-4,  3,  0,  3, -1],
        [-1,  0,  1,  0,  2]],

       [[-2, -2, -1,  0,  0],
        [-2,  2,  0,  0, -1],
        [-4, -1, -1,  0,  0],
        ...,
        [ 0, -2,  0,  0,  1],
        [-2,  2,  0,  0, -1],
        [ 0, -1,  3,  0, -2]]], dtype=int8), 'y_test': array([ 84.,  84.,  84., ...,  53.,  62., 134.], dtype=float32), 'model': None}
report

              precision    recall  f1-score   support

         0.0       1.00      0.82      0.90        11
         1.0       0.92      0.96      0.94        25
         2.0       0.94      1.00      0.97        17
         3.0       0.91      0.83      0.87        12
         4.0       0.69      0.73      0.71        15
         5.0       1.00      0.82      0.90        11
         6.0       0.95      0.95      0.95        21
         7.0       0.94      0.67      0.78        24
         8.0       0.56      0.86      0.68        21
         9.0       0.88      0.83      0.85        35
        10.0       0.67      0.55      0.60        11
        11.0       0.80      0.84      0.82        19
        12.0       0.62      0.59      0.61        17
        13.0       0.92      0.79      0.85        14
        14.0       0.89      0.57      0.70        14
        15.0       0.88      0.64      0.74        11
        16.0       1.00      0.88      0.93        16
        17.0       0.71      1.00      0.83        12
        18.0       0.76      1.00      0.87        26
        19.0       0.88      0.88      0.88        25
        20.0       0.93      1.00      0.96        13
        21.0       0.68      1.00      0.81        15
        22.0       0.94      0.94      0.94        18
        23.0       0.62      0.91      0.74        11
        24.0       1.00      0.68      0.81        19
        25.0       0.90      1.00      0.95        18
        26.0       1.00      0.90      0.95        10
        27.0       1.00      0.77      0.87        13
        28.0       1.00      1.00      1.00        21
        29.0       0.87      0.91      0.89        22
        30.0       0.93      0.97      0.95        29
        31.0       1.00      1.00      1.00        18
        32.0       0.91      0.91      0.91        11
        33.0       0.97      0.93      0.95        30
        34.0       0.88      0.88      0.88        32
        35.0       0.73      0.67      0.70        12
        36.0       0.96      0.93      0.94        27
        37.0       1.00      0.93      0.97        15
        38.0       0.92      0.92      0.92        12
        39.0       0.75      0.43      0.55        14
        40.0       0.94      1.00      0.97        16
        41.0       0.89      0.67      0.76        12
        42.0       1.00      0.73      0.84        11
        43.0       1.00      0.94      0.97        16
        44.0       0.93      0.97      0.95        29
        45.0       1.00      0.95      0.98        22
        46.0       0.94      0.94      0.94        16
        47.0       0.75      0.86      0.80        14
        48.0       0.78      0.64      0.70        11
        49.0       0.69      1.00      0.81        11
        50.0       0.85      0.92      0.88        12
        51.0       0.75      0.92      0.83        13
        52.0       0.96      0.85      0.90        26
        53.0       1.00      0.96      0.98        28
        54.0       0.79      1.00      0.88        23
        55.0       0.79      1.00      0.88        19
        56.0       0.96      1.00      0.98        25
        57.0       0.95      0.86      0.90        21
        58.0       1.00      1.00      1.00        10
        59.0       0.55      0.38      0.44        16
        60.0       1.00      0.96      0.98        25
        61.0       0.56      0.33      0.42        15
        62.0       0.80      0.83      0.81       133
        63.0       1.00      0.88      0.93        16
        64.0       1.00      0.83      0.91        12
        65.0       0.89      0.94      0.92        18
        66.0       1.00      0.80      0.89        15
        67.0       1.00      0.80      0.89        10
        68.0       0.94      0.84      0.89        19
        69.0       0.97      1.00      0.98        29
        70.0       0.82      0.78      0.80        18
        71.0       0.83      0.67      0.74        15
        72.0       0.96      1.00      0.98        22
        73.0       1.00      0.82      0.90        11
        74.0       0.91      1.00      0.95        21
        75.0       0.89      0.89      0.89        18
        76.0       0.88      1.00      0.94        15
        77.0       0.95      0.95      0.95        20
        78.0       0.95      1.00      0.98        20
        79.0       1.00      0.90      0.95        10
        80.0       0.74      0.81      0.78        32
        81.0       0.75      1.00      0.86        21
        82.0       0.83      0.96      0.89        26
        83.0       1.00      0.92      0.96        13
        84.0       0.87      0.95      0.91        21
        85.0       0.92      0.92      0.92        12
        86.0       0.95      1.00      0.97        39
        87.0       0.73      0.94      0.82        17
        88.0       1.00      1.00      1.00        27
        89.0       1.00      0.67      0.80        12
        90.0       1.00      0.95      0.98        21
        91.0       0.94      1.00      0.97        30
        92.0       1.00      1.00      1.00        12
        93.0       0.87      0.93      0.90        14
        94.0       0.84      1.00      0.92        27
        95.0       1.00      0.88      0.94        25
        96.0       0.92      0.92      0.92        12
        97.0       0.83      0.83      0.83        30
        98.0       0.72      0.81      0.76        16
        99.0       0.88      0.88      0.88        17
       100.0       0.84      0.84      0.84        25
       101.0       0.90      0.93      0.91        28
       102.0       1.00      0.63      0.77        19
       103.0       0.78      0.89      0.83       292
       104.0       1.00      0.69      0.82        13
       105.0       0.84      1.00      0.91        16
       106.0       0.86      0.84      0.85        43
       107.0       1.00      1.00      1.00        13
       108.0       0.88      0.93      0.90        15
       109.0       1.00      0.78      0.88        18
       110.0       0.94      1.00      0.97        17
       111.0       0.88      1.00      0.93        14
       112.0       0.95      0.91      0.93        23
       113.0       1.00      0.97      0.99        35
       114.0       0.62      0.83      0.71        18
       115.0       0.91      1.00      0.95        21
       116.0       0.97      0.97      0.97        34
       117.0       0.86      1.00      0.92        12
       118.0       0.97      1.00      0.98        28
       119.0       0.96      0.96      0.96        26
       120.0       0.79      0.85      0.81        13
       121.0       1.00      0.70      0.82        10
       122.0       0.18      0.10      0.13        20
       123.0       0.75      0.76      0.76       136
       124.0       0.79      0.79      0.79        19
       125.0       0.57      0.59      0.58        59
       126.0       0.92      0.86      0.89        14
       127.0       0.90      1.00      0.95        18
       128.0       0.94      1.00      0.97        17
       129.0       1.00      0.67      0.80        18
       130.0       0.97      0.94      0.95        32
       131.0       0.95      0.95      0.95        21
       132.0       1.00      1.00      1.00        18
       133.0       1.00      1.00      1.00        15
       134.0       0.75      0.94      0.83        16
       135.0       0.91      0.77      0.83        13
       136.0       0.78      0.54      0.64        13
       137.0       0.95      0.92      0.93        38
       138.0       0.40      0.40      0.40        15
       139.0       0.62      0.89      0.73        18
       140.0       0.71      0.75      0.73        20
       141.0       0.93      0.93      0.93        45
       142.0       0.75      0.25      0.38        12
       143.0       0.88      0.88      0.88        16
       144.0       1.00      0.55      0.71        11
       145.0       0.36      0.26      0.30        19
       146.0       0.89      0.89      0.89        28
       147.0       0.89      0.67      0.76        12
       148.0       0.81      0.88      0.84        24
       149.0       0.96      0.88      0.92        51
       150.0       0.80      0.83      0.81        53
       151.0       0.77      0.62      0.69        16
       152.0       0.89      0.84      0.86        68
       153.0       0.67      0.60      0.63        10
       154.0       0.84      0.79      0.82        39
       155.0       0.94      0.71      0.81        24
       156.0       0.80      0.33      0.47        12
       157.0       0.67      0.47      0.55        17
       158.0       0.71      0.31      0.43        16
       159.0       0.50      0.22      0.31        18
       160.0       0.36      0.27      0.31        15
       161.0       0.35      0.68      0.47        25
       162.0       0.57      0.40      0.47        10
       163.0       0.70      0.93      0.80        15
       164.0       0.84      0.94      0.89        17
       165.0       0.90      0.69      0.78        13
       166.0       0.50      0.51      0.51        47
       167.0       1.00      1.00      1.00        22
       168.0       1.00      1.00      1.00        15
       169.0       0.94      0.94      0.94        16
       170.0       0.92      0.96      0.94        24
       171.0       0.86      0.91      0.89        35
       172.0       0.92      0.73      0.81        15
       173.0       0.81      0.76      0.79        17
       174.0       0.73      0.88      0.80        25
       175.0       0.82      0.75      0.78        12
       176.0       0.53      0.67      0.59        12
       177.0       0.95      0.90      0.92        20
       178.0       0.94      1.00      0.97        16
       179.0       0.80      0.80      0.80        15
       180.0       0.64      0.44      0.52        16
       181.0       1.00      0.96      0.98        23
       182.0       0.97      1.00      0.98        31
       183.0       0.79      1.00      0.88        11
       184.0       0.95      0.95      0.95        21
       185.0       0.94      1.00      0.97        29
       186.0       0.73      0.73      0.73       127
       187.0       0.87      0.85      0.86       119
       188.0       1.00      0.85      0.92        13
       189.0       0.69      0.82      0.75        22
       190.0       0.79      1.00      0.88        15
       191.0       1.00      1.00      1.00        12
       192.0       0.68      0.94      0.79        16
       193.0       1.00      0.58      0.74        12
       194.0       0.82      0.86      0.84        21
       195.0       0.86      0.55      0.67        11
       196.0       1.00      0.85      0.92        13
       197.0       0.85      0.85      0.85        13
       198.0       1.00      1.00      1.00        14
       199.0       1.00      0.60      0.75        15
       200.0       0.67      0.77      0.71        26
       201.0       1.00      0.88      0.93        16
       202.0       1.00      1.00      1.00        14
       203.0       0.97      1.00      0.98        28
       204.0       1.00      0.76      0.86        21
       205.0       0.89      1.00      0.94        16
       206.0       1.00      0.83      0.91        18
       207.0       0.95      1.00      0.97        19
       208.0       0.76      0.94      0.84        17
       209.0       0.76      0.81      0.79        16
       210.0       0.91      0.95      0.93        21
       211.0       1.00      0.86      0.92        14
       212.0       0.80      0.86      0.83        14
       213.0       1.00      0.83      0.91        18
       214.0       0.85      0.77      0.81        22
       215.0       0.62      1.00      0.77        15
       216.0       0.84      1.00      0.91        16
       217.0       1.00      0.73      0.84        11
       218.0       0.88      0.87      0.88       110
       219.0       0.93      0.90      0.91        29
       220.0       1.00      1.00      1.00        21
       221.0       0.83      0.77      0.80        13
       222.0       1.00      0.81      0.89        26
       223.0       0.89      1.00      0.94        17
       224.0       0.81      0.85      0.83        20
       225.0       0.93      0.81      0.87        16
       226.0       0.73      1.00      0.85        11
       227.0       1.00      0.57      0.73        14
       228.0       0.82      0.82      0.82        11
       229.0       0.96      0.90      0.93        30
       230.0       0.91      0.85      0.88        34
       231.0       0.88      0.58      0.70        12
       232.0       0.66      0.72      0.69        29
       233.0       1.00      0.89      0.94        19
       234.0       0.82      0.74      0.78        19
       235.0       1.00      0.65      0.79        20
       236.0       1.00      0.77      0.87        22
       237.0       0.95      0.90      0.92        20
       238.0       0.97      1.00      0.98        28
       239.0       0.96      0.87      0.92        31
       240.0       0.77      1.00      0.87        24
       241.0       0.92      0.86      0.89        14
       242.0       0.86      0.84      0.85        44
       243.0       0.96      0.81      0.88        27
       244.0       0.91      0.91      0.91        11
       245.0       0.95      0.95      0.95        20
       246.0       0.79      0.68      0.73        22
       247.0       0.75      0.90      0.82        20
       248.0       0.83      0.94      0.88        16
       249.0       1.00      0.92      0.96        25
       250.0       0.67      0.89      0.76        18
       251.0       0.92      1.00      0.96        12
       252.0       0.88      0.70      0.78        10
       253.0       0.81      1.00      0.90        22
       254.0       0.80      0.92      0.86        13
       255.0       0.75      0.94      0.83        16
       256.0       0.95      0.88      0.91        24
       257.0       0.67      0.67      0.67        15
       258.0       0.89      0.89      0.89        18
       259.0       0.93      0.96      0.94        26
       260.0       0.85      0.94      0.89        18
       261.0       0.89      0.97      0.93        32
       262.0       0.82      0.90      0.86        10
       263.0       1.00      1.00      1.00        14
       264.0       1.00      0.95      0.97        19
       265.0       1.00      1.00      1.00        11
       266.0       0.93      0.87      0.90        15
       267.0       0.88      0.54      0.67        13
       268.0       0.91      1.00      0.95        20
       269.0       1.00      1.00      1.00        18
       270.0       0.64      0.64      0.64        14
       271.0       0.94      0.89      0.92        38
       272.0       0.81      0.96      0.88        53
       273.0       0.87      0.87      0.87        30
       274.0       0.89      0.75      0.81        32
       275.0       1.00      1.00      1.00        10
       276.0       0.75      1.00      0.86        12
       277.0       0.92      1.00      0.96        11

    accuracy                           0.85      6279
   macro avg       0.87      0.84      0.85      6279
weighted avg       0.86      0.85      0.85      6279


===confusion_matrix===

[[ 9  0  0 ...  0  0  0]
 [ 0 24  0 ...  0  0  0]
 [ 0  0 17 ...  0  0  0]
 ...
 [ 0  0  0 ... 10  0  0]
 [ 0  0  0 ...  0 12  0]
 [ 0  0  0 ...  0  0 11]]

===multilabel confusion matrix===

[[[6268    0]
  [   2    9]]

 [[6252    2]
  [   1   24]]

 [[6261    1]
  [   0   17]]

 ...

 [[6269    0]
  [   0   10]]

 [[6263    4]
  [   0   12]]

 [[6267    1]
  [   0   11]]]

===scores report===
metrics	scores
Accuracy	0.8511
MCC	0.8500
log_loss	0.7064
f1 score weighted	0.8486
f1 score macro	0.8462
f1 score micro	0.8511
roc_auc ovr	0.9961
roc_auc ovo	0.9967
precision	0.8577
recall	0.8511

===Callbacks===

generate_callbacks
[<tensorflow.python.keras.callbacks.EarlyStopping object at 0x7f60605f1ca0>, <tensorflow.python.keras.callbacks.ReduceLROnPlateau object at 0x7f60605f1dc0>, <tensorflow.python.keras.callbacks.ModelCheckpoint object at 0x7f60605f1e20>]
===SCORING TEST SET ===

model_complete_evaluate
{'self': <deep_ml.DeepML object at 0x7f60605f1c10>, 'x_test': array([[[-2,  0,  0,  1,  0],
        [ 2, -1,  1, -1,  0],
        [ 2, -4,  0,  0,  0],
        ...,
        [ 0,  0,  0,  0,  0],
        [ 0,  0,  0,  0,  0],
        [ 0,  0,  0,  0,  0]],

       [[-2,  0,  0,  1,  0],
        [ 2, -1,  1, -1,  0],
        [ 1,  0, -1, -1,  0],
        ...,
        [ 0,  0,  0,  0,  0],
        [ 0,  0,  0,  0,  0],
        [ 0,  0,  0,  0,  0]],

       [[-2,  0,  0,  1,  0],
        [ 3,  1,  1, -1,  1],
        [-1,  0,  1,  0,  2],
        ...,
        [ 0,  0,  0,  0,  0],
        [ 0,  0,  0,  0,  0],
        [ 0,  0,  0,  0,  0]],

       ...,

       [[ 0, -2,  0,  0,  1],
        [-1,  0,  1,  0,  2],
        [ 0, -2,  0,  0,  1],
        ...,
        [-1,  0,  1,  0,  2],
        [ 2,  0, -2,  1,  0],
        [-2,  0,  0,  1,  0]],

       [[-2,  0,  0,  1,  0],
        [ 0, -2,  0,  0,  1],
        [ 1,  0, -1, -1,  0],
        ...,
        [ 0,  0,  0,  0,  0],
        [ 0,  0,  0,  0,  0],
        [ 0,  0,  0,  0,  0]],

       [[-2,  0,  0,  1,  0],
        [ 0, -2,  0,  0,  1],
        [-2, -2, -1,  0,  0],
        ...,
        [ 0,  0,  0,  0,  0],
        [ 0,  0,  0,  0,  0],
        [ 0,  0,  0,  0,  0]]], dtype=int8), 'y_test': array([ 84.,  84.,  84., ..., 103.,  80.,  62.], dtype=float32), 'model': None}
report

              precision    recall  f1-score   support

         0.0       0.89      0.80      0.84        10
         1.0       0.88      0.92      0.90        25
         2.0       0.88      0.88      0.88        17
         3.0       0.92      1.00      0.96        12
         4.0       0.90      0.60      0.72        15
         5.0       0.70      0.70      0.70        10
         6.0       0.91      0.95      0.93        22
         7.0       0.69      0.78      0.73        23
         8.0       0.35      0.52      0.42        21
         9.0       0.84      0.74      0.79        35
        10.0       1.00      0.45      0.62        11
        11.0       0.75      0.95      0.84        19
        12.0       0.71      0.56      0.63        18
        13.0       0.92      0.73      0.81        15
        14.0       1.00      0.86      0.92        14
        15.0       0.89      0.80      0.84        10
        16.0       0.89      1.00      0.94        16
        17.0       0.83      0.91      0.87        11
        18.0       0.96      0.92      0.94        26
        19.0       0.95      0.84      0.89        25
        20.0       0.67      1.00      0.80        12
        21.0       0.93      0.93      0.93        15
        22.0       0.52      1.00      0.68        17
        23.0       0.88      0.64      0.74        11
        24.0       0.82      0.74      0.78        19
        25.0       1.00      0.89      0.94        18
        26.0       0.77      1.00      0.87        10
        27.0       0.62      0.93      0.74        14
        28.0       0.95      1.00      0.98        21
        29.0       0.96      0.96      0.96        23
        30.0       0.85      1.00      0.92        29
        31.0       1.00      1.00      1.00        17
        32.0       0.85      1.00      0.92        11
        33.0       0.78      0.93      0.85        30
        34.0       0.96      0.84      0.90        32
        35.0       0.73      0.92      0.81        12
        36.0       0.96      0.96      0.96        27
        37.0       1.00      0.80      0.89        15
        38.0       0.91      0.91      0.91        11
        39.0       0.50      0.31      0.38        13
        40.0       0.88      0.88      0.88        16
        41.0       1.00      1.00      1.00        12
        42.0       1.00      0.64      0.78        11
        43.0       0.88      0.94      0.91        16
        44.0       1.00      0.93      0.96        28
        45.0       0.96      1.00      0.98        22
        46.0       0.52      1.00      0.68        16
        47.0       0.55      0.46      0.50        13
        48.0       0.73      0.67      0.70        12
        49.0       0.82      0.82      0.82        11
        50.0       0.65      0.92      0.76        12
        51.0       1.00      0.92      0.96        13
        52.0       0.93      1.00      0.96        26
        53.0       0.83      0.93      0.88        27
        54.0       0.95      0.87      0.91        23
        55.0       1.00      0.89      0.94        19
        56.0       0.92      0.92      0.92        25
        57.0       0.95      0.90      0.93        21
        58.0       0.80      0.40      0.53        10
        59.0       1.00      0.12      0.22        16
        60.0       0.89      0.67      0.76        24
        61.0       0.73      0.53      0.62        15
        62.0       0.90      0.77      0.83       133
        63.0       0.88      0.93      0.90        15
        64.0       0.82      0.75      0.78        12
        65.0       0.88      0.88      0.88        17
        66.0       0.82      1.00      0.90        14
        67.0       1.00      1.00      1.00        11
        68.0       0.76      0.84      0.80        19
        69.0       1.00      1.00      1.00        29
        70.0       0.85      0.58      0.69        19
        71.0       0.77      0.67      0.71        15
        72.0       0.92      1.00      0.96        22
        73.0       0.88      0.64      0.74        11
        74.0       0.72      0.95      0.82        22
        75.0       0.71      1.00      0.83        17
        76.0       0.93      0.93      0.93        15
        77.0       1.00      0.65      0.79        20
        78.0       0.95      0.86      0.90        21
        79.0       1.00      0.60      0.75        10
        80.0       0.72      0.58      0.64        31
        81.0       0.81      0.81      0.81        21
        82.0       0.88      0.81      0.84        26
        83.0       0.92      0.92      0.92        13
        84.0       1.00      0.62      0.76        21
        85.0       1.00      0.75      0.86        12
        86.0       0.95      1.00      0.97        39
        87.0       0.79      0.88      0.83        17
        88.0       0.72      0.96      0.83        27
        89.0       0.89      0.67      0.76        12
        90.0       1.00      1.00      1.00        21
        91.0       0.94      1.00      0.97        30
        92.0       0.77      0.83      0.80        12
        93.0       0.71      0.71      0.71        14
        94.0       1.00      1.00      1.00        27
        95.0       0.88      0.92      0.90        25
        96.0       1.00      1.00      1.00        11
        97.0       0.82      0.60      0.69        30
        98.0       0.81      0.81      0.81        16
        99.0       0.74      1.00      0.85        17
       100.0       0.85      0.88      0.86        25
       101.0       0.93      0.96      0.95        28
       102.0       0.89      0.42      0.57        19
       103.0       0.70      0.92      0.79       291
       104.0       1.00      0.85      0.92        13
       105.0       0.73      1.00      0.84        16
       106.0       0.58      0.68      0.62        44
       107.0       0.93      1.00      0.96        13
       108.0       0.83      0.94      0.88        16
       109.0       1.00      0.95      0.97        19
       110.0       0.88      0.88      0.88        16
       111.0       0.92      0.86      0.89        14
       112.0       0.85      0.96      0.90        23
       113.0       0.96      0.79      0.87        34
       114.0       0.85      0.89      0.87        19
       115.0       0.84      1.00      0.91        21
       116.0       0.91      0.94      0.93        34
       117.0       0.75      1.00      0.86        12
       118.0       0.97      1.00      0.98        29
       119.0       0.89      0.96      0.93        26
       120.0       0.77      0.77      0.77        13
       121.0       0.83      0.50      0.62        10
       122.0       0.50      0.11      0.17        19
       123.0       0.79      0.65      0.72       136
       124.0       0.69      0.58      0.63        19
       125.0       0.55      0.28      0.37        58
       126.0       0.72      0.93      0.81        14
       127.0       0.94      0.94      0.94        18
       128.0       0.94      1.00      0.97        17
       129.0       0.80      0.89      0.84        18
       130.0       0.84      0.84      0.84        32
       131.0       0.91      1.00      0.95        20
       132.0       0.83      0.88      0.86        17
       133.0       1.00      1.00      1.00        15
       134.0       0.89      0.94      0.91        17
       135.0       0.92      0.92      0.92        13
       136.0       0.50      0.38      0.43        13
       137.0       0.70      0.84      0.76        38
       138.0       0.33      0.13      0.19        15
       139.0       0.75      0.63      0.69        19
       140.0       0.89      0.81      0.85        21
       141.0       0.96      1.00      0.98        45
       142.0       0.33      0.08      0.13        12
       143.0       0.73      0.50      0.59        16
       144.0       0.67      0.91      0.77        11
       145.0       0.11      0.06      0.07        18
       146.0       0.69      0.96      0.81        28
       147.0       0.88      0.64      0.74        11
       148.0       0.87      0.87      0.87        23
       149.0       0.94      0.94      0.94        52
       150.0       0.76      0.83      0.80        54
       151.0       0.63      0.75      0.69        16
       152.0       0.79      0.82      0.81        68
       153.0       0.10      0.09      0.10        11
       154.0       0.90      0.68      0.77        40
       155.0       0.85      0.92      0.88        24
       156.0       0.00      0.00      0.00        12
       157.0       0.57      0.44      0.50        18
       158.0       0.50      0.31      0.38        16
       159.0       0.53      0.50      0.51        18
       160.0       0.33      0.07      0.11        15
       161.0       0.34      0.60      0.43        25
       162.0       0.29      0.20      0.24        10
       163.0       1.00      0.50      0.67        16
       164.0       0.59      0.89      0.71        18
       165.0       1.00      0.50      0.67        12
       166.0       0.54      0.30      0.38        47
       167.0       0.95      1.00      0.98        21
       168.0       0.92      0.73      0.81        15
       169.0       0.81      1.00      0.89        17
       170.0       0.88      0.96      0.92        24
       171.0       0.81      0.81      0.81        36
       172.0       0.56      0.64      0.60        14
       173.0       1.00      0.62      0.77        16
       174.0       0.83      0.80      0.82        25
       175.0       0.46      0.50      0.48        12
       176.0       0.40      0.50      0.44        12
       177.0       1.00      0.80      0.89        20
       178.0       1.00      0.87      0.93        15
       179.0       0.55      0.43      0.48        14
       180.0       0.75      0.19      0.30        16
       181.0       0.60      0.65      0.63        23
       182.0       0.88      0.94      0.91        31
       183.0       0.71      1.00      0.83        12
       184.0       1.00      1.00      1.00        22
       185.0       0.88      0.97      0.92        29
       186.0       0.53      0.65      0.58       127
       187.0       0.77      0.92      0.84       119
       188.0       0.85      0.79      0.81        14
       189.0       0.58      0.86      0.69        22
       190.0       1.00      0.80      0.89        15
       191.0       1.00      0.75      0.86        12
       192.0       0.65      0.87      0.74        15
       193.0       0.67      0.50      0.57        12
       194.0       1.00      0.62      0.76        21
       195.0       0.40      0.20      0.27        10
       196.0       0.91      0.77      0.83        13
       197.0       0.62      0.36      0.45        14
       198.0       0.85      0.79      0.81        14
       199.0       0.75      0.20      0.32        15
       200.0       0.69      0.69      0.69        26
       201.0       0.93      0.88      0.90        16
       202.0       1.00      0.80      0.89        15
       203.0       0.81      1.00      0.89        29
       204.0       0.95      0.82      0.88        22
       205.0       1.00      1.00      1.00        15
       206.0       0.90      0.95      0.92        19
       207.0       0.83      1.00      0.90        19
       208.0       1.00      0.94      0.97        17
       209.0       0.92      0.75      0.83        16
       210.0       0.85      0.85      0.85        20
       211.0       0.67      1.00      0.80        14
       212.0       0.81      0.93      0.87        14
       213.0       0.70      0.89      0.78        18
       214.0       0.87      0.91      0.89        22
       215.0       1.00      1.00      1.00        14
       216.0       0.87      0.76      0.81        17
       217.0       0.89      0.80      0.84        10
       218.0       0.87      0.82      0.85       110
       219.0       0.93      0.93      0.93        29
       220.0       0.94      0.76      0.84        21
       221.0       0.87      0.93      0.90        14
       222.0       0.83      0.92      0.87        26
       223.0       0.88      0.94      0.91        16
       224.0       0.94      0.76      0.84        21
       225.0       1.00      0.94      0.97        17
       226.0       0.85      0.92      0.88        12
       227.0       0.58      0.85      0.69        13
       228.0       1.00      1.00      1.00        11
       229.0       0.96      0.87      0.91        30
       230.0       1.00      0.82      0.90        34
       231.0       0.80      0.31      0.44        13
       232.0       0.67      0.48      0.56        29
       233.0       0.62      0.84      0.71        19
       234.0       0.68      1.00      0.81        19
       235.0       1.00      1.00      1.00        21
       236.0       0.71      0.23      0.34        22
       237.0       0.71      0.75      0.73        20
       238.0       1.00      0.85      0.92        27
       239.0       0.88      0.93      0.90        30
       240.0       0.73      0.70      0.71        23
       241.0       0.67      0.86      0.75        14
       242.0       0.68      0.80      0.73        45
       243.0       0.71      1.00      0.83        27
       244.0       0.71      1.00      0.83        12
       245.0       1.00      0.85      0.92        20
       246.0       1.00      0.95      0.98        22
       247.0       0.85      0.55      0.67        20
       248.0       0.88      0.94      0.91        16
       249.0       0.91      0.84      0.87        25
       250.0       1.00      0.94      0.97        18
       251.0       1.00      1.00      1.00        12
       252.0       0.64      0.70      0.67        10
       253.0       0.84      0.95      0.89        22
       254.0       0.75      0.92      0.83        13
       255.0       0.43      0.56      0.49        16
       256.0       0.88      0.88      0.88        24
       257.0       0.88      0.47      0.61        15
       258.0       0.93      0.72      0.81        18
       259.0       0.83      0.96      0.89        26
       260.0       0.81      0.89      0.85        19
       261.0       0.96      0.84      0.90        31
       262.0       0.58      1.00      0.73        11
       263.0       0.94      1.00      0.97        15
       264.0       1.00      0.83      0.91        18
       265.0       1.00      0.73      0.84        11
       266.0       0.65      0.73      0.69        15
       267.0       0.62      0.38      0.48        13
       268.0       0.68      0.81      0.74        21
       269.0       0.95      1.00      0.97        19
       270.0       0.46      0.43      0.44        14
       271.0       0.94      0.79      0.86        38
       272.0       0.71      1.00      0.83        53
       273.0       0.83      0.80      0.81        30
       274.0       0.80      0.88      0.84        32
       275.0       0.83      1.00      0.91        10
       276.0       1.00      0.92      0.96        12
       277.0       0.80      0.73      0.76        11

    accuracy                           0.80      6279
   macro avg       0.81      0.79      0.79      6279
weighted avg       0.81      0.80      0.79      6279


===confusion_matrix===

[[ 8  0  0 ...  0  0  0]
 [ 0 23  0 ...  0  0  0]
 [ 0  0 15 ...  0  0  0]
 ...
 [ 0  0  0 ... 10  0  0]
 [ 0  0  0 ...  0 11  1]
 [ 0  0  0 ...  0  0  8]]

===multilabel confusion matrix===

[[[6268    1]
  [   2    8]]

 [[6251    3]
  [   2   23]]

 [[6260    2]
  [   2   15]]

 ...

 [[6267    2]
  [   0   10]]

 [[6267    0]
  [   1   11]]

 [[6266    2]
  [   3    8]]]

===scores report===
metrics	scores
Accuracy	0.8020
MCC	0.8006
log_loss	0.8698
f1 score weighted	0.7934
f1 score macro	0.7853
f1 score micro	0.8020
roc_auc ovr	0.9949
roc_auc ovo	0.9955
precision	0.8092
recall	0.8020

===TRAIN MODELS with CV===

train_model_cv	Accuracy	MCC	log_loss	f1 score weighted	f1 score macro	f1 score micro	roc_auc ovr	roc_auc ovo	precision	recall
0	0.8125796178343949	0.8112089714730498	0.8498340966135928	0.8069258222617102	0.8031703012869991	0.8125796178343949	0.9948844262270964	0.9955148316718222	0.8177280511352223	0.8125796178343949
1	0.802038541168976	0.8009031255255817	0.9768283980101836	0.7975645976548549	0.7893037788533618	0.802038541168976	0.9945921732203412	0.9949511382069727	0.8262313418998178	0.802038541168976
2	0.8149386845039019	0.8136406748796073	0.8907165842221939	0.8101559762914969	0.8032837990584349	0.8149386845039019	0.9947371298378126	0.9955079847670939	0.8268967130033333	0.8149386845039019
3	0.8510909380474598	0.849992154010509	0.7064416153758112	0.8485600768771697	0.8461665630197946	0.8510909380474598	0.9961277396342882	0.9966708500850555	0.857747149229282	0.8510909380474598
4	0.802038541168976	0.8006332097484842	0.8697770230040278	0.7934125195962546	0.7853385608435793	0.802038541168976	0.9949364470719058	0.9954946169964285	0.8091945702428758	0.802038541168976
mean	0.8165372645447417	0.8152756271274464	0.8587195434451619	0.8113237985362973	0.805452600612434	0.8165372645447417	0.9950555831982889	0.9956278843454747	0.8275595651021064	0.8165372645447417
std	0.01806986849546662	0.018140657016116554	0.08759371957147868	0.019582522569628818	0.02160045539024044	0.01806986849546662	0.0005493940114548609	0.0005640354372119603	0.016416001268736866	0.01806986849546662

Accuracy
MCC
log_loss
f1 score weighted
f1 score macro
f1 score micro
roc_auc ovr
roc_auc ovo
precision
recallFinished train_model_cv in 16610.3529 secs

