/home/amsequeira/enzymeClassification/models/hot_encoded/bi_attetion_500_post_post_lev4_ec50_new
self
x_train
y_train
x_test
y_test
number_classes
problem_type
x_dval
y_dval
model
epochs
batch_size
callbacks
reduce_lr
early_stopping
checkpoint
tensorboard
early_stopping_patience
reduce_lr_patience
reduce_lr_factor
reduce_lr_min
path
report_name
verbose
validation_split
shuffle
class_weights/home/amsequeira/enzymeClassification/models/hot_encoded/bi_attetion_500_post_post_lev4_ec50_new
self
x_train
y_train
x_test
y_test
number_classes
problem_type
x_dval
y_dval
model
epochs
batch_size
callbacks
reduce_lr
early_stopping
checkpoint
tensorboard
early_stopping_patience
reduce_lr_patience
reduce_lr_factor
reduce_lr_min
path
report_name
verbose
validation_split
shuffle
class_weights
===Callbacks===

generate_callbacks
[<tensorflow.python.keras.callbacks.EarlyStopping object at 0x7fa134120310>, <tensorflow.python.keras.callbacks.ReduceLROnPlateau object at 0x7fa134120190>, <tensorflow.python.keras.callbacks.ModelCheckpoint object at 0x7fa134120610>]
===SCORING TEST SET ===

model_complete_evaluate
{'self': <deep_ml.DeepML object at 0x7fa134120670>, 'x_test': array([[[0, 0, 0, ..., 0, 0, 0],
        [0, 0, 0, ..., 0, 0, 0],
        [0, 0, 0, ..., 0, 0, 0],
        ...,
        [1, 0, 0, ..., 0, 0, 0],
        [1, 0, 0, ..., 0, 0, 0],
        [1, 0, 0, ..., 0, 0, 0]],

       [[0, 0, 0, ..., 0, 0, 0],
        [0, 1, 0, ..., 0, 0, 0],
        [0, 1, 0, ..., 0, 0, 0],
        ...,
        [1, 0, 0, ..., 0, 0, 0],
        [1, 0, 0, ..., 0, 0, 0],
        [1, 0, 0, ..., 0, 0, 0]],

       [[0, 0, 0, ..., 0, 0, 0],
        [0, 0, 0, ..., 0, 0, 0],
        [0, 0, 0, ..., 0, 0, 0],
        ...,
        [0, 0, 0, ..., 0, 0, 0],
        [0, 0, 0, ..., 0, 0, 0],
        [0, 0, 0, ..., 0, 0, 0]],

       ...,

       [[0, 0, 0, ..., 0, 0, 0],
        [0, 1, 0, ..., 0, 0, 0],
        [0, 0, 0, ..., 0, 0, 0],
        ...,
        [0, 0, 0, ..., 0, 0, 0],
        [0, 0, 0, ..., 0, 0, 0],
        [0, 0, 0, ..., 0, 0, 1]],

       [[0, 0, 0, ..., 0, 0, 0],
        [0, 1, 0, ..., 0, 0, 0],
        [0, 0, 0, ..., 0, 0, 0],
        ...,
        [0, 0, 0, ..., 0, 1, 0],
        [0, 0, 0, ..., 0, 0, 0],
        [0, 0, 0, ..., 0, 0, 0]],

       [[0, 0, 0, ..., 0, 0, 0],
        [0, 0, 0, ..., 0, 0, 0],
        [0, 0, 0, ..., 0, 0, 0],
        ...,
        [1, 0, 0, ..., 0, 0, 0],
        [1, 0, 0, ..., 0, 0, 0],
        [1, 0, 0, ..., 0, 0, 0]]], dtype=int8), 'y_test': array([ 84.,  84., 213., ...,  62.,  62.,  62.], dtype=float32), 'model': None}
report

              precision    recall  f1-score   support

         0.0       0.82      0.90      0.86        10
         1.0       1.00      0.96      0.98        25
         2.0       0.94      0.94      0.94        16
         3.0       0.89      0.67      0.76        12
         4.0       0.67      0.67      0.67        15
         5.0       1.00      0.70      0.82        10
         6.0       1.00      0.90      0.95        21
         7.0       0.95      0.83      0.88        23
         8.0       0.65      0.68      0.67        22
         9.0       0.65      0.74      0.69        35
        10.0       0.69      0.82      0.75        11
        11.0       0.89      0.89      0.89        19
        12.0       0.69      0.50      0.58        18
        13.0       1.00      1.00      1.00        14
        14.0       1.00      0.71      0.83        14
        15.0       1.00      1.00      1.00        10
        16.0       1.00      0.94      0.97        16
        17.0       0.92      1.00      0.96        12
        18.0       0.92      0.85      0.88        26
        19.0       0.80      0.92      0.86        26
        20.0       0.93      1.00      0.96        13
        21.0       0.70      1.00      0.82        16
        22.0       0.94      0.94      0.94        17
        23.0       0.58      0.64      0.61        11
        24.0       1.00      0.83      0.91        18
        25.0       0.77      0.94      0.85        18
        26.0       0.77      1.00      0.87        10
        27.0       0.54      1.00      0.70        13
        28.0       0.93      0.65      0.76        20
        29.0       1.00      1.00      1.00        23
        30.0       0.96      0.93      0.95        29
        31.0       0.94      0.94      0.94        18
        32.0       1.00      0.80      0.89        10
        33.0       1.00      1.00      1.00        31
        34.0       1.00      0.91      0.95        32
        35.0       0.90      0.75      0.82        12
        36.0       0.76      0.93      0.83        27
        37.0       0.75      0.40      0.52        15
        38.0       0.91      0.91      0.91        11
        39.0       0.43      0.23      0.30        13
        40.0       1.00      1.00      1.00        15
        41.0       1.00      1.00      1.00        12
        42.0       0.67      0.40      0.50        10
        43.0       0.89      1.00      0.94        17
        44.0       0.93      1.00      0.97        28
        45.0       0.95      0.95      0.95        21
        46.0       1.00      0.88      0.93        16
        47.0       0.75      0.92      0.83        13
        48.0       0.75      0.82      0.78        11
        49.0       0.92      1.00      0.96        12
        50.0       0.91      0.83      0.87        12
        51.0       0.82      1.00      0.90        14
        52.0       0.96      0.92      0.94        26
        53.0       0.96      0.89      0.92        27
        54.0       0.91      0.95      0.93        22
        55.0       0.89      0.85      0.87        20
        56.0       1.00      0.92      0.96        25
        57.0       0.91      1.00      0.95        21
        58.0       1.00      0.55      0.71        11
        59.0       0.35      0.38      0.36        16
        60.0       0.92      0.92      0.92        24
        61.0       0.45      0.36      0.40        14
        62.0       0.81      0.77      0.79       133
        63.0       0.88      0.94      0.91        16
        64.0       0.67      0.91      0.77        11
        65.0       0.93      0.82      0.87        17
        66.0       0.59      0.93      0.72        14
        67.0       0.89      0.73      0.80        11
        68.0       0.94      0.79      0.86        19
        69.0       0.94      1.00      0.97        30
        70.0       0.89      0.94      0.92        18
        71.0       0.88      1.00      0.94        15
        72.0       0.91      0.91      0.91        22
        73.0       1.00      1.00      1.00        11
        74.0       1.00      0.91      0.95        22
        75.0       0.94      0.94      0.94        17
        76.0       1.00      1.00      1.00        15
        77.0       0.95      0.95      0.95        21
        78.0       1.00      0.86      0.92        21
        79.0       1.00      0.90      0.95        10
        80.0       0.50      0.74      0.60        31
        81.0       0.90      0.90      0.90        21
        82.0       1.00      0.96      0.98        27
        83.0       0.92      0.85      0.88        13
        84.0       0.88      0.95      0.91        22
        85.0       1.00      0.92      0.96        12
        86.0       0.97      0.97      0.97        39
        87.0       1.00      0.88      0.94        17
        88.0       1.00      0.93      0.96        27
        89.0       1.00      0.83      0.91        12
        90.0       1.00      1.00      1.00        21
        91.0       0.78      0.97      0.87        30
        92.0       1.00      1.00      1.00        12
        93.0       0.75      0.64      0.69        14
        94.0       0.93      1.00      0.97        28
        95.0       0.96      0.88      0.92        26
        96.0       1.00      0.91      0.95        11
        97.0       1.00      0.83      0.91        30
        98.0       1.00      0.94      0.97        16
        99.0       1.00      0.71      0.83        17
       100.0       0.96      0.96      0.96        24
       101.0       0.64      0.64      0.64        28
       102.0       0.70      0.37      0.48        19
       103.0       0.77      0.82      0.79       291
       104.0       0.90      0.69      0.78        13
       105.0       0.75      0.94      0.83        16
       106.0       0.75      0.41      0.53        44
       107.0       0.92      0.92      0.92        12
       108.0       1.00      0.88      0.93        16
       109.0       1.00      1.00      1.00        19
       110.0       0.76      1.00      0.86        16
       111.0       1.00      0.93      0.96        14
       112.0       0.92      0.96      0.94        23
       113.0       0.94      0.85      0.89        34
       114.0       0.77      0.94      0.85        18
       115.0       0.91      1.00      0.95        21
       116.0       0.97      0.94      0.96        34
       117.0       1.00      0.92      0.96        13
       118.0       0.93      1.00      0.97        28
       119.0       0.96      0.88      0.92        26
       120.0       1.00      1.00      1.00        14
       121.0       1.00      0.82      0.90        11
       122.0       0.28      0.37      0.32        19
       123.0       0.76      0.74      0.75       136
       124.0       1.00      0.95      0.97        20
       125.0       0.58      0.48      0.53        58
       126.0       0.83      0.77      0.80        13
       127.0       1.00      1.00      1.00        17
       128.0       1.00      1.00      1.00        17
       129.0       1.00      0.94      0.97        17
       130.0       0.76      0.81      0.79        32
       131.0       1.00      1.00      1.00        20
       132.0       0.89      1.00      0.94        17
       133.0       1.00      0.93      0.97        15
       134.0       1.00      0.82      0.90        17
       135.0       0.81      1.00      0.90        13
       136.0       1.00      0.46      0.63        13
       137.0       0.97      0.87      0.92        38
       138.0       0.25      0.13      0.17        15
       139.0       0.40      0.63      0.49        19
       140.0       0.85      0.52      0.65        21
       141.0       0.96      1.00      0.98        45
       142.0       0.18      0.18      0.18        11
       143.0       1.00      1.00      1.00        16
       144.0       0.67      1.00      0.80        10
       145.0       0.21      0.22      0.22        18
       146.0       0.75      0.75      0.75        28
       147.0       0.89      0.73      0.80        11
       148.0       1.00      0.65      0.79        23
       149.0       0.90      0.90      0.90        52
       150.0       0.58      0.85      0.69        54
       151.0       1.00      0.56      0.72        16
       152.0       0.94      0.73      0.82        67
       153.0       0.67      0.18      0.29        11
       154.0       0.45      0.50      0.48        40
       155.0       0.95      0.79      0.86        24
       156.0       0.36      0.42      0.38        12
       157.0       0.43      0.56      0.49        18
       158.0       0.50      0.53      0.51        17
       159.0       0.67      0.32      0.43        19
       160.0       0.48      0.87      0.62        15
       161.0       0.38      0.64      0.48        25
       162.0       0.70      0.64      0.67        11
       163.0       0.54      0.81      0.65        16
       164.0       0.74      0.94      0.83        18
       165.0       0.60      0.75      0.67        12
       166.0       0.48      0.44      0.46        48
       167.0       0.90      0.86      0.88        21
       168.0       0.83      1.00      0.91        15
       169.0       0.94      0.94      0.94        17
       170.0       1.00      0.96      0.98        24
       171.0       1.00      0.69      0.82        36
       172.0       0.89      0.57      0.70        14
       173.0       1.00      0.59      0.74        17
       174.0       0.74      0.88      0.81        26
       175.0       0.82      0.82      0.82        11
       176.0       0.64      0.58      0.61        12
       177.0       0.60      0.86      0.71        21
       178.0       0.71      1.00      0.83        15
       179.0       0.82      0.64      0.72        14
       180.0       0.62      0.67      0.65        15
       181.0       0.72      0.91      0.81        23
       182.0       1.00      0.97      0.98        30
       183.0       1.00      0.58      0.74        12
       184.0       0.95      0.91      0.93        22
       185.0       0.96      0.89      0.93        28
       186.0       0.80      0.85      0.83       128
       187.0       0.88      0.84      0.86       119
       188.0       1.00      0.86      0.92        14
       189.0       0.89      0.70      0.78        23
       190.0       0.92      0.86      0.89        14
       191.0       0.88      0.58      0.70        12
       192.0       1.00      0.87      0.93        15
       193.0       0.73      0.67      0.70        12
       194.0       0.84      0.80      0.82        20
       195.0       0.67      0.73      0.70        11
       196.0       0.92      0.85      0.88        13
       197.0       1.00      0.54      0.70        13
       198.0       0.87      0.93      0.90        14
       199.0       0.57      0.80      0.67        15
       200.0       0.95      0.73      0.83        26
       201.0       0.94      0.88      0.91        17
       202.0       1.00      0.73      0.85        15
       203.0       1.00      0.86      0.93        29
       204.0       1.00      0.82      0.90        22
       205.0       1.00      0.87      0.93        15
       206.0       0.72      0.95      0.82        19
       207.0       1.00      0.89      0.94        19
       208.0       0.84      0.94      0.89        17
       209.0       0.93      0.88      0.90        16
       210.0       1.00      1.00      1.00        20
       211.0       0.92      0.92      0.92        13
       212.0       1.00      0.93      0.96        14
       213.0       0.80      0.94      0.86        17
       214.0       0.83      0.91      0.87        22
       215.0       1.00      1.00      1.00        14
       216.0       0.94      1.00      0.97        17
       217.0       1.00      0.90      0.95        10
       218.0       0.81      0.83      0.82       110
       219.0       0.87      0.93      0.90        29
       220.0       1.00      0.90      0.95        21
       221.0       1.00      0.85      0.92        13
       222.0       1.00      1.00      1.00        26
       223.0       0.87      0.81      0.84        16
       224.0       0.88      0.71      0.79        21
       225.0       0.62      0.76      0.68        17
       226.0       0.92      1.00      0.96        12
       227.0       0.71      0.92      0.80        13
       228.0       1.00      0.92      0.96        12
       229.0       0.82      0.90      0.86        31
       230.0       0.88      0.88      0.88        34
       231.0       0.60      0.69      0.64        13
       232.0       0.71      0.86      0.78        29
       233.0       0.90      0.90      0.90        20
       234.0       1.00      1.00      1.00        20
       235.0       1.00      0.95      0.98        21
       236.0       0.63      0.86      0.73        22
       237.0       0.61      1.00      0.75        20
       238.0       0.93      1.00      0.96        27
       239.0       0.97      0.97      0.97        30
       240.0       0.88      1.00      0.94        23
       241.0       0.89      0.62      0.73        13
       242.0       0.76      0.82      0.79        45
       243.0       0.96      0.92      0.94        26
       244.0       1.00      0.83      0.91        12
       245.0       0.76      1.00      0.86        19
       246.0       0.95      1.00      0.98        21
       247.0       0.95      0.95      0.95        21
       248.0       0.80      0.75      0.77        16
       249.0       0.92      0.85      0.88        26
       250.0       0.95      0.95      0.95        19
       251.0       0.79      0.92      0.85        12
       252.0       0.67      0.55      0.60        11
       253.0       0.95      0.91      0.93        22
       254.0       0.92      1.00      0.96        12
       255.0       0.86      0.40      0.55        15
       256.0       0.96      0.92      0.94        24
       257.0       1.00      0.73      0.85        15
       258.0       0.95      1.00      0.97        18
       259.0       0.96      1.00      0.98        26
       260.0       0.95      1.00      0.97        18
       261.0       0.96      0.87      0.92        31
       262.0       1.00      1.00      1.00        11
       263.0       0.88      0.93      0.90        15
       264.0       0.90      1.00      0.95        18
       265.0       0.85      1.00      0.92        11
       266.0       0.93      0.93      0.93        15
       267.0       0.92      0.92      0.92        13
       268.0       0.83      1.00      0.91        20
       269.0       0.90      1.00      0.95        19
       270.0       0.67      0.29      0.40        14
       271.0       0.92      0.95      0.94        38
       272.0       0.83      0.94      0.88        53
       273.0       0.77      0.77      0.77        31
       274.0       0.91      0.97      0.94        32
       275.0       0.79      1.00      0.88        11
       276.0       0.91      0.91      0.91        11
       277.0       1.00      0.92      0.96        12

    accuracy                           0.83      6280
   macro avg       0.85      0.83      0.84      6280
weighted avg       0.85      0.83      0.83      6280


===confusion_matrix===

[[ 9  0  0 ...  0  0  0]
 [ 0 24  0 ...  0  0  0]
 [ 0  0 15 ...  0  0  0]
 ...
 [ 0  0  0 ... 11  0  0]
 [ 0  0  0 ...  0 10  0]
 [ 0  0  0 ...  1  0 11]]

===multilabel confusion matrix===

[[[6268    2]
  [   1    9]]

 [[6255    0]
  [   1   24]]

 [[6263    1]
  [   1   15]]

 ...

 [[6266    3]
  [   0   11]]

 [[6268    1]
  [   1   10]]

 [[6268    0]
  [   1   11]]]

===scores report===
metrics	scores
Accuracy	0.8344
MCC	0.8332
log_loss	0.7807
f1 score weighted	0.8336
f1 score macro	0.8352
f1 score micro	0.8344
roc_auc ovr	0.9954
roc_auc ovo	0.9960
precision	0.8470
recall	0.8344

===Callbacks===

generate_callbacks
[<tensorflow.python.keras.callbacks.EarlyStopping object at 0x7fa134120310>, <tensorflow.python.keras.callbacks.ReduceLROnPlateau object at 0x7fa134120190>, <tensorflow.python.keras.callbacks.ModelCheckpoint object at 0x7fa134120610>]
===SCORING TEST SET ===

model_complete_evaluate
{'self': <deep_ml.DeepML object at 0x7fa134120670>, 'x_test': array([[[0, 0, 0, ..., 0, 0, 0],
        [0, 0, 0, ..., 0, 0, 0],
        [0, 1, 0, ..., 0, 0, 0],
        ...,
        [1, 0, 0, ..., 0, 0, 0],
        [1, 0, 0, ..., 0, 0, 0],
        [1, 0, 0, ..., 0, 0, 0]],

       [[0, 0, 0, ..., 0, 0, 0],
        [0, 0, 0, ..., 0, 0, 0],
        [0, 0, 0, ..., 0, 0, 0],
        ...,
        [1, 0, 0, ..., 0, 0, 0],
        [1, 0, 0, ..., 0, 0, 0],
        [1, 0, 0, ..., 0, 0, 0]],

       [[0, 0, 0, ..., 0, 0, 0],
        [0, 0, 0, ..., 0, 0, 0],
        [0, 0, 0, ..., 0, 0, 0],
        ...,
        [1, 0, 0, ..., 0, 0, 0],
        [1, 0, 0, ..., 0, 0, 0],
        [1, 0, 0, ..., 0, 0, 0]],

       ...,

       [[0, 0, 0, ..., 0, 0, 0],
        [0, 1, 0, ..., 0, 0, 0],
        [0, 0, 0, ..., 0, 0, 0],
        ...,
        [0, 0, 0, ..., 0, 0, 0],
        [0, 0, 0, ..., 0, 0, 1],
        [0, 0, 0, ..., 0, 0, 0]],

       [[0, 0, 0, ..., 0, 0, 0],
        [0, 0, 0, ..., 0, 0, 0],
        [0, 0, 0, ..., 0, 0, 1],
        ...,
        [0, 1, 0, ..., 0, 0, 0],
        [0, 0, 0, ..., 0, 0, 0],
        [0, 0, 0, ..., 0, 0, 0]],

       [[0, 0, 0, ..., 0, 0, 0],
        [0, 0, 0, ..., 0, 0, 0],
        [0, 0, 0, ..., 0, 0, 0],
        ...,
        [0, 0, 0, ..., 0, 0, 0],
        [0, 0, 0, ..., 0, 0, 0],
        [0, 0, 0, ..., 0, 0, 0]]], dtype=int8), 'y_test': array([ 84.,  84.,  84., ..., 186.,  62., 139.], dtype=float32), 'model': None}
report

              precision    recall  f1-score   support

         0.0       0.77      0.91      0.83        11
         1.0       0.89      0.96      0.92        25
         2.0       0.93      0.81      0.87        16
         3.0       0.80      0.92      0.86        13
         4.0       0.74      0.88      0.80        16
         5.0       1.00      0.90      0.95        10
         6.0       0.88      1.00      0.93        21
         7.0       0.81      0.91      0.86        23
         8.0       0.58      0.68      0.62        22
         9.0       0.57      0.91      0.70        34
        10.0       0.71      0.45      0.56        11
        11.0       0.95      0.95      0.95        19
        12.0       0.33      0.65      0.44        17
        13.0       1.00      0.93      0.96        14
        14.0       0.92      0.79      0.85        14
        15.0       1.00      0.80      0.89        10
        16.0       0.70      1.00      0.82        16
        17.0       0.89      0.67      0.76        12
        18.0       0.69      0.85      0.76        26
        19.0       1.00      0.92      0.96        26
        20.0       1.00      1.00      1.00        13
        21.0       0.94      1.00      0.97        16
        22.0       1.00      0.94      0.97        17
        23.0       0.75      0.75      0.75        12
        24.0       0.80      0.84      0.82        19
        25.0       0.74      0.89      0.81        19
        26.0       0.71      1.00      0.83        10
        27.0       0.92      0.85      0.88        13
        28.0       0.90      0.95      0.93        20
        29.0       1.00      1.00      1.00        22
        30.0       0.96      0.86      0.91        29
        31.0       1.00      1.00      1.00        18
        32.0       1.00      0.70      0.82        10
        33.0       0.94      0.97      0.95        30
        34.0       1.00      0.72      0.84        32
        35.0       0.78      0.58      0.67        12
        36.0       1.00      0.81      0.90        27
        37.0       0.64      0.60      0.62        15
        38.0       0.67      0.91      0.77        11
        39.0       0.21      0.23      0.22        13
        40.0       0.88      1.00      0.94        15
        41.0       0.86      1.00      0.92        12
        42.0       1.00      1.00      1.00        11
        43.0       0.84      1.00      0.91        16
        44.0       0.96      0.82      0.88        28
        45.0       0.95      1.00      0.98        21
        46.0       1.00      0.94      0.97        16
        47.0       0.62      1.00      0.76        13
        48.0       0.82      0.82      0.82        11
        49.0       0.92      1.00      0.96        12
        50.0       1.00      0.92      0.96        12
        51.0       0.92      0.86      0.89        14
        52.0       0.85      0.88      0.87        26
        53.0       0.87      0.96      0.91        27
        54.0       0.95      0.91      0.93        22
        55.0       0.80      1.00      0.89        20
        56.0       0.92      0.96      0.94        25
        57.0       0.95      0.95      0.95        21
        58.0       0.92      1.00      0.96        11
        59.0       0.50      0.31      0.38        16
        60.0       1.00      0.96      0.98        25
        61.0       0.57      0.29      0.38        14
        62.0       0.66      0.87      0.75       133
        63.0       0.88      0.94      0.91        16
        64.0       1.00      0.67      0.80        12
        65.0       1.00      0.76      0.87        17
        66.0       0.88      1.00      0.93        14
        67.0       1.00      0.91      0.95        11
        68.0       1.00      0.83      0.91        18
        69.0       1.00      1.00      1.00        30
        70.0       1.00      1.00      1.00        18
        71.0       0.75      0.80      0.77        15
        72.0       1.00      0.95      0.98        21
        73.0       1.00      1.00      1.00        11
        74.0       1.00      1.00      1.00        21
        75.0       0.95      1.00      0.97        18
        76.0       1.00      0.93      0.97        15
        77.0       0.91      0.95      0.93        21
        78.0       1.00      1.00      1.00        21
        79.0       0.85      1.00      0.92        11
        80.0       0.51      0.58      0.55        31
        81.0       0.86      0.86      0.86        21
        82.0       0.93      0.96      0.95        27
        83.0       0.92      0.92      0.92        13
        84.0       0.89      0.73      0.80        22
        85.0       0.90      0.75      0.82        12
        86.0       0.95      1.00      0.97        39
        87.0       0.93      0.76      0.84        17
        88.0       0.90      1.00      0.95        26
        89.0       1.00      0.92      0.96        12
        90.0       1.00      0.90      0.95        21
        91.0       1.00      0.90      0.95        30
        92.0       0.92      1.00      0.96        12
        93.0       0.82      0.64      0.72        14
        94.0       1.00      0.79      0.88        28
        95.0       0.96      0.88      0.92        26
        96.0       0.91      0.91      0.91        11
        97.0       0.93      0.90      0.92        31
        98.0       0.87      0.81      0.84        16
        99.0       1.00      1.00      1.00        17
       100.0       1.00      0.92      0.96        25
       101.0       0.75      0.64      0.69        28
       102.0       0.90      0.47      0.62        19
       103.0       0.80      0.85      0.82       292
       104.0       0.86      0.92      0.89        13
       105.0       0.94      0.88      0.91        17
       106.0       0.69      0.63      0.66        43
       107.0       1.00      0.92      0.96        13
       108.0       0.93      0.81      0.87        16
       109.0       0.77      0.94      0.85        18
       110.0       1.00      0.81      0.90        16
       111.0       0.92      0.92      0.92        13
       112.0       0.96      0.96      0.96        23
       113.0       0.94      0.94      0.94        34
       114.0       0.94      0.83      0.88        18
       115.0       1.00      0.95      0.98        21
       116.0       0.97      1.00      0.99        34
       117.0       0.92      1.00      0.96        12
       118.0       0.93      1.00      0.97        28
       119.0       0.96      0.96      0.96        25
       120.0       0.86      0.86      0.86        14
       121.0       0.53      0.73      0.62        11
       122.0       0.25      0.11      0.15        19
       123.0       0.92      0.85      0.89       136
       124.0       0.94      0.80      0.86        20
       125.0       0.56      0.40      0.46        58
       126.0       0.87      0.93      0.90        14
       127.0       1.00      1.00      1.00        17
       128.0       1.00      0.94      0.97        16
       129.0       1.00      0.89      0.94        18
       130.0       0.67      1.00      0.81        31
       131.0       1.00      1.00      1.00        20
       132.0       0.95      1.00      0.97        18
       133.0       0.88      0.93      0.90        15
       134.0       0.89      1.00      0.94        16
       135.0       0.92      0.92      0.92        13
       136.0       0.88      0.54      0.67        13
       137.0       0.97      0.92      0.95        39
       138.0       0.47      0.50      0.48        14
       139.0       0.61      0.74      0.67        19
       140.0       0.95      0.90      0.93        21
       141.0       1.00      0.93      0.97        46
       142.0       0.67      0.33      0.44        12
       143.0       0.79      0.94      0.86        16
       144.0       0.89      0.80      0.84        10
       145.0       0.38      0.16      0.22        19
       146.0       0.90      0.68      0.78        28
       147.0       0.78      0.58      0.67        12
       148.0       1.00      0.96      0.98        24
       149.0       0.91      0.98      0.94        52
       150.0       0.82      0.75      0.78        53
       151.0       0.94      1.00      0.97        15
       152.0       0.60      0.87      0.71        67
       153.0       0.25      0.27      0.26        11
       154.0       0.79      0.47      0.59        40
       155.0       0.73      0.92      0.81        24
       156.0       0.44      0.33      0.38        12
       157.0       0.50      0.22      0.31        18
       158.0       0.57      0.47      0.52        17
       159.0       0.77      0.56      0.65        18
       160.0       0.92      0.73      0.81        15
       161.0       0.43      0.60      0.50        25
       162.0       0.11      0.40      0.17        10
       163.0       0.59      0.62      0.61        16
       164.0       0.82      1.00      0.90        18
       165.0       0.56      0.77      0.65        13
       166.0       0.31      0.38      0.34        48
       167.0       0.95      1.00      0.98        21
       168.0       0.86      0.80      0.83        15
       169.0       0.94      1.00      0.97        17
       170.0       0.96      0.96      0.96        24
       171.0       0.91      0.89      0.90        36
       172.0       0.75      0.64      0.69        14
       173.0       1.00      0.82      0.90        17
       174.0       0.91      0.81      0.86        26
       175.0       0.67      0.91      0.77        11
       176.0       0.78      0.58      0.67        12
       177.0       0.71      0.81      0.76        21
       178.0       0.94      1.00      0.97        15
       179.0       0.48      0.79      0.59        14
       180.0       0.58      0.73      0.65        15
       181.0       0.95      0.87      0.91        23
       182.0       0.97      0.97      0.97        30
       183.0       0.79      0.92      0.85        12
       184.0       1.00      0.86      0.92        21
       185.0       0.85      1.00      0.92        28
       186.0       0.93      0.65      0.76       128
       187.0       0.90      0.87      0.88       119
       188.0       0.92      0.86      0.89        14
       189.0       0.82      0.78      0.80        23
       190.0       0.67      1.00      0.80        14
       191.0       1.00      0.58      0.74        12
       192.0       0.92      0.73      0.81        15
       193.0       0.69      0.82      0.75        11
       194.0       0.64      0.70      0.67        20
       195.0       1.00      0.36      0.53        11
       196.0       0.90      0.69      0.78        13
       197.0       0.86      0.46      0.60        13
       198.0       0.81      1.00      0.90        13
       199.0       0.58      0.50      0.54        14
       200.0       0.86      0.92      0.89        26
       201.0       0.88      0.88      0.88        16
       202.0       0.94      1.00      0.97        15
       203.0       0.82      0.93      0.87        29
       204.0       0.90      0.90      0.90        21
       205.0       1.00      1.00      1.00        15
       206.0       0.85      0.89      0.87        19
       207.0       1.00      1.00      1.00        20
       208.0       1.00      0.94      0.97        17
       209.0       0.94      0.94      0.94        16
       210.0       0.90      0.95      0.93        20
       211.0       1.00      1.00      1.00        13
       212.0       0.93      0.93      0.93        14
       213.0       0.74      1.00      0.85        17
       214.0       0.88      0.95      0.91        22
       215.0       0.93      1.00      0.97        14
       216.0       0.94      1.00      0.97        17
       217.0       0.85      1.00      0.92        11
       218.0       0.93      0.73      0.82       111
       219.0       0.83      1.00      0.91        30
       220.0       0.88      1.00      0.93        21
       221.0       0.59      1.00      0.74        13
       222.0       1.00      0.88      0.94        26
       223.0       0.89      0.94      0.91        17
       224.0       0.85      0.85      0.85        20
       225.0       0.94      1.00      0.97        17
       226.0       0.80      1.00      0.89        12
       227.0       0.75      0.69      0.72        13
       228.0       0.86      1.00      0.92        12
       229.0       0.94      0.94      0.94        31
       230.0       0.97      0.85      0.91        34
       231.0       0.71      0.42      0.53        12
       232.0       0.71      0.86      0.77        28
       233.0       0.83      0.79      0.81        19
       234.0       0.95      1.00      0.98        20
       235.0       0.89      0.85      0.87        20
       236.0       0.56      0.83      0.67        23
       237.0       0.94      0.80      0.86        20
       238.0       1.00      1.00      1.00        27
       239.0       1.00      0.94      0.97        31
       240.0       1.00      0.83      0.90        23
       241.0       1.00      0.71      0.83        14
       242.0       0.97      0.66      0.78        44
       243.0       1.00      0.88      0.94        26
       244.0       0.90      0.82      0.86        11
       245.0       0.71      0.85      0.77        20
       246.0       1.00      1.00      1.00        22
       247.0       1.00      0.90      0.95        20
       248.0       1.00      0.75      0.86        16
       249.0       0.87      1.00      0.93        26
       250.0       1.00      0.95      0.97        19
       251.0       1.00      0.82      0.90        11
       252.0       0.80      0.73      0.76        11
       253.0       0.92      0.96      0.94        23
       254.0       1.00      0.83      0.91        12
       255.0       0.72      0.81      0.76        16
       256.0       0.88      0.96      0.92        24
       257.0       0.83      0.71      0.77        14
       258.0       1.00      1.00      1.00        18
       259.0       0.92      0.92      0.92        26
       260.0       1.00      0.89      0.94        18
       261.0       0.88      0.94      0.91        31
       262.0       1.00      1.00      1.00        11
       263.0       0.93      0.93      0.93        15
       264.0       1.00      0.95      0.97        19
       265.0       1.00      0.91      0.95        11
       266.0       1.00      0.86      0.92        14
       267.0       0.89      0.62      0.73        13
       268.0       0.76      0.95      0.84        20
       269.0       0.95      1.00      0.97        19
       270.0       0.25      0.14      0.18        14
       271.0       1.00      0.87      0.93        38
       272.0       0.82      0.94      0.88        53
       273.0       0.89      0.77      0.83        31
       274.0       1.00      0.78      0.88        32
       275.0       1.00      1.00      1.00        10
       276.0       1.00      1.00      1.00        11
       277.0       1.00      1.00      1.00        12

    accuracy                           0.84      6279
   macro avg       0.86      0.84      0.84      6279
weighted avg       0.85      0.84      0.84      6279


===confusion_matrix===

[[10  0  0 ...  0  0  0]
 [ 0 24  0 ...  0  0  0]
 [ 0  0 13 ...  0  0  0]
 ...
 [ 0  0  0 ... 10  0  0]
 [ 0  0  0 ...  0 11  0]
 [ 0  0  0 ...  0  0 12]]

===multilabel confusion matrix===

[[[6265    3]
  [   1   10]]

 [[6251    3]
  [   1   24]]

 [[6262    1]
  [   3   13]]

 ...

 [[6269    0]
  [   0   10]]

 [[6268    0]
  [   0   11]]

 [[6267    0]
  [   0   12]]]

===scores report===
metrics	scores
Accuracy	0.8406
MCC	0.8395
log_loss	0.7392
f1 score weighted	0.8401
f1 score macro	0.8395
f1 score micro	0.8406
roc_auc ovr	0.9960
roc_auc ovo	0.9963
precision	0.8546
recall	0.8406

===Callbacks===

generate_callbacks
[<tensorflow.python.keras.callbacks.EarlyStopping object at 0x7fa134120310>, <tensorflow.python.keras.callbacks.ReduceLROnPlateau object at 0x7fa134120190>, <tensorflow.python.keras.callbacks.ModelCheckpoint object at 0x7fa134120610>]
===SCORING TEST SET ===

model_complete_evaluate
{'self': <deep_ml.DeepML object at 0x7fa134120670>, 'x_test': array([[[0, 0, 0, ..., 0, 0, 0],
        [0, 0, 0, ..., 0, 0, 0],
        [0, 0, 1, ..., 0, 0, 0],
        ...,
        [1, 0, 0, ..., 0, 0, 0],
        [1, 0, 0, ..., 0, 0, 0],
        [1, 0, 0, ..., 0, 0, 0]],

       [[0, 0, 0, ..., 0, 0, 0],
        [0, 0, 0, ..., 0, 0, 0],
        [0, 0, 0, ..., 0, 0, 0],
        ...,
        [1, 0, 0, ..., 0, 0, 0],
        [1, 0, 0, ..., 0, 0, 0],
        [1, 0, 0, ..., 0, 0, 0]],

       [[0, 0, 0, ..., 0, 0, 0],
        [0, 0, 0, ..., 0, 0, 0],
        [0, 0, 0, ..., 0, 0, 0],
        ...,
        [1, 0, 0, ..., 0, 0, 0],
        [1, 0, 0, ..., 0, 0, 0],
        [1, 0, 0, ..., 0, 0, 0]],

       ...,

       [[0, 0, 0, ..., 0, 0, 0],
        [0, 1, 0, ..., 0, 0, 0],
        [0, 0, 0, ..., 0, 0, 0],
        ...,
        [0, 0, 0, ..., 0, 0, 0],
        [0, 0, 0, ..., 0, 0, 0],
        [0, 0, 0, ..., 0, 0, 1]],

       [[0, 0, 0, ..., 0, 0, 0],
        [0, 0, 0, ..., 0, 0, 0],
        [0, 0, 0, ..., 0, 0, 1],
        ...,
        [1, 0, 0, ..., 0, 0, 0],
        [1, 0, 0, ..., 0, 0, 0],
        [1, 0, 0, ..., 0, 0, 0]],

       [[0, 0, 0, ..., 0, 0, 0],
        [0, 0, 0, ..., 0, 0, 0],
        [0, 1, 0, ..., 0, 0, 0],
        ...,
        [0, 0, 0, ..., 0, 0, 0],
        [0, 0, 0, ..., 0, 1, 0],
        [0, 0, 0, ..., 0, 0, 0]]], dtype=int8), 'y_test': array([84., 84., 84., ..., 62., 62., 62.], dtype=float32), 'model': None}
report

              precision    recall  f1-score   support

         0.0       1.00      1.00      1.00        11
         1.0       0.96      1.00      0.98        25
         2.0       0.94      0.94      0.94        17
         3.0       0.90      0.69      0.78        13
         4.0       0.61      0.93      0.74        15
         5.0       1.00      0.80      0.89        10
         6.0       1.00      0.86      0.92        21
         7.0       0.47      0.65      0.55        23
         8.0       0.93      0.59      0.72        22
         9.0       0.88      0.88      0.88        34
        10.0       0.73      0.80      0.76        10
        11.0       0.95      0.95      0.95        19
        12.0       0.33      0.06      0.10        17
        13.0       0.92      0.79      0.85        14
        14.0       0.69      0.85      0.76        13
        15.0       0.82      0.82      0.82        11
        16.0       1.00      1.00      1.00        16
        17.0       1.00      1.00      1.00        12
        18.0       0.96      0.96      0.96        25
        19.0       0.92      0.88      0.90        26
        20.0       0.83      0.77      0.80        13
        21.0       1.00      1.00      1.00        16
        22.0       1.00      0.94      0.97        17
        23.0       0.56      0.91      0.69        11
        24.0       0.93      0.68      0.79        19
        25.0       0.86      1.00      0.92        18
        26.0       1.00      1.00      1.00        11
        27.0       0.92      0.85      0.88        13
        28.0       1.00      1.00      1.00        21
        29.0       1.00      1.00      1.00        22
        30.0       0.81      1.00      0.89        29
        31.0       0.95      1.00      0.97        18
        32.0       1.00      0.30      0.46        10
        33.0       1.00      0.97      0.98        30
        34.0       1.00      0.91      0.95        32
        35.0       0.90      0.69      0.78        13
        36.0       0.93      0.96      0.95        27
        37.0       0.78      0.47      0.58        15
        38.0       0.92      1.00      0.96        12
        39.0       0.60      0.46      0.52        13
        40.0       1.00      1.00      1.00        15
        41.0       1.00      0.83      0.91        12
        42.0       0.82      0.82      0.82        11
        43.0       1.00      1.00      1.00        16
        44.0       0.90      0.90      0.90        29
        45.0       0.91      0.91      0.91        22
        46.0       0.84      1.00      0.91        16
        47.0       0.90      0.69      0.78        13
        48.0       0.67      0.91      0.77        11
        49.0       0.90      0.75      0.82        12
        50.0       0.92      1.00      0.96        12
        51.0       0.91      0.77      0.83        13
        52.0       0.71      0.92      0.80        26
        53.0       0.87      1.00      0.93        27
        54.0       0.91      0.91      0.91        23
        55.0       0.90      0.95      0.92        19
        56.0       1.00      0.96      0.98        25
        57.0       0.85      0.77      0.81        22
        58.0       1.00      0.55      0.71        11
        59.0       0.33      0.38      0.35        16
        60.0       0.88      0.84      0.86        25
        61.0       0.00      0.00      0.00        15
        62.0       0.78      0.81      0.79       133
        63.0       0.94      0.94      0.94        16
        64.0       0.61      0.92      0.73        12
        65.0       0.89      0.94      0.92        18
        66.0       0.68      0.93      0.79        14
        67.0       0.92      1.00      0.96        11
        68.0       0.80      0.89      0.84        18
        69.0       0.97      1.00      0.98        30
        70.0       1.00      0.94      0.97        18
        71.0       0.92      0.73      0.81        15
        72.0       1.00      1.00      1.00        22
        73.0       0.91      0.91      0.91        11
        74.0       1.00      1.00      1.00        21
        75.0       1.00      0.94      0.97        18
        76.0       0.93      0.93      0.93        15
        77.0       0.91      1.00      0.95        21
        78.0       1.00      1.00      1.00        21
        79.0       0.77      0.91      0.83        11
        80.0       0.57      0.62      0.60        32
        81.0       1.00      0.90      0.95        21
        82.0       0.89      0.96      0.93        26
        83.0       0.93      1.00      0.96        13
        84.0       1.00      0.90      0.95        21
        85.0       0.77      0.83      0.80        12
        86.0       0.97      0.97      0.97        39
        87.0       0.84      0.94      0.89        17
        88.0       0.74      0.96      0.84        27
        89.0       0.86      0.50      0.63        12
        90.0       0.95      0.95      0.95        20
        91.0       0.97      0.93      0.95        30
        92.0       0.92      0.92      0.92        13
        93.0       0.80      0.62      0.70        13
        94.0       0.83      0.93      0.88        27
        95.0       0.96      1.00      0.98        26
        96.0       1.00      0.91      0.95        11
        97.0       0.89      1.00      0.94        31
        98.0       0.74      0.82      0.78        17
        99.0       1.00      0.78      0.88        18
       100.0       0.95      0.84      0.89        25
       101.0       0.59      0.71      0.65        28
       102.0       0.38      0.15      0.21        20
       103.0       0.74      0.88      0.81       292
       104.0       0.62      0.38      0.48        13
       105.0       0.86      0.75      0.80        16
       106.0       0.81      0.70      0.75        43
       107.0       1.00      0.92      0.96        13
       108.0       0.88      0.93      0.90        15
       109.0       0.88      0.83      0.86        18
       110.0       1.00      0.88      0.94        17
       111.0       0.88      1.00      0.93        14
       112.0       0.96      0.96      0.96        23
       113.0       0.97      0.91      0.94        34
       114.0       0.73      0.89      0.80        18
       115.0       0.86      0.90      0.88        21
       116.0       0.92      1.00      0.96        34
       117.0       1.00      0.92      0.96        12
       118.0       0.96      0.96      0.96        28
       119.0       0.96      1.00      0.98        26
       120.0       0.65      1.00      0.79        13
       121.0       0.83      0.45      0.59        11
       122.0       0.31      0.45      0.37        20
       123.0       0.68      0.87      0.76       135
       124.0       0.73      1.00      0.84        19
       125.0       0.59      0.38      0.46        58
       126.0       0.77      0.71      0.74        14
       127.0       1.00      0.94      0.97        18
       128.0       1.00      1.00      1.00        16
       129.0       1.00      0.89      0.94        18
       130.0       0.96      0.84      0.90        32
       131.0       0.90      0.90      0.90        20
       132.0       1.00      1.00      1.00        18
       133.0       0.93      1.00      0.97        14
       134.0       1.00      0.88      0.93        16
       135.0       0.87      1.00      0.93        13
       136.0       0.62      0.38      0.48        13
       137.0       0.95      0.95      0.95        39
       138.0       0.67      0.57      0.62        14
       139.0       0.54      0.74      0.62        19
       140.0       0.89      0.80      0.84        20
       141.0       0.84      0.96      0.90        45
       142.0       0.29      0.17      0.21        12
       143.0       0.83      0.88      0.86        17
       144.0       0.67      0.60      0.63        10
       145.0       0.50      0.11      0.17        19
       146.0       0.88      0.75      0.81        28
       147.0       1.00      0.83      0.91        12
       148.0       0.88      0.88      0.88        24
       149.0       0.92      0.94      0.93        51
       150.0       0.82      0.75      0.78        53
       151.0       0.92      0.69      0.79        16
       152.0       0.93      0.63      0.75        67
       153.0       0.16      0.30      0.21        10
       154.0       0.46      0.62      0.53        40
       155.0       1.00      0.92      0.96        25
       156.0       0.62      0.45      0.53        11
       157.0       0.75      0.50      0.60        18
       158.0       0.50      0.56      0.53        16
       159.0       0.85      0.61      0.71        18
       160.0       0.48      0.80      0.60        15
       161.0       0.58      0.60      0.59        25
       162.0       0.57      0.40      0.47        10
       163.0       1.00      0.47      0.64        15
       164.0       0.89      1.00      0.94        17
       165.0       0.55      0.46      0.50        13
       166.0       0.47      0.31      0.38        48
       167.0       0.79      0.86      0.83        22
       168.0       0.68      0.87      0.76        15
       169.0       0.93      0.81      0.87        16
       170.0       1.00      1.00      1.00        24
       171.0       0.86      0.83      0.85        36
       172.0       1.00      0.79      0.88        14
       173.0       0.80      0.94      0.86        17
       174.0       0.68      0.84      0.75        25
       175.0       0.67      0.50      0.57        12
       176.0       1.00      0.42      0.59        12
       177.0       0.86      0.90      0.88        21
       178.0       0.94      1.00      0.97        15
       179.0       0.60      0.60      0.60        15
       180.0       0.40      0.80      0.53        15
       181.0       0.84      0.73      0.78        22
       182.0       0.91      1.00      0.95        31
       183.0       1.00      0.83      0.91        12
       184.0       0.90      0.90      0.90        21
       185.0       0.90      0.97      0.93        29
       186.0       0.78      0.73      0.75       127
       187.0       0.87      0.89      0.88       119
       188.0       1.00      0.79      0.88        14
       189.0       0.71      0.77      0.74        22
       190.0       1.00      0.93      0.96        14
       191.0       0.71      0.83      0.77        12
       192.0       1.00      0.87      0.93        15
       193.0       0.70      0.58      0.64        12
       194.0       0.87      0.65      0.74        20
       195.0       0.50      0.18      0.27        11
       196.0       0.80      0.86      0.83        14
       197.0       0.89      0.62      0.73        13
       198.0       0.92      0.92      0.92        13
       199.0       0.70      0.47      0.56        15
       200.0       0.85      0.81      0.83        27
       201.0       0.94      0.94      0.94        16
       202.0       0.86      0.86      0.86        14
       203.0       0.96      0.93      0.95        29
       204.0       0.95      1.00      0.98        21
       205.0       0.94      1.00      0.97        16
       206.0       0.94      0.89      0.92        19
       207.0       0.80      1.00      0.89        20
       208.0       1.00      0.94      0.97        17
       209.0       0.76      0.81      0.79        16
       210.0       0.95      1.00      0.98        20
       211.0       1.00      0.79      0.88        14
       212.0       0.93      1.00      0.97        14
       213.0       0.79      0.83      0.81        18
       214.0       0.82      0.82      0.82        22
       215.0       1.00      0.86      0.92        14
       216.0       1.00      0.94      0.97        17
       217.0       0.83      0.91      0.87        11
       218.0       0.85      0.85      0.85       111
       219.0       0.93      0.97      0.95        29
       220.0       0.87      0.95      0.91        21
       221.0       0.87      1.00      0.93        13
       222.0       1.00      0.92      0.96        26
       223.0       0.88      0.88      0.88        17
       224.0       0.95      1.00      0.98        20
       225.0       0.92      0.69      0.79        16
       226.0       0.77      0.91      0.83        11
       227.0       0.88      0.54      0.67        13
       228.0       1.00      1.00      1.00        11
       229.0       0.96      0.90      0.93        30
       230.0       0.94      0.88      0.91        34
       231.0       0.89      0.67      0.76        12
       232.0       0.77      0.69      0.73        29
       233.0       0.81      0.89      0.85        19
       234.0       0.79      1.00      0.88        19
       235.0       0.95      0.95      0.95        20
       236.0       0.89      0.73      0.80        22
       237.0       0.92      0.55      0.69        20
       238.0       1.00      1.00      1.00        27
       239.0       0.89      1.00      0.94        31
       240.0       0.80      1.00      0.89        24
       241.0       0.93      0.93      0.93        14
       242.0       0.83      0.80      0.81        44
       243.0       0.90      0.96      0.93        27
       244.0       1.00      0.91      0.95        11
       245.0       0.82      0.90      0.86        20
       246.0       0.91      0.95      0.93        22
       247.0       0.95      0.95      0.95        20
       248.0       0.69      0.69      0.69        16
       249.0       0.84      1.00      0.91        26
       250.0       0.95      1.00      0.97        19
       251.0       1.00      1.00      1.00        11
       252.0       0.64      0.64      0.64        11
       253.0       0.95      0.95      0.95        22
       254.0       1.00      1.00      1.00        12
       255.0       0.43      0.75      0.55        16
       256.0       0.91      0.83      0.87        24
       257.0       0.77      0.71      0.74        14
       258.0       1.00      1.00      1.00        18
       259.0       1.00      1.00      1.00        26
       260.0       1.00      0.94      0.97        18
       261.0       0.91      0.94      0.92        31
       262.0       1.00      0.90      0.95        10
       263.0       1.00      0.87      0.93        15
       264.0       1.00      0.89      0.94        19
       265.0       0.91      1.00      0.95        10
       266.0       0.75      0.80      0.77        15
       267.0       0.92      0.85      0.88        13
       268.0       0.76      0.95      0.84        20
       269.0       0.94      0.94      0.94        18
       270.0       1.00      0.40      0.57        15
       271.0       0.80      0.95      0.87        38
       272.0       0.98      0.91      0.94        53
       273.0       0.93      0.90      0.92        31
       274.0       0.87      0.84      0.86        32
       275.0       1.00      0.90      0.95        10
       276.0       0.85      1.00      0.92        11
       277.0       0.73      1.00      0.85        11

    accuracy                           0.84      6279
   macro avg       0.85      0.83      0.83      6279
weighted avg       0.84      0.84      0.83      6279


===confusion_matrix===

[[11  0  0 ...  0  0  0]
 [ 0 25  0 ...  0  0  0]
 [ 0  0 16 ...  0  0  0]
 ...
 [ 0  0  0 ...  9  0  1]
 [ 0  0  0 ...  0 11  0]
 [ 0  0  0 ...  0  0 11]]

===multilabel confusion matrix===

[[[6268    0]
  [   0   11]]

 [[6253    1]
  [   0   25]]

 [[6261    1]
  [   1   16]]

 ...

 [[6269    0]
  [   1    9]]

 [[6266    2]
  [   0   11]]

 [[6264    4]
  [   0   11]]]

===scores report===
metrics	scores
Accuracy	0.8369
MCC	0.8357
log_loss	0.7673
f1 score weighted	0.8323
f1 score macro	0.8285
f1 score micro	0.8369
roc_auc ovr	0.9955
roc_auc ovo	0.9961
precision	0.8426
recall	0.8369

===Callbacks===

generate_callbacks
[<tensorflow.python.keras.callbacks.EarlyStopping object at 0x7fa134120310>, <tensorflow.python.keras.callbacks.ReduceLROnPlateau object at 0x7fa134120190>, <tensorflow.python.keras.callbacks.ModelCheckpoint object at 0x7fa134120610>]
===SCORING TEST SET ===

model_complete_evaluate
{'self': <deep_ml.DeepML object at 0x7fa134120670>, 'x_test': array([[[0, 0, 0, ..., 0, 0, 0],
        [0, 0, 0, ..., 0, 0, 0],
        [0, 0, 0, ..., 0, 0, 0],
        ...,
        [1, 0, 0, ..., 0, 0, 0],
        [1, 0, 0, ..., 0, 0, 0],
        [1, 0, 0, ..., 0, 0, 0]],

       [[0, 0, 0, ..., 0, 0, 0],
        [0, 0, 0, ..., 0, 0, 0],
        [0, 0, 0, ..., 0, 0, 0],
        ...,
        [1, 0, 0, ..., 0, 0, 0],
        [1, 0, 0, ..., 0, 0, 0],
        [1, 0, 0, ..., 0, 0, 0]],

       [[0, 0, 0, ..., 0, 0, 0],
        [0, 0, 0, ..., 0, 0, 0],
        [0, 0, 0, ..., 0, 0, 0],
        ...,
        [1, 0, 0, ..., 0, 0, 0],
        [1, 0, 0, ..., 0, 0, 0],
        [1, 0, 0, ..., 0, 0, 0]],

       ...,

       [[0, 0, 0, ..., 0, 0, 0],
        [0, 0, 0, ..., 0, 0, 0],
        [0, 0, 0, ..., 0, 0, 0],
        ...,
        [0, 0, 1, ..., 0, 0, 0],
        [0, 0, 0, ..., 0, 0, 0],
        [0, 0, 0, ..., 0, 0, 0]],

       [[0, 0, 0, ..., 0, 0, 0],
        [0, 1, 0, ..., 0, 0, 0],
        [0, 1, 0, ..., 0, 0, 0],
        ...,
        [0, 0, 0, ..., 0, 0, 0],
        [0, 0, 0, ..., 0, 0, 0],
        [0, 0, 0, ..., 0, 0, 1]],

       [[0, 0, 0, ..., 0, 0, 0],
        [0, 0, 0, ..., 0, 0, 0],
        [0, 0, 0, ..., 0, 0, 0],
        ...,
        [0, 0, 1, ..., 0, 0, 0],
        [0, 0, 0, ..., 0, 0, 0],
        [0, 0, 0, ..., 0, 0, 0]]], dtype=int8), 'y_test': array([ 84.,  84.,  84., ...,  53.,  62., 134.], dtype=float32), 'model': None}
report

              precision    recall  f1-score   support

         0.0       0.90      0.82      0.86        11
         1.0       0.96      0.96      0.96        25
         2.0       0.85      1.00      0.92        17
         3.0       0.61      0.92      0.73        12
         4.0       0.83      0.67      0.74        15
         5.0       0.85      1.00      0.92        11
         6.0       0.95      0.95      0.95        21
         7.0       0.48      0.58      0.53        24
         8.0       0.62      0.71      0.67        21
         9.0       0.72      0.74      0.73        35
        10.0       0.75      0.55      0.63        11
        11.0       1.00      0.95      0.97        19
        12.0       0.58      0.41      0.48        17
        13.0       0.79      0.79      0.79        14
        14.0       1.00      0.64      0.78        14
        15.0       1.00      0.91      0.95        11
        16.0       1.00      0.88      0.93        16
        17.0       0.92      0.92      0.92        12
        18.0       0.92      0.85      0.88        26
        19.0       0.86      0.76      0.81        25
        20.0       1.00      1.00      1.00        13
        21.0       0.88      0.93      0.90        15
        22.0       0.86      1.00      0.92        18
        23.0       0.91      0.91      0.91        11
        24.0       0.89      0.89      0.89        19
        25.0       0.85      0.94      0.89        18
        26.0       0.83      1.00      0.91        10
        27.0       1.00      0.77      0.87        13
        28.0       0.95      0.95      0.95        21
        29.0       0.92      1.00      0.96        22
        30.0       0.91      1.00      0.95        29
        31.0       0.95      1.00      0.97        18
        32.0       0.92      1.00      0.96        11
        33.0       1.00      0.97      0.98        30
        34.0       0.93      0.78      0.85        32
        35.0       0.80      1.00      0.89        12
        36.0       0.96      0.93      0.94        27
        37.0       0.53      0.53      0.53        15
        38.0       0.92      0.92      0.92        12
        39.0       0.50      0.21      0.30        14
        40.0       0.88      0.94      0.91        16
        41.0       1.00      0.92      0.96        12
        42.0       0.86      0.55      0.67        11
        43.0       0.94      1.00      0.97        16
        44.0       0.96      0.93      0.95        29
        45.0       0.96      1.00      0.98        22
        46.0       0.83      0.94      0.88        16
        47.0       0.86      0.86      0.86        14
        48.0       0.56      0.45      0.50        11
        49.0       0.92      1.00      0.96        11
        50.0       1.00      0.92      0.96        12
        51.0       0.92      0.92      0.92        13
        52.0       0.96      0.92      0.94        26
        53.0       0.89      0.89      0.89        28
        54.0       0.95      0.91      0.93        23
        55.0       0.94      0.84      0.89        19
        56.0       1.00      0.96      0.98        25
        57.0       0.87      0.95      0.91        21
        58.0       0.90      0.90      0.90        10
        59.0       0.50      0.19      0.27        16
        60.0       0.95      0.84      0.89        25
        61.0       0.00      0.00      0.00        15
        62.0       0.57      0.89      0.70       133
        63.0       0.94      1.00      0.97        16
        64.0       0.67      0.83      0.74        12
        65.0       0.85      0.61      0.71        18
        66.0       0.75      0.80      0.77        15
        67.0       0.88      0.70      0.78        10
        68.0       1.00      0.74      0.85        19
        69.0       0.97      1.00      0.98        29
        70.0       0.92      0.67      0.77        18
        71.0       0.75      0.80      0.77        15
        72.0       1.00      1.00      1.00        22
        73.0       0.82      0.82      0.82        11
        74.0       0.91      0.95      0.93        21
        75.0       0.80      0.89      0.84        18
        76.0       0.88      0.93      0.90        15
        77.0       0.90      0.95      0.93        20
        78.0       0.90      0.90      0.90        20
        79.0       1.00      0.90      0.95        10
        80.0       0.65      0.69      0.67        32
        81.0       0.95      0.90      0.93        21
        82.0       0.81      1.00      0.90        26
        83.0       1.00      0.92      0.96        13
        84.0       0.86      0.90      0.88        21
        85.0       0.91      0.83      0.87        12
        86.0       0.97      0.97      0.97        39
        87.0       0.84      0.94      0.89        17
        88.0       0.93      1.00      0.96        27
        89.0       0.86      1.00      0.92        12
        90.0       1.00      0.95      0.98        21
        91.0       1.00      0.97      0.98        30
        92.0       0.92      1.00      0.96        12
        93.0       0.75      0.86      0.80        14
        94.0       1.00      1.00      1.00        27
        95.0       0.81      0.88      0.85        25
        96.0       0.92      0.92      0.92        12
        97.0       1.00      0.80      0.89        30
        98.0       0.86      0.75      0.80        16
        99.0       0.94      0.94      0.94        17
       100.0       0.95      0.84      0.89        25
       101.0       0.40      0.50      0.44        28
       102.0       0.90      0.47      0.62        19
       103.0       0.84      0.78      0.81       292
       104.0       0.75      0.46      0.57        13
       105.0       0.88      0.94      0.91        16
       106.0       0.72      0.67      0.70        43
       107.0       0.92      0.92      0.92        13
       108.0       0.80      0.80      0.80        15
       109.0       1.00      0.83      0.91        18
       110.0       0.89      1.00      0.94        17
       111.0       0.93      0.93      0.93        14
       112.0       0.95      0.83      0.88        23
       113.0       0.91      0.91      0.91        35
       114.0       0.71      0.83      0.77        18
       115.0       0.95      1.00      0.98        21
       116.0       1.00      0.97      0.99        34
       117.0       1.00      1.00      1.00        12
       118.0       1.00      0.96      0.98        28
       119.0       0.93      0.96      0.94        26
       120.0       1.00      0.92      0.96        13
       121.0       0.80      0.80      0.80        10
       122.0       0.27      0.15      0.19        20
       123.0       0.81      0.74      0.78       136
       124.0       0.94      0.89      0.92        19
       125.0       0.39      0.53      0.45        59
       126.0       0.93      0.93      0.93        14
       127.0       0.90      1.00      0.95        18
       128.0       1.00      1.00      1.00        17
       129.0       0.94      0.94      0.94        18
       130.0       0.80      0.88      0.84        32
       131.0       0.77      0.95      0.85        21
       132.0       0.95      1.00      0.97        18
       133.0       1.00      1.00      1.00        15
       134.0       0.76      1.00      0.86        16
       135.0       0.89      0.62      0.73        13
       136.0       0.75      0.46      0.57        13
       137.0       0.97      0.82      0.89        38
       138.0       0.36      0.27      0.31        15
       139.0       0.48      0.83      0.61        18
       140.0       0.89      0.85      0.87        20
       141.0       0.87      1.00      0.93        45
       142.0       0.50      0.17      0.25        12
       143.0       0.93      0.81      0.87        16
       144.0       0.73      0.73      0.73        11
       145.0       0.23      0.16      0.19        19
       146.0       0.77      0.86      0.81        28
       147.0       0.86      0.50      0.63        12
       148.0       0.91      0.83      0.87        24
       149.0       0.96      0.90      0.93        51
       150.0       0.95      0.77      0.85        53
       151.0       1.00      0.56      0.72        16
       152.0       0.80      0.71      0.75        68
       153.0       0.50      0.60      0.55        10
       154.0       0.62      0.62      0.62        39
       155.0       1.00      0.71      0.83        24
       156.0       0.33      0.17      0.22        12
       157.0       0.60      0.35      0.44        17
       158.0       0.47      0.50      0.48        16
       159.0       0.55      0.33      0.41        18
       160.0       0.55      0.40      0.46        15
       161.0       0.52      0.60      0.56        25
       162.0       0.29      0.20      0.24        10
       163.0       0.52      0.93      0.67        15
       164.0       1.00      0.94      0.97        17
       165.0       0.73      0.85      0.79        13
       166.0       0.47      0.32      0.38        47
       167.0       0.94      0.77      0.85        22
       168.0       0.82      0.93      0.87        15
       169.0       0.93      0.88      0.90        16
       170.0       0.83      1.00      0.91        24
       171.0       0.96      0.77      0.86        35
       172.0       1.00      0.40      0.57        15
       173.0       0.81      0.76      0.79        17
       174.0       0.86      0.72      0.78        25
       175.0       0.86      1.00      0.92        12
       176.0       0.75      0.75      0.75        12
       177.0       0.62      1.00      0.77        20
       178.0       0.89      1.00      0.94        16
       179.0       0.67      0.53      0.59        15
       180.0       0.45      0.56      0.50        16
       181.0       0.84      0.91      0.87        23
       182.0       0.97      1.00      0.98        31
       183.0       0.69      1.00      0.81        11
       184.0       0.95      0.90      0.93        21
       185.0       0.93      0.97      0.95        29
       186.0       0.74      0.87      0.80       127
       187.0       0.91      0.83      0.87       119
       188.0       1.00      0.69      0.82        13
       189.0       0.79      0.86      0.83        22
       190.0       0.94      1.00      0.97        15
       191.0       0.82      0.75      0.78        12
       192.0       0.71      0.94      0.81        16
       193.0       0.73      0.67      0.70        12
       194.0       0.93      0.67      0.78        21
       195.0       0.88      0.64      0.74        11
       196.0       0.75      0.92      0.83        13
       197.0       0.86      0.46      0.60        13
       198.0       1.00      0.93      0.96        14
       199.0       0.56      0.33      0.42        15
       200.0       0.71      0.96      0.82        26
       201.0       1.00      0.88      0.93        16
       202.0       1.00      1.00      1.00        14
       203.0       1.00      1.00      1.00        28
       204.0       0.88      1.00      0.93        21
       205.0       1.00      1.00      1.00        16
       206.0       0.77      0.94      0.85        18
       207.0       0.95      1.00      0.97        19
       208.0       1.00      0.94      0.97        17
       209.0       1.00      0.75      0.86        16
       210.0       0.84      1.00      0.91        21
       211.0       0.93      0.93      0.93        14
       212.0       0.80      0.86      0.83        14
       213.0       0.90      1.00      0.95        18
       214.0       0.89      0.77      0.83        22
       215.0       0.88      1.00      0.94        15
       216.0       0.94      1.00      0.97        16
       217.0       0.90      0.82      0.86        11
       218.0       0.85      0.85      0.85       110
       219.0       0.86      0.86      0.86        29
       220.0       0.95      1.00      0.98        21
       221.0       0.92      0.92      0.92        13
       222.0       1.00      0.92      0.96        26
       223.0       0.81      1.00      0.89        17
       224.0       0.93      0.70      0.80        20
       225.0       1.00      0.94      0.97        16
       226.0       1.00      0.55      0.71        11
       227.0       1.00      0.93      0.96        14
       228.0       0.90      0.82      0.86        11
       229.0       0.88      0.93      0.90        30
       230.0       0.90      0.82      0.86        34
       231.0       0.33      0.42      0.37        12
       232.0       1.00      0.79      0.88        29
       233.0       0.84      0.84      0.84        19
       234.0       0.73      1.00      0.84        19
       235.0       0.90      0.90      0.90        20
       236.0       0.70      0.86      0.78        22
       237.0       0.71      0.85      0.77        20
       238.0       0.90      1.00      0.95        28
       239.0       0.81      0.97      0.88        31
       240.0       1.00      0.96      0.98        24
       241.0       0.67      0.71      0.69        14
       242.0       0.80      0.75      0.78        44
       243.0       0.96      0.85      0.90        27
       244.0       0.89      0.73      0.80        11
       245.0       0.68      0.95      0.79        20
       246.0       0.83      0.91      0.87        22
       247.0       0.69      1.00      0.82        20
       248.0       0.75      0.94      0.83        16
       249.0       0.92      0.96      0.94        25
       250.0       0.94      0.94      0.94        18
       251.0       0.92      1.00      0.96        12
       252.0       0.58      0.70      0.64        10
       253.0       0.96      1.00      0.98        22
       254.0       0.93      1.00      0.96        13
       255.0       0.63      0.75      0.69        16
       256.0       1.00      0.96      0.98        24
       257.0       0.74      0.93      0.82        15
       258.0       0.86      1.00      0.92        18
       259.0       0.96      0.92      0.94        26
       260.0       1.00      0.94      0.97        18
       261.0       0.89      0.97      0.93        32
       262.0       1.00      1.00      1.00        10
       263.0       0.93      1.00      0.97        14
       264.0       0.86      1.00      0.93        19
       265.0       0.77      0.91      0.83        11
       266.0       0.92      0.80      0.86        15
       267.0       0.90      0.69      0.78        13
       268.0       0.83      1.00      0.91        20
       269.0       1.00      1.00      1.00        18
       270.0       1.00      0.29      0.44        14
       271.0       0.90      0.92      0.91        38
       272.0       0.88      0.94      0.91        53
       273.0       0.93      0.90      0.92        30
       274.0       0.78      0.78      0.78        32
       275.0       1.00      1.00      1.00        10
       276.0       0.92      0.92      0.92        12
       277.0       0.92      1.00      0.96        11

    accuracy                           0.83      6279
   macro avg       0.84      0.83      0.83      6279
weighted avg       0.84      0.83      0.83      6279


===confusion_matrix===

[[ 9  0  0 ...  0  0  0]
 [ 0 24  0 ...  0  0  0]
 [ 0  0 17 ...  0  0  0]
 ...
 [ 0  0  0 ... 10  0  0]
 [ 0  0  0 ...  0 11  0]
 [ 0  0  0 ...  0  0 11]]

===multilabel confusion matrix===

[[[6267    1]
  [   2    9]]

 [[6253    1]
  [   1   24]]

 [[6259    3]
  [   0   17]]

 ...

 [[6269    0]
  [   0   10]]

 [[6266    1]
  [   1   11]]

 [[6267    1]
  [   0   11]]]

===scores report===
metrics	scores
Accuracy	0.8318
MCC	0.8307
log_loss	0.8047
f1 score weighted	0.8278
f1 score macro	0.8259
f1 score micro	0.8318
roc_auc ovr	0.9950
roc_auc ovo	0.9956
precision	0.8380
recall	0.8318

===Callbacks===

generate_callbacks
[<tensorflow.python.keras.callbacks.EarlyStopping object at 0x7fa134120310>, <tensorflow.python.keras.callbacks.ReduceLROnPlateau object at 0x7fa134120190>, <tensorflow.python.keras.callbacks.ModelCheckpoint object at 0x7fa134120610>]
===SCORING TEST SET ===

model_complete_evaluate
{'self': <deep_ml.DeepML object at 0x7fa134120670>, 'x_test': array([[[0, 0, 0, ..., 0, 0, 0],
        [0, 0, 0, ..., 0, 0, 0],
        [0, 0, 0, ..., 0, 0, 0],
        ...,
        [1, 0, 0, ..., 0, 0, 0],
        [1, 0, 0, ..., 0, 0, 0],
        [1, 0, 0, ..., 0, 0, 0]],

       [[0, 0, 0, ..., 0, 0, 0],
        [0, 0, 0, ..., 0, 0, 0],
        [0, 0, 0, ..., 0, 0, 0],
        ...,
        [1, 0, 0, ..., 0, 0, 0],
        [1, 0, 0, ..., 0, 0, 0],
        [1, 0, 0, ..., 0, 0, 0]],

       [[0, 0, 0, ..., 0, 0, 0],
        [0, 0, 0, ..., 0, 0, 0],
        [0, 0, 0, ..., 0, 0, 0],
        ...,
        [1, 0, 0, ..., 0, 0, 0],
        [1, 0, 0, ..., 0, 0, 0],
        [1, 0, 0, ..., 0, 0, 0]],

       ...,

       [[0, 0, 0, ..., 0, 0, 0],
        [0, 0, 0, ..., 0, 0, 0],
        [0, 0, 1, ..., 0, 0, 0],
        ...,
        [0, 0, 0, ..., 0, 0, 0],
        [0, 0, 0, ..., 0, 0, 0],
        [0, 0, 0, ..., 0, 0, 0]],

       [[0, 0, 0, ..., 0, 0, 0],
        [0, 1, 0, ..., 0, 0, 0],
        [0, 0, 0, ..., 0, 0, 0],
        ...,
        [1, 0, 0, ..., 0, 0, 0],
        [1, 0, 0, ..., 0, 0, 0],
        [1, 0, 0, ..., 0, 0, 0]],

       [[0, 0, 0, ..., 0, 0, 0],
        [0, 1, 0, ..., 0, 0, 0],
        [0, 0, 0, ..., 0, 0, 1],
        ...,
        [1, 0, 0, ..., 0, 0, 0],
        [1, 0, 0, ..., 0, 0, 0],
        [1, 0, 0, ..., 0, 0, 0]]], dtype=int8), 'y_test': array([ 84.,  84.,  84., ..., 103.,  80.,  62.], dtype=float32), 'model': None}
report

              precision    recall  f1-score   support

         0.0       0.90      0.90      0.90        10
         1.0       0.81      1.00      0.89        25
         2.0       1.00      1.00      1.00        17
         3.0       0.71      0.83      0.77        12
         4.0       0.92      0.73      0.81        15
         5.0       1.00      0.90      0.95        10
         6.0       0.90      0.86      0.88        22
         7.0       0.89      0.74      0.81        23
         8.0       0.45      0.67      0.54        21
         9.0       0.76      0.89      0.82        35
        10.0       1.00      0.55      0.71        11
        11.0       1.00      0.95      0.97        19
        12.0       1.00      0.56      0.71        18
        13.0       0.92      0.80      0.86        15
        14.0       0.68      0.93      0.79        14
        15.0       0.83      1.00      0.91        10
        16.0       0.70      1.00      0.82        16
        17.0       0.77      0.91      0.83        11
        18.0       0.91      0.81      0.86        26
        19.0       0.96      0.96      0.96        25
        20.0       0.57      1.00      0.73        12
        21.0       0.78      0.93      0.85        15
        22.0       1.00      1.00      1.00        17
        23.0       0.86      0.55      0.67        11
        24.0       0.89      0.84      0.86        19
        25.0       1.00      0.89      0.94        18
        26.0       0.83      1.00      0.91        10
        27.0       1.00      1.00      1.00        14
        28.0       0.87      0.95      0.91        21
        29.0       1.00      0.96      0.98        23
        30.0       0.91      1.00      0.95        29
        31.0       0.94      1.00      0.97        17
        32.0       0.91      0.91      0.91        11
        33.0       0.90      0.93      0.92        30
        34.0       0.96      0.81      0.88        32
        35.0       1.00      0.92      0.96        12
        36.0       0.90      1.00      0.95        27
        37.0       0.89      0.53      0.67        15
        38.0       0.91      0.91      0.91        11
        39.0       0.00      0.00      0.00        13
        40.0       0.89      1.00      0.94        16
        41.0       0.86      1.00      0.92        12
        42.0       0.50      1.00      0.67        11
        43.0       0.80      1.00      0.89        16
        44.0       0.81      0.93      0.87        28
        45.0       1.00      0.95      0.98        22
        46.0       0.94      1.00      0.97        16
        47.0       0.71      0.92      0.80        13
        48.0       1.00      0.75      0.86        12
        49.0       0.73      1.00      0.85        11
        50.0       1.00      0.67      0.80        12
        51.0       0.86      0.92      0.89        13
        52.0       0.87      1.00      0.93        26
        53.0       0.96      0.89      0.92        27
        54.0       0.95      0.83      0.88        23
        55.0       1.00      0.89      0.94        19
        56.0       1.00      0.92      0.96        25
        57.0       0.94      0.71      0.81        21
        58.0       1.00      0.40      0.57        10
        59.0       0.67      0.25      0.36        16
        60.0       0.86      0.75      0.80        24
        61.0       0.14      0.07      0.09        15
        62.0       0.73      0.84      0.78       133
        63.0       0.93      0.93      0.93        15
        64.0       0.92      1.00      0.96        12
        65.0       0.71      1.00      0.83        17
        66.0       0.80      0.86      0.83        14
        67.0       1.00      0.91      0.95        11
        68.0       0.68      0.68      0.68        19
        69.0       0.85      1.00      0.92        29
        70.0       0.94      0.84      0.89        19
        71.0       0.62      0.87      0.72        15
        72.0       0.92      1.00      0.96        22
        73.0       1.00      0.91      0.95        11
        74.0       1.00      0.95      0.98        22
        75.0       0.94      1.00      0.97        17
        76.0       0.88      1.00      0.94        15
        77.0       0.95      0.95      0.95        20
        78.0       0.78      1.00      0.88        21
        79.0       0.75      0.60      0.67        10
        80.0       0.79      0.74      0.77        31
        81.0       0.86      0.90      0.88        21
        82.0       0.88      0.88      0.88        26
        83.0       1.00      0.92      0.96        13
        84.0       0.71      0.95      0.82        21
        85.0       0.91      0.83      0.87        12
        86.0       1.00      0.87      0.93        39
        87.0       0.94      0.88      0.91        17
        88.0       0.93      1.00      0.96        27
        89.0       0.85      0.92      0.88        12
        90.0       0.91      1.00      0.95        21
        91.0       1.00      1.00      1.00        30
        92.0       0.80      1.00      0.89        12
        93.0       1.00      0.86      0.92        14
        94.0       0.84      0.96      0.90        27
        95.0       0.96      0.88      0.92        25
        96.0       1.00      1.00      1.00        11
        97.0       0.95      0.70      0.81        30
        98.0       0.92      0.75      0.83        16
        99.0       0.81      1.00      0.89        17
       100.0       0.88      0.88      0.88        25
       101.0       0.62      0.89      0.74        28
       102.0       0.42      0.26      0.32        19
       103.0       0.80      0.86      0.83       291
       104.0       1.00      0.69      0.82        13
       105.0       0.84      1.00      0.91        16
       106.0       0.69      0.61      0.65        44
       107.0       0.91      0.77      0.83        13
       108.0       0.88      0.94      0.91        16
       109.0       0.86      1.00      0.93        19
       110.0       0.76      1.00      0.86        16
       111.0       0.67      1.00      0.80        14
       112.0       0.96      0.96      0.96        23
       113.0       0.97      0.91      0.94        34
       114.0       0.90      1.00      0.95        19
       115.0       1.00      1.00      1.00        21
       116.0       1.00      0.97      0.99        34
       117.0       1.00      0.92      0.96        12
       118.0       0.97      1.00      0.98        29
       119.0       1.00      1.00      1.00        26
       120.0       0.90      0.69      0.78        13
       121.0       0.62      0.50      0.56        10
       122.0       0.14      0.11      0.12        19
       123.0       0.80      0.78      0.79       136
       124.0       0.86      0.95      0.90        19
       125.0       0.62      0.34      0.44        58
       126.0       0.92      0.79      0.85        14
       127.0       0.95      1.00      0.97        18
       128.0       0.74      1.00      0.85        17
       129.0       0.79      0.83      0.81        18
       130.0       0.90      0.84      0.87        32
       131.0       1.00      1.00      1.00        20
       132.0       0.89      0.94      0.91        17
       133.0       1.00      1.00      1.00        15
       134.0       0.89      1.00      0.94        17
       135.0       1.00      0.85      0.92        13
       136.0       0.73      0.62      0.67        13
       137.0       0.92      0.87      0.89        38
       138.0       0.57      0.27      0.36        15
       139.0       0.65      0.89      0.76        19
       140.0       0.81      0.81      0.81        21
       141.0       0.87      1.00      0.93        45
       142.0       0.00      0.00      0.00        12
       143.0       0.74      0.88      0.80        16
       144.0       0.91      0.91      0.91        11
       145.0       0.43      0.17      0.24        18
       146.0       0.96      0.93      0.95        28
       147.0       1.00      0.64      0.78        11
       148.0       0.70      0.91      0.79        23
       149.0       0.91      0.96      0.93        52
       150.0       0.83      0.74      0.78        54
       151.0       0.68      0.81      0.74        16
       152.0       0.87      0.66      0.75        68
       153.0       1.00      0.09      0.17        11
       154.0       0.49      0.45      0.47        40
       155.0       0.85      0.92      0.88        24
       156.0       0.50      0.08      0.14        12
       157.0       0.70      0.39      0.50        18
       158.0       0.59      0.62      0.61        16
       159.0       0.79      0.61      0.69        18
       160.0       0.53      0.60      0.56        15
       161.0       0.32      0.48      0.38        25
       162.0       0.27      0.30      0.29        10
       163.0       0.33      0.69      0.45        16
       164.0       0.76      0.89      0.82        18
       165.0       0.89      0.67      0.76        12
       166.0       0.90      0.38      0.54        47
       167.0       0.91      0.95      0.93        21
       168.0       1.00      0.93      0.97        15
       169.0       1.00      1.00      1.00        17
       170.0       0.92      1.00      0.96        24
       171.0       0.94      0.89      0.91        36
       172.0       0.82      0.64      0.72        14
       173.0       0.56      0.94      0.70        16
       174.0       0.90      0.76      0.83        25
       175.0       0.67      0.50      0.57        12
       176.0       0.45      0.42      0.43        12
       177.0       0.79      0.75      0.77        20
       178.0       1.00      0.93      0.97        15
       179.0       0.68      0.93      0.79        14
       180.0       0.56      0.62      0.59        16
       181.0       0.94      0.74      0.83        23
       182.0       1.00      0.77      0.87        31
       183.0       0.92      0.92      0.92        12
       184.0       0.95      0.86      0.90        22
       185.0       0.97      1.00      0.98        29
       186.0       0.79      0.73      0.76       127
       187.0       0.88      0.90      0.89       119
       188.0       0.81      0.93      0.87        14
       189.0       0.95      0.82      0.88        22
       190.0       0.93      0.87      0.90        15
       191.0       0.75      0.75      0.75        12
       192.0       0.60      1.00      0.75        15
       193.0       0.70      0.58      0.64        12
       194.0       0.60      0.43      0.50        21
       195.0       0.45      0.50      0.48        10
       196.0       0.81      1.00      0.90        13
       197.0       1.00      0.71      0.83        14
       198.0       0.88      1.00      0.93        14
       199.0       0.44      0.27      0.33        15
       200.0       0.66      0.88      0.75        26
       201.0       0.93      0.88      0.90        16
       202.0       0.86      0.80      0.83        15
       203.0       1.00      0.86      0.93        29
       204.0       1.00      0.77      0.87        22
       205.0       1.00      1.00      1.00        15
       206.0       0.90      1.00      0.95        19
       207.0       0.86      1.00      0.93        19
       208.0       1.00      0.94      0.97        17
       209.0       0.94      1.00      0.97        16
       210.0       1.00      0.90      0.95        20
       211.0       0.74      1.00      0.85        14
       212.0       0.93      0.93      0.93        14
       213.0       1.00      1.00      1.00        18
       214.0       0.63      0.86      0.73        22
       215.0       1.00      0.93      0.96        14
       216.0       0.94      0.88      0.91        17
       217.0       0.88      0.70      0.78        10
       218.0       0.88      0.89      0.89       110
       219.0       0.76      0.97      0.85        29
       220.0       0.84      1.00      0.91        21
       221.0       1.00      0.86      0.92        14
       222.0       0.92      0.92      0.92        26
       223.0       1.00      0.88      0.93        16
       224.0       0.67      0.86      0.75        21
       225.0       1.00      0.88      0.94        17
       226.0       1.00      0.83      0.91        12
       227.0       0.80      0.92      0.86        13
       228.0       1.00      0.91      0.95        11
       229.0       0.79      0.87      0.83        30
       230.0       0.92      0.97      0.94        34
       231.0       0.56      0.69      0.62        13
       232.0       0.91      0.72      0.81        29
       233.0       0.88      0.79      0.83        19
       234.0       0.86      1.00      0.93        19
       235.0       1.00      1.00      1.00        21
       236.0       0.72      0.82      0.77        22
       237.0       1.00      0.90      0.95        20
       238.0       0.96      0.93      0.94        27
       239.0       1.00      0.97      0.98        30
       240.0       0.74      1.00      0.85        23
       241.0       0.85      0.79      0.81        14
       242.0       0.92      0.73      0.81        45
       243.0       1.00      0.85      0.92        27
       244.0       0.92      0.92      0.92        12
       245.0       0.89      0.80      0.84        20
       246.0       0.91      0.95      0.93        22
       247.0       0.91      1.00      0.95        20
       248.0       0.93      0.81      0.87        16
       249.0       0.83      1.00      0.91        25
       250.0       0.86      1.00      0.92        18
       251.0       1.00      1.00      1.00        12
       252.0       0.86      0.60      0.71        10
       253.0       0.95      0.95      0.95        22
       254.0       0.62      1.00      0.76        13
       255.0       0.91      0.62      0.74        16
       256.0       0.92      1.00      0.96        24
       257.0       0.78      0.47      0.58        15
       258.0       0.77      0.94      0.85        18
       259.0       0.93      0.96      0.94        26
       260.0       0.90      0.95      0.92        19
       261.0       0.89      1.00      0.94        31
       262.0       0.92      1.00      0.96        11
       263.0       0.94      1.00      0.97        15
       264.0       1.00      0.89      0.94        18
       265.0       1.00      0.91      0.95        11
       266.0       0.75      0.60      0.67        15
       267.0       1.00      0.69      0.82        13
       268.0       0.94      0.81      0.87        21
       269.0       1.00      0.95      0.97        19
       270.0       0.40      0.29      0.33        14
       271.0       0.79      0.82      0.81        38
       272.0       0.89      0.94      0.92        53
       273.0       0.78      0.83      0.81        30
       274.0       0.62      0.88      0.73        32
       275.0       0.91      1.00      0.95        10
       276.0       1.00      1.00      1.00        12
       277.0       1.00      1.00      1.00        11

    accuracy                           0.84      6279
   macro avg       0.84      0.83      0.82      6279
weighted avg       0.84      0.84      0.83      6279


===confusion_matrix===

[[ 9  0  0 ...  0  0  0]
 [ 0 25  0 ...  0  0  0]
 [ 0  0 17 ...  0  0  0]
 ...
 [ 0  0  0 ... 10  0  0]
 [ 0  0  0 ...  0 12  0]
 [ 0  0  0 ...  0  0 11]]

===multilabel confusion matrix===

[[[6268    1]
  [   1    9]]

 [[6248    6]
  [   0   25]]

 [[6262    0]
  [   0   17]]

 ...

 [[6268    1]
  [   0   10]]

 [[6267    0]
  [   0   12]]

 [[6268    0]
  [   0   11]]]

===scores report===
metrics	scores
Accuracy	0.8355
MCC	0.8343
log_loss	0.7760
f1 score weighted	0.8296
f1 score macro	0.8237
f1 score micro	0.8355
roc_auc ovr	0.9958
roc_auc ovo	0.9961
precision	0.8412
recall	0.8355

===TRAIN MODELS with CV===

train_model_cv	Accuracy	MCC	log_loss	f1 score weighted	f1 score macro	f1 score micro	roc_auc ovr	roc_auc ovo	precision	recall
0	0.8343949044585988	0.833206534931096	0.7806970037401402	0.8335759084694412	0.8351993318103782	0.8343949044585988	0.9954434390703384	0.9960040631469474	0.8470144567943274	0.8343949044585988
1	0.8405797101449275	0.8394946643474805	0.739243790165561	0.8400834044687939	0.8394690163803183	0.8405797101449275	0.9960314840329484	0.9963072061660626	0.8546272054455459	0.8405797101449275
2	0.8369167064819238	0.8357323260749178	0.7672919251980781	0.8323145774923304	0.8284611784409052	0.8369167064819238	0.995522319301149	0.9961270796009083	0.8425830767754073	0.8369167064819238
3	0.831820353559484	0.8306748224637552	0.80472499528681	0.8277665083479019	0.8259061466038945	0.831820353559484	0.9950402340830632	0.9955726970465708	0.838018241522885	0.831820353559484
4	0.8354833572224877	0.8343217881552465	0.7760217803649583	0.8295799589460592	0.8237143087478755	0.8354833572224877	0.9958249480232354	0.9961286214811574	0.841228502408018	0.8354833572224877
mean	0.8358390063734843	0.834686027194499	0.7735958989511096	0.8326640715449054	0.8305499963966744	0.8358390063734843	0.9955724849021468	0.9960279334883294	0.8446942965892369	0.8358390063734843
std	0.0028981786304836123	0.0029198994312587606	0.021190274616574654	0.004230791167056906	0.00589610658383899	0.0028981786304836123	0.000339669892169495	0.0002472938588684468	0.00574603361255168	0.0028981786304836123

Accuracy
MCC
log_loss
f1 score weighted
f1 score macro
f1 score micro
roc_auc ovr
roc_auc ovo
precision
recallFinished train_model_cv in 15157.3557 secs

