/home/amsequeira/enzymeClassification/models/cv_len_pad/64_64_32_100_pre_pre_cv
self
x_train
y_train
x_test
y_test
number_classes
problem_type
x_dval
y_dval
model
epochs
batch_size
callbacks
reduce_lr
early_stopping
checkpoint
tensorboard
early_stopping_patience
reduce_lr_patience
reduce_lr_factor
reduce_lr_min
path
report_name
verbose
validation_split
shuffle
class_weights
===Callbacks===

generate_callbacks
[<tensorflow.python.keras.callbacks.EarlyStopping object at 0x7fce96fda910>, <tensorflow.python.keras.callbacks.ReduceLROnPlateau object at 0x7fce96fdaaf0>, <tensorflow.python.keras.callbacks.ModelCheckpoint object at 0x7fce96fdab50>]
===SCORING TEST SET ===

model_complete_evaluate
{'self': <deep_ml.DeepML object at 0x7fce96fdabe0>, 'x_test': array([[[0, 0, 0, ..., 0, 0, 0],
        [0, 0, 0, ..., 0, 0, 0],
        [0, 0, 0, ..., 0, 0, 0],
        ...,
        [0, 0, 0, ..., 0, 0, 0],
        [0, 0, 0, ..., 1, 0, 0],
        [0, 0, 0, ..., 0, 0, 0]],

       [[0, 0, 0, ..., 0, 0, 0],
        [0, 0, 0, ..., 0, 0, 0],
        [0, 0, 0, ..., 0, 0, 0],
        ...,
        [0, 0, 0, ..., 0, 1, 0],
        [0, 0, 0, ..., 0, 0, 0],
        [0, 0, 0, ..., 0, 0, 0]],

       [[0, 0, 0, ..., 0, 0, 0],
        [0, 0, 0, ..., 0, 0, 0],
        [0, 0, 0, ..., 0, 0, 0],
        ...,
        [0, 0, 0, ..., 0, 0, 0],
        [0, 0, 0, ..., 1, 0, 0],
        [1, 0, 0, ..., 0, 0, 0]],

       ...,

       [[0, 0, 0, ..., 0, 0, 0],
        [0, 0, 0, ..., 0, 0, 0],
        [0, 0, 0, ..., 0, 0, 0],
        ...,
        [0, 0, 0, ..., 0, 0, 0],
        [0, 0, 0, ..., 0, 0, 0],
        [0, 0, 0, ..., 0, 0, 0]],

       [[0, 0, 0, ..., 0, 0, 0],
        [0, 0, 0, ..., 0, 0, 0],
        [0, 0, 0, ..., 0, 0, 1],
        ...,
        [0, 0, 0, ..., 0, 0, 0],
        [0, 0, 0, ..., 0, 0, 0],
        [0, 0, 0, ..., 0, 0, 0]],

       [[0, 0, 0, ..., 0, 0, 0],
        [0, 0, 0, ..., 0, 0, 0],
        [0, 0, 0, ..., 0, 0, 0],
        ...,
        [0, 0, 0, ..., 0, 0, 0],
        [0, 0, 0, ..., 0, 0, 0],
        [0, 0, 0, ..., 0, 0, 0]]], dtype=int8), 'y_test': array([2., 2., 1., ..., 0., 0., 0.], dtype=float32), 'model': None}
report

              precision    recall  f1-score   support

         0.0       0.58      0.64      0.61      4541
         1.0       0.73      0.77      0.75      3813
         2.0       0.81      0.79      0.80     10869
         3.0       0.73      0.71      0.72      6897
         4.0       0.78      0.81      0.80      2585
         5.0       0.83      0.75      0.79      1617
         6.0       0.89      0.85      0.87      3258
         7.0       0.89      0.84      0.86      1372

    accuracy                           0.76     34952
   macro avg       0.78      0.77      0.77     34952
weighted avg       0.76      0.76      0.76     34952


===confusion_matrix===

[[2909  214  556  607   99   45   57   54]
 [ 173 2925  300  243   85   35   40   12]
 [ 855  378 8580  636  189   69  118   44]
 [ 808  278  619 4870  150   68   84   20]
 [  70   81  170  123 2104   15   19    3]
 [  94   46  136   78   26 1205   24    8]
 [  75   71  178  121   35   11 2760    7]
 [  68   22   80   31    7    2    4 1158]]

===multilabel confusion matrix===

[[[28268  2143]
  [ 1632  2909]]

 [[30049  1090]
  [  888  2925]]

 [[22044  2039]
  [ 2289  8580]]

 [[26216  1839]
  [ 2027  4870]]

 [[31776   591]
  [  481  2104]]

 [[33090   245]
  [  412  1205]]

 [[31348   346]
  [  498  2760]]

 [[33432   148]
  [  214  1158]]]

===scores report===
metrics	scores
Accuracy	0.7585
MCC	0.7053
log_loss	0.7181
f1 score weighted	0.7600
f1 score macro	0.7729
f1 score micro	0.7585
roc_auc ovr	0.9470
roc_auc ovo	0.9558
precision	0.7626
recall	0.7585

===Callbacks===

generate_callbacks
[<tensorflow.python.keras.callbacks.EarlyStopping object at 0x7fce96fda910>, <tensorflow.python.keras.callbacks.ReduceLROnPlateau object at 0x7fce96fdaaf0>, <tensorflow.python.keras.callbacks.ModelCheckpoint object at 0x7fce96fdab50>]
===SCORING TEST SET ===

model_complete_evaluate
{'self': <deep_ml.DeepML object at 0x7fce96fdabe0>, 'x_test': array([[[0, 0, 0, ..., 0, 0, 0],
        [0, 0, 0, ..., 0, 0, 0],
        [0, 0, 0, ..., 0, 0, 0],
        ...,
        [0, 0, 0, ..., 0, 0, 0],
        [0, 0, 0, ..., 0, 0, 0],
        [0, 0, 0, ..., 0, 0, 0]],

       [[0, 0, 0, ..., 0, 0, 0],
        [0, 0, 0, ..., 0, 0, 0],
        [0, 0, 0, ..., 0, 0, 0],
        ...,
        [0, 0, 0, ..., 0, 0, 1],
        [0, 0, 0, ..., 0, 0, 0],
        [0, 0, 0, ..., 0, 0, 0]],

       [[0, 0, 1, ..., 0, 0, 0],
        [0, 0, 0, ..., 0, 0, 0],
        [0, 0, 0, ..., 0, 0, 0],
        ...,
        [0, 0, 0, ..., 0, 0, 0],
        [0, 0, 0, ..., 0, 0, 0],
        [0, 0, 0, ..., 0, 0, 0]],

       ...,

       [[0, 0, 0, ..., 0, 0, 0],
        [0, 0, 0, ..., 0, 0, 0],
        [0, 0, 1, ..., 0, 0, 0],
        ...,
        [0, 0, 0, ..., 0, 0, 0],
        [0, 0, 0, ..., 0, 0, 0],
        [0, 0, 0, ..., 0, 0, 0]],

       [[0, 0, 0, ..., 0, 0, 0],
        [0, 0, 0, ..., 0, 0, 0],
        [1, 0, 0, ..., 0, 0, 0],
        ...,
        [1, 0, 0, ..., 0, 0, 0],
        [1, 0, 0, ..., 0, 0, 0],
        [0, 0, 0, ..., 0, 0, 0]],

       [[0, 0, 0, ..., 0, 0, 0],
        [0, 0, 0, ..., 0, 0, 0],
        [0, 0, 0, ..., 0, 0, 1],
        ...,
        [0, 0, 0, ..., 0, 0, 0],
        [0, 0, 0, ..., 0, 0, 0],
        [0, 0, 0, ..., 0, 0, 0]]], dtype=int8), 'y_test': array([2., 2., 2., ..., 0., 0., 0.], dtype=float32), 'model': None}
report

              precision    recall  f1-score   support

         0.0       0.57      0.66      0.61      4541
         1.0       0.76      0.77      0.76      3813
         2.0       0.79      0.82      0.80     10869
         3.0       0.76      0.67      0.72      6897
         4.0       0.86      0.80      0.83      2585
         5.0       0.78      0.78      0.78      1616
         6.0       0.90      0.85      0.87      3258
         7.0       0.88      0.86      0.87      1372

    accuracy                           0.77     34951
   macro avg       0.79      0.78      0.78     34951
weighted avg       0.77      0.77      0.77     34951


===confusion_matrix===

[[2998  188  698  407   53   74   63   60]
 [ 184 2917  362  199   46   41   40   24]
 [ 884  268 8910  507   95   73   98   34]
 [ 919  272  766 4636   98  106   71   29]
 [  82   84  193  102 2066   34   18    6]
 [  80   46  119   75   21 1258   16    1]
 [  78   63  182  109   23   22 2775    6]
 [  54   17   72   35    7    5    4 1178]]

===multilabel confusion matrix===

[[[28129  2281]
  [ 1543  2998]]

 [[30200   938]
  [  896  2917]]

 [[21690  2392]
  [ 1959  8910]]

 [[26620  1434]
  [ 2261  4636]]

 [[32023   343]
  [  519  2066]]

 [[32980   355]
  [  358  1258]]

 [[31383   310]
  [  483  2775]]

 [[33419   160]
  [  194  1178]]]

===scores report===
metrics	scores
Accuracy	0.7650
MCC	0.7128
log_loss	0.7012
f1 score weighted	0.7663
f1 score macro	0.7801
f1 score micro	0.7650
roc_auc ovr	0.9491
roc_auc ovo	0.9573
precision	0.7701
recall	0.7650

===Callbacks===

generate_callbacks
[<tensorflow.python.keras.callbacks.EarlyStopping object at 0x7fce96fda910>, <tensorflow.python.keras.callbacks.ReduceLROnPlateau object at 0x7fce96fdaaf0>, <tensorflow.python.keras.callbacks.ModelCheckpoint object at 0x7fce96fdab50>]
===SCORING TEST SET ===

model_complete_evaluate
{'self': <deep_ml.DeepML object at 0x7fce96fdabe0>, 'x_test': array([[[0, 0, 0, ..., 0, 0, 0],
        [1, 0, 0, ..., 0, 0, 0],
        [0, 0, 0, ..., 0, 0, 0],
        ...,
        [0, 0, 0, ..., 0, 0, 0],
        [0, 0, 0, ..., 0, 0, 0],
        [0, 1, 0, ..., 0, 0, 0]],

       [[0, 1, 0, ..., 0, 0, 0],
        [0, 0, 0, ..., 0, 0, 0],
        [0, 0, 0, ..., 1, 0, 0],
        ...,
        [0, 0, 0, ..., 0, 0, 0],
        [1, 0, 0, ..., 0, 0, 0],
        [0, 0, 0, ..., 0, 0, 0]],

       [[0, 0, 0, ..., 0, 0, 0],
        [0, 0, 0, ..., 0, 0, 0],
        [0, 0, 0, ..., 0, 0, 0],
        ...,
        [0, 0, 0, ..., 0, 0, 0],
        [0, 0, 0, ..., 1, 0, 0],
        [0, 0, 0, ..., 0, 0, 1]],

       ...,

       [[0, 1, 0, ..., 0, 0, 0],
        [0, 0, 0, ..., 0, 1, 0],
        [0, 0, 0, ..., 0, 0, 0],
        ...,
        [0, 0, 0, ..., 0, 0, 0],
        [0, 0, 0, ..., 0, 0, 1],
        [0, 0, 0, ..., 0, 0, 0]],

       [[0, 0, 0, ..., 0, 0, 0],
        [0, 0, 0, ..., 0, 0, 0],
        [0, 0, 0, ..., 0, 1, 0],
        ...,
        [0, 0, 0, ..., 0, 0, 0],
        [0, 0, 0, ..., 0, 0, 0],
        [1, 0, 0, ..., 0, 0, 0]],

       [[0, 0, 0, ..., 0, 0, 0],
        [0, 0, 0, ..., 0, 0, 0],
        [0, 0, 0, ..., 0, 0, 0],
        ...,
        [0, 0, 1, ..., 0, 0, 0],
        [0, 0, 0, ..., 0, 0, 0],
        [0, 0, 0, ..., 0, 0, 0]]], dtype=int8), 'y_test': array([2., 2., 1., ..., 0., 0., 0.], dtype=float32), 'model': None}
report

              precision    recall  f1-score   support

         0.0       0.61      0.63      0.62      4542
         1.0       0.92      0.62      0.74      3814
         2.0       0.75      0.85      0.79     10869
         3.0       0.71      0.73      0.72      6896
         4.0       0.79      0.81      0.80      2584
         5.0       0.88      0.74      0.81      1616
         6.0       0.92      0.83      0.87      3258
         7.0       0.86      0.87      0.86      1372

    accuracy                           0.76     34951
   macro avg       0.80      0.76      0.78     34951
weighted avg       0.77      0.76      0.76     34951


===confusion_matrix===

[[2853   41  814  631   64   29   34   76]
 [ 179 2349  637  424  138   27   42   18]
 [ 703   53 9209  589  153   38   71   53]
 [ 691   59  892 5016  119   30   62   27]
 [  58   19  209  170 2086   18   20    4]
 [  79    7  185   96   28 1203   10    8]
 [  71   12  285  122   50   14 2697    7]
 [  60    5   78   27    5    5    3 1189]]

===multilabel confusion matrix===

[[[28568  1841]
  [ 1689  2853]]

 [[30941   196]
  [ 1465  2349]]

 [[20982  3100]
  [ 1660  9209]]

 [[25996  2059]
  [ 1880  5016]]

 [[31810   557]
  [  498  2086]]

 [[33174   161]
  [  413  1203]]

 [[31451   242]
  [  561  2697]]

 [[33386   193]
  [  183  1189]]]

===scores report===
metrics	scores
Accuracy	0.7611
MCC	0.7060
log_loss	0.7406
f1 score weighted	0.7611
f1 score macro	0.7761
f1 score micro	0.7611
roc_auc ovr	0.9476
roc_auc ovo	0.9553
precision	0.7707
recall	0.7611

===Callbacks===

generate_callbacks
[<tensorflow.python.keras.callbacks.EarlyStopping object at 0x7fce96fda910>, <tensorflow.python.keras.callbacks.ReduceLROnPlateau object at 0x7fce96fdaaf0>, <tensorflow.python.keras.callbacks.ModelCheckpoint object at 0x7fce96fdab50>]
===SCORING TEST SET ===

model_complete_evaluate
{'self': <deep_ml.DeepML object at 0x7fce96fdabe0>, 'x_test': array([[[1, 0, 0, ..., 0, 0, 0],
        [0, 0, 0, ..., 0, 0, 0],
        [0, 0, 0, ..., 0, 0, 0],
        ...,
        [0, 0, 0, ..., 0, 0, 0],
        [1, 0, 0, ..., 0, 0, 0],
        [0, 0, 0, ..., 0, 0, 0]],

       [[0, 0, 0, ..., 0, 0, 0],
        [1, 0, 0, ..., 0, 0, 0],
        [0, 0, 0, ..., 0, 0, 0],
        ...,
        [0, 0, 0, ..., 0, 0, 0],
        [0, 0, 0, ..., 0, 0, 0],
        [1, 0, 0, ..., 0, 0, 0]],

       [[0, 1, 0, ..., 0, 0, 0],
        [0, 0, 0, ..., 0, 0, 0],
        [0, 0, 0, ..., 0, 0, 0],
        ...,
        [0, 0, 0, ..., 0, 0, 0],
        [0, 0, 0, ..., 1, 0, 0],
        [0, 0, 0, ..., 0, 0, 0]],

       ...,

       [[0, 0, 0, ..., 0, 0, 0],
        [0, 0, 0, ..., 0, 0, 0],
        [0, 0, 0, ..., 0, 0, 0],
        ...,
        [0, 0, 0, ..., 1, 0, 0],
        [0, 0, 1, ..., 0, 0, 0],
        [0, 0, 0, ..., 0, 0, 1]],

       [[0, 0, 0, ..., 0, 0, 0],
        [0, 0, 0, ..., 0, 0, 0],
        [0, 0, 0, ..., 0, 0, 0],
        ...,
        [0, 0, 0, ..., 0, 0, 0],
        [0, 0, 0, ..., 0, 0, 0],
        [0, 0, 0, ..., 0, 0, 0]],

       [[0, 0, 0, ..., 0, 0, 0],
        [0, 1, 0, ..., 0, 0, 0],
        [0, 1, 0, ..., 0, 0, 0],
        ...,
        [0, 0, 0, ..., 0, 0, 0],
        [0, 0, 0, ..., 0, 0, 0],
        [0, 0, 0, ..., 0, 1, 0]]], dtype=int8), 'y_test': array([2., 2., 1., ..., 0., 0., 0.], dtype=float32), 'model': None}
report

              precision    recall  f1-score   support

         0.0       0.62      0.55      0.58      4542
         1.0       0.75      0.75      0.75      3813
         2.0       0.79      0.81      0.80     10868
         3.0       0.69      0.76      0.72      6897
         4.0       0.79      0.80      0.80      2585
         5.0       0.80      0.79      0.80      1616
         6.0       0.89      0.86      0.87      3258
         7.0       0.95      0.81      0.88      1372

    accuracy                           0.76     34951
   macro avg       0.79      0.77      0.77     34951
weighted avg       0.76      0.76      0.76     34951


===confusion_matrix===

[[2478  197  849  740  111   80   69   18]
 [ 132 2853  350  309   76   39   45    9]
 [ 611  333 8772  768  189   79  105   11]
 [ 559  233  618 5209  109   78   80   11]
 [  58   62  168  170 2080   22   25    0]
 [  46   38   81  108   27 1283   29    4]
 [  41   70  155  150   32   11 2798    1]
 [  89   20   72   52    5   10    9 1115]]

===multilabel confusion matrix===

[[[28873  1536]
  [ 2064  2478]]

 [[30185   953]
  [  960  2853]]

 [[21790  2293]
  [ 2096  8772]]

 [[25757  2297]
  [ 1688  5209]]

 [[31817   549]
  [  505  2080]]

 [[33016   319]
  [  333  1283]]

 [[31331   362]
  [  460  2798]]

 [[33525    54]
  [  257  1115]]]

===scores report===
metrics	scores
Accuracy	0.7607
MCC	0.7067
log_loss	0.7159
f1 score weighted	0.7600
f1 score macro	0.7745
f1 score micro	0.7607
roc_auc ovr	0.9479
roc_auc ovo	0.9562
precision	0.7610
recall	0.7607

===Callbacks===

generate_callbacks
[<tensorflow.python.keras.callbacks.EarlyStopping object at 0x7fce96fda910>, <tensorflow.python.keras.callbacks.ReduceLROnPlateau object at 0x7fce96fdaaf0>, <tensorflow.python.keras.callbacks.ModelCheckpoint object at 0x7fce96fdab50>]
===SCORING TEST SET ===

model_complete_evaluate
{'self': <deep_ml.DeepML object at 0x7fce96fdabe0>, 'x_test': array([[[0, 0, 0, ..., 0, 0, 0],
        [0, 0, 0, ..., 0, 0, 0],
        [0, 0, 0, ..., 0, 0, 0],
        ...,
        [0, 0, 0, ..., 0, 0, 0],
        [0, 0, 0, ..., 0, 0, 0],
        [1, 0, 0, ..., 0, 0, 0]],

       [[0, 0, 0, ..., 0, 0, 0],
        [0, 0, 0, ..., 0, 0, 1],
        [0, 0, 0, ..., 0, 0, 0],
        ...,
        [0, 0, 0, ..., 0, 0, 0],
        [1, 0, 0, ..., 0, 0, 0],
        [0, 0, 0, ..., 0, 0, 0]],

       [[0, 0, 0, ..., 0, 0, 0],
        [0, 0, 0, ..., 0, 0, 0],
        [0, 0, 0, ..., 0, 0, 1],
        ...,
        [0, 0, 0, ..., 0, 0, 0],
        [0, 0, 0, ..., 0, 0, 0],
        [0, 1, 0, ..., 0, 0, 0]],

       ...,

       [[0, 0, 0, ..., 0, 0, 0],
        [0, 0, 0, ..., 0, 0, 0],
        [0, 0, 0, ..., 0, 0, 0],
        ...,
        [0, 0, 0, ..., 0, 0, 0],
        [0, 0, 0, ..., 0, 0, 0],
        [0, 0, 0, ..., 0, 0, 0]],

       [[0, 0, 0, ..., 0, 0, 0],
        [0, 0, 1, ..., 0, 0, 0],
        [0, 0, 0, ..., 0, 0, 0],
        ...,
        [1, 0, 0, ..., 0, 0, 0],
        [1, 0, 0, ..., 0, 0, 0],
        [0, 0, 0, ..., 0, 0, 1]],

       [[0, 0, 0, ..., 0, 0, 0],
        [0, 0, 0, ..., 0, 0, 0],
        [0, 0, 0, ..., 0, 0, 0],
        ...,
        [0, 0, 0, ..., 0, 0, 0],
        [0, 0, 0, ..., 0, 0, 0],
        [0, 0, 0, ..., 0, 0, 0]]], dtype=int8), 'y_test': array([2., 2., 2., ..., 0., 0., 0.], dtype=float32), 'model': None}
report

              precision    recall  f1-score   support

         0.0       0.60      0.64      0.62      4542
         1.0       0.78      0.76      0.77      3813
         2.0       0.81      0.82      0.82     10868
         3.0       0.73      0.73      0.73      6897
         4.0       0.84      0.82      0.83      2585
         5.0       0.83      0.80      0.81      1616
         6.0       0.88      0.88      0.88      3258
         7.0       0.93      0.84      0.88      1372

    accuracy                           0.78     34951
   macro avg       0.80      0.79      0.79     34951
weighted avg       0.78      0.78      0.78     34951


===confusion_matrix===

[[2917  172  636  598   58   56   66   39]
 [ 160 2913  306  275   74   30   44   11]
 [ 788  263 8886  593  115   80  120   23]
 [ 728  227  647 5036   96   54   96   13]
 [  74   82  154  107 2113   18   35    2]
 [  60   35   91   91   33 1292   13    1]
 [  59   42  139  102   22   17 2874    3]
 [  77   13   56   53    8   11    8 1146]]

===multilabel confusion matrix===

[[[28463  1946]
  [ 1625  2917]]

 [[30304   834]
  [  900  2913]]

 [[22054  2029]
  [ 1982  8886]]

 [[26235  1819]
  [ 1861  5036]]

 [[31960   406]
  [  472  2113]]

 [[33069   266]
  [  324  1292]]

 [[31311   382]
  [  384  2874]]

 [[33487    92]
  [  226  1146]]]

===scores report===
metrics	scores
Accuracy	0.7776
MCC	0.7278
log_loss	0.6837
f1 score weighted	0.7785
f1 score macro	0.7927
f1 score micro	0.7776
roc_auc ovr	0.9532
roc_auc ovo	0.9608
precision	0.7799
recall	0.7776

===TRAIN MODELS with CV===

train_model_cv	Accuracy	MCC	log_loss	f1 score weighted	f1 score macro	f1 score micro	roc_auc ovr	roc_auc ovo	precision	recall
0	0.7584973678187228	0.7052768628256008	0.7180571777126415	0.7600113879028059	0.7729005596514991	0.7584973678187228	0.947029023307643	0.9557713827425438	0.7626046289536251	0.7584973678187228
1	0.7650138765700553	0.7127511166821109	0.7012117535756833	0.7662961935432329	0.7801434791388251	0.7650138765700553	0.9491040935698691	0.9573372439148778	0.770112446719986	0.7650138765700553
2	0.7611227146576636	0.705951972467812	0.7406169142384388	0.7610686441919273	0.776090677234115	0.7611227146576635	0.9475959350402313	0.9552604115472239	0.770692058831872	0.7611227146576636
3	0.7607221538725645	0.7066580493908182	0.7159284476773861	0.7600449478371919	0.7745179377857896	0.7607221538725645	0.9478805270288309	0.9561991735796661	0.760985113634289	0.7607221538725645
4	0.7775743183313782	0.7277854019876553	0.6837319491467411	0.7785107969917826	0.79273402387691	0.7775743183313782	0.9531680626033885	0.9608197397453809	0.7798810345559585	0.7775743183313782
mean	0.7645860862500768	0.7116846806707994	0.7119092484701782	0.7651863940933882	0.7792773355374277	0.7645860862500768	0.9489555283099925	0.9570775903059385	0.7688550565391462	0.7645860862500768
std	0.006824581825973637	0.00848011329631874	0.018902262638531037	0.007056095100641972	0.007145664344257053	0.006824581825973649	0.0022128289562113016	0.001992537839467187	0.006745837902664644	0.006824581825973637

Accuracy
MCC
log_loss
f1 score weighted
f1 score macro
f1 score micro
roc_auc ovr
roc_auc ovo
precision
recallFinished train_model_cv in 21176.6814 secs

