/home/amsequeira/enzymeClassification/models/cv_len_pad/64_64_32_500_pre_terminal_cv
self
x_train
y_train
x_test
y_test
number_classes
problem_type
x_dval
y_dval
model
epochs
batch_size
callbacks
reduce_lr
early_stopping
checkpoint
tensorboard
early_stopping_patience
reduce_lr_patience
reduce_lr_factor
reduce_lr_min
path
report_name
verbose
validation_split
shuffle
class_weights
===Callbacks===

generate_callbacks
[<tensorflow.python.keras.callbacks.EarlyStopping object at 0x7f36f05db2b0>, <tensorflow.python.keras.callbacks.ReduceLROnPlateau object at 0x7f36f05db340>, <tensorflow.python.keras.callbacks.ModelCheckpoint object at 0x7f36f05db4c0>]
===SCORING TEST SET ===

model_complete_evaluate
{'self': <deep_ml.DeepML object at 0x7f36f05db280>, 'x_test': array([[[1, 0, 0, ..., 0, 0, 0],
        [1, 0, 0, ..., 0, 0, 0],
        [1, 0, 0, ..., 0, 0, 0],
        ...,
        [0, 0, 0, ..., 0, 0, 0],
        [0, 0, 0, ..., 1, 0, 0],
        [0, 0, 0, ..., 0, 0, 0]],

       [[1, 0, 0, ..., 0, 0, 0],
        [1, 0, 0, ..., 0, 0, 0],
        [1, 0, 0, ..., 0, 0, 0],
        ...,
        [0, 0, 0, ..., 0, 1, 0],
        [0, 0, 0, ..., 0, 0, 0],
        [0, 0, 0, ..., 0, 0, 0]],

       [[1, 0, 0, ..., 0, 0, 0],
        [1, 0, 0, ..., 0, 0, 0],
        [1, 0, 0, ..., 0, 0, 0],
        ...,
        [0, 0, 0, ..., 0, 0, 0],
        [0, 0, 0, ..., 1, 0, 0],
        [1, 0, 0, ..., 0, 0, 0]],

       ...,

       [[0, 0, 0, ..., 0, 0, 0],
        [0, 0, 0, ..., 0, 0, 0],
        [0, 0, 0, ..., 0, 0, 0],
        ...,
        [0, 0, 0, ..., 0, 0, 0],
        [0, 0, 0, ..., 0, 0, 0],
        [0, 0, 0, ..., 0, 0, 0]],

       [[0, 0, 0, ..., 0, 0, 0],
        [0, 0, 0, ..., 0, 0, 1],
        [0, 0, 0, ..., 0, 0, 0],
        ...,
        [0, 0, 0, ..., 0, 0, 0],
        [0, 0, 0, ..., 0, 0, 0],
        [0, 0, 0, ..., 0, 0, 0]],

       [[0, 0, 0, ..., 0, 0, 0],
        [0, 0, 0, ..., 0, 0, 0],
        [0, 0, 0, ..., 0, 0, 0],
        ...,
        [0, 0, 0, ..., 0, 0, 0],
        [0, 0, 0, ..., 0, 0, 0],
        [0, 0, 0, ..., 0, 0, 0]]], dtype=int8), 'y_test': array([2., 2., 1., ..., 0., 0., 0.], dtype=float32), 'model': None}
report

              precision    recall  f1-score   support

         0.0       0.76      0.77      0.76      4541
         1.0       0.83      0.88      0.85      3813
         2.0       0.95      0.84      0.89     10869
         3.0       0.76      0.88      0.82      6897
         4.0       0.90      0.85      0.87      2585
         5.0       0.78      0.90      0.84      1617
         6.0       0.97      0.95      0.96      3258
         7.0       0.95      0.95      0.95      1372

    accuracy                           0.86     34952
   macro avg       0.86      0.88      0.87     34952
weighted avg       0.87      0.86      0.86     34952


===confusion_matrix===

[[3475  127  145  658   26   62   12   36]
 [  78 3338   72  223   35   49    8   10]
 [ 507  240 9130  699  105  124   53   11]
 [ 385  162  120 6055   62   79   24   10]
 [  35   74   56  146 2201   65    8    0]
 [  26   33   26   65   12 1448    2    5]
 [  20   31   26   64   11   22 3084    0]
 [  30   20    3   14    0    1    1 1303]]

===multilabel confusion matrix===

[[[29330  1081]
  [ 1066  3475]]

 [[30452   687]
  [  475  3338]]

 [[23635   448]
  [ 1739  9130]]

 [[26186  1869]
  [  842  6055]]

 [[32116   251]
  [  384  2201]]

 [[32933   402]
  [  169  1448]]

 [[31586   108]
  [  174  3084]]

 [[33508    72]
  [   69  1303]]]

===scores report===
metrics	scores
Accuracy	0.8593
MCC	0.8302
log_loss	0.4444
f1 score weighted	0.8608
f1 score macro	0.8675
f1 score micro	0.8593
roc_auc ovr	0.9817
roc_auc ovo	0.9849
precision	0.8666
recall	0.8593

===Callbacks===

generate_callbacks
[<tensorflow.python.keras.callbacks.EarlyStopping object at 0x7f36f05db2b0>, <tensorflow.python.keras.callbacks.ReduceLROnPlateau object at 0x7f36f05db340>, <tensorflow.python.keras.callbacks.ModelCheckpoint object at 0x7f36f05db4c0>]
===SCORING TEST SET ===

model_complete_evaluate
{'self': <deep_ml.DeepML object at 0x7f36f05db280>, 'x_test': array([[[1, 0, 0, ..., 0, 0, 0],
        [1, 0, 0, ..., 0, 0, 0],
        [1, 0, 0, ..., 0, 0, 0],
        ...,
        [0, 0, 0, ..., 0, 0, 0],
        [0, 0, 0, ..., 0, 0, 0],
        [0, 0, 0, ..., 0, 0, 0]],

       [[1, 0, 0, ..., 0, 0, 0],
        [1, 0, 0, ..., 0, 0, 0],
        [1, 0, 0, ..., 0, 0, 0],
        ...,
        [0, 0, 0, ..., 0, 0, 1],
        [0, 0, 0, ..., 0, 0, 0],
        [0, 0, 0, ..., 0, 0, 0]],

       [[1, 0, 0, ..., 0, 0, 0],
        [1, 0, 0, ..., 0, 0, 0],
        [1, 0, 0, ..., 0, 0, 0],
        ...,
        [0, 0, 0, ..., 0, 0, 0],
        [0, 0, 0, ..., 0, 0, 0],
        [0, 0, 0, ..., 0, 0, 0]],

       ...,

       [[1, 0, 0, ..., 0, 0, 0],
        [1, 0, 0, ..., 0, 0, 0],
        [1, 0, 0, ..., 0, 0, 0],
        ...,
        [0, 0, 0, ..., 0, 0, 0],
        [0, 0, 0, ..., 0, 0, 0],
        [0, 0, 0, ..., 0, 0, 0]],

       [[0, 0, 0, ..., 0, 0, 0],
        [0, 1, 0, ..., 0, 0, 0],
        [0, 0, 0, ..., 0, 0, 0],
        ...,
        [1, 0, 0, ..., 0, 0, 0],
        [1, 0, 0, ..., 0, 0, 0],
        [0, 0, 0, ..., 0, 0, 0]],

       [[1, 0, 0, ..., 0, 0, 0],
        [1, 0, 0, ..., 0, 0, 0],
        [1, 0, 0, ..., 0, 0, 0],
        ...,
        [0, 0, 0, ..., 0, 0, 0],
        [0, 0, 0, ..., 0, 0, 0],
        [0, 0, 0, ..., 0, 0, 0]]], dtype=int8), 'y_test': array([2., 2., 2., ..., 0., 0., 0.], dtype=float32), 'model': None}
report

              precision    recall  f1-score   support

         0.0       0.80      0.74      0.77      4541
         1.0       0.90      0.86      0.88      3813
         2.0       0.83      0.94      0.88     10869
         3.0       0.89      0.80      0.84      6897
         4.0       0.86      0.88      0.87      2585
         5.0       0.92      0.84      0.87      1616
         6.0       0.96      0.95      0.96      3258
         7.0       0.95      0.94      0.95      1372

    accuracy                           0.87     34951
   macro avg       0.89      0.87      0.88     34951
weighted avg       0.87      0.87      0.87     34951


===confusion_matrix===

[[ 3338    72   723   283    52    12    17    44]
 [   74  3266   299    83    63    17     7     4]
 [  243    97 10210   162    87    32    32     6]
 [  361   116   698  5524   108    35    42    13]
 [   42    36   164    58  2268    12     5     0]
 [   47    36    99    32    38  1351    11     2]
 [   18    14    87    22    12    10  3095     0]
 [   34     7    18    16     0     5     0  1292]]

===multilabel confusion matrix===

[[[29591   819]
  [ 1203  3338]]

 [[30760   378]
  [  547  3266]]

 [[21994  2088]
  [  659 10210]]

 [[27398   656]
  [ 1373  5524]]

 [[32006   360]
  [  317  2268]]

 [[33212   123]
  [  265  1351]]

 [[31579   114]
  [  163  3095]]

 [[33510    69]
  [   80  1292]]]

===scores report===
metrics	scores
Accuracy	0.8682
MCC	0.8387
log_loss	0.4216
f1 score weighted	0.8672
f1 score macro	0.8771
f1 score micro	0.8682
roc_auc ovr	0.9829
roc_auc ovo	0.9852
precision	0.8700
recall	0.8682

===Callbacks===

generate_callbacks
[<tensorflow.python.keras.callbacks.EarlyStopping object at 0x7f36f05db2b0>, <tensorflow.python.keras.callbacks.ReduceLROnPlateau object at 0x7f36f05db340>, <tensorflow.python.keras.callbacks.ModelCheckpoint object at 0x7f36f05db4c0>]
===SCORING TEST SET ===

model_complete_evaluate
{'self': <deep_ml.DeepML object at 0x7f36f05db280>, 'x_test': array([[[1, 0, 0, ..., 0, 0, 0],
        [1, 0, 0, ..., 0, 0, 0],
        [1, 0, 0, ..., 0, 0, 0],
        ...,
        [0, 0, 0, ..., 0, 0, 0],
        [0, 0, 0, ..., 0, 0, 0],
        [0, 1, 0, ..., 0, 0, 0]],

       [[1, 0, 0, ..., 0, 0, 0],
        [1, 0, 0, ..., 0, 0, 0],
        [1, 0, 0, ..., 0, 0, 0],
        ...,
        [0, 0, 0, ..., 0, 0, 0],
        [1, 0, 0, ..., 0, 0, 0],
        [0, 0, 0, ..., 0, 0, 0]],

       [[1, 0, 0, ..., 0, 0, 0],
        [1, 0, 0, ..., 0, 0, 0],
        [1, 0, 0, ..., 0, 0, 0],
        ...,
        [0, 0, 0, ..., 0, 0, 0],
        [0, 0, 0, ..., 1, 0, 0],
        [0, 0, 0, ..., 0, 0, 1]],

       ...,

       [[1, 0, 0, ..., 0, 0, 0],
        [1, 0, 0, ..., 0, 0, 0],
        [1, 0, 0, ..., 0, 0, 0],
        ...,
        [0, 0, 0, ..., 0, 0, 0],
        [0, 0, 0, ..., 0, 0, 1],
        [0, 0, 0, ..., 0, 0, 0]],

       [[1, 0, 0, ..., 0, 0, 0],
        [1, 0, 0, ..., 0, 0, 0],
        [1, 0, 0, ..., 0, 0, 0],
        ...,
        [0, 0, 0, ..., 0, 0, 0],
        [0, 0, 0, ..., 0, 0, 0],
        [1, 0, 0, ..., 0, 0, 0]],

       [[1, 0, 0, ..., 0, 0, 0],
        [1, 0, 0, ..., 0, 0, 0],
        [1, 0, 0, ..., 0, 0, 0],
        ...,
        [0, 0, 1, ..., 0, 0, 0],
        [0, 0, 0, ..., 0, 0, 0],
        [0, 0, 0, ..., 0, 0, 0]]], dtype=int8), 'y_test': array([2., 2., 1., ..., 0., 0., 0.], dtype=float32), 'model': None}
report

              precision    recall  f1-score   support

         0.0       0.76      0.82      0.79      4542
         1.0       0.85      0.91      0.88      3814
         2.0       0.95      0.88      0.91     10869
         3.0       0.85      0.87      0.86      6896
         4.0       0.94      0.85      0.89      2584
         5.0       0.89      0.89      0.89      1616
         6.0       0.92      0.97      0.95      3258
         7.0       0.95      0.96      0.95      1372

    accuracy                           0.88     34951
   macro avg       0.89      0.89      0.89     34951
weighted avg       0.89      0.88      0.88     34951


===confusion_matrix===

[[3721  112  162  430   12   33   37   35]
 [  98 3487   66   88   23   20   18   14]
 [ 492  221 9582  353   50   49  120    2]
 [ 441  170  168 5967   31   41   58   20]
 [  49   83   75  138 2185   32   21    1]
 [  43   31   31   42   13 1443   12    1]
 [  23   13   16   21    1    8 3176    0]
 [  24    7    8    9    2    0    9 1313]]

===multilabel confusion matrix===

[[[29239  1170]
  [  821  3721]]

 [[30500   637]
  [  327  3487]]

 [[23556   526]
  [ 1287  9582]]

 [[26974  1081]
  [  929  5967]]

 [[32235   132]
  [  399  2185]]

 [[33152   183]
  [  173  1443]]

 [[31418   275]
  [   82  3176]]

 [[33506    73]
  [   59  1313]]]

===scores report===
metrics	scores
Accuracy	0.8834
MCC	0.8584
log_loss	0.3844
f1 score weighted	0.8841
f1 score macro	0.8897
f1 score micro	0.8834
roc_auc ovr	0.9857
roc_auc ovo	0.9881
precision	0.8867
recall	0.8834

===Callbacks===

generate_callbacks
[<tensorflow.python.keras.callbacks.EarlyStopping object at 0x7f36f05db2b0>, <tensorflow.python.keras.callbacks.ReduceLROnPlateau object at 0x7f36f05db340>, <tensorflow.python.keras.callbacks.ModelCheckpoint object at 0x7f36f05db4c0>]
===SCORING TEST SET ===

model_complete_evaluate
{'self': <deep_ml.DeepML object at 0x7f36f05db280>, 'x_test': array([[[1, 0, 0, ..., 0, 0, 0],
        [1, 0, 0, ..., 0, 0, 0],
        [1, 0, 0, ..., 0, 0, 0],
        ...,
        [0, 0, 0, ..., 0, 0, 0],
        [1, 0, 0, ..., 0, 0, 0],
        [0, 0, 0, ..., 0, 0, 0]],

       [[1, 0, 0, ..., 0, 0, 0],
        [1, 0, 0, ..., 0, 0, 0],
        [1, 0, 0, ..., 0, 0, 0],
        ...,
        [0, 0, 0, ..., 0, 0, 0],
        [0, 0, 0, ..., 0, 0, 0],
        [1, 0, 0, ..., 0, 0, 0]],

       [[1, 0, 0, ..., 0, 0, 0],
        [1, 0, 0, ..., 0, 0, 0],
        [1, 0, 0, ..., 0, 0, 0],
        ...,
        [0, 0, 0, ..., 0, 0, 0],
        [0, 0, 0, ..., 1, 0, 0],
        [0, 0, 0, ..., 0, 0, 0]],

       ...,

       [[0, 0, 0, ..., 0, 0, 0],
        [0, 0, 0, ..., 0, 0, 0],
        [0, 0, 0, ..., 0, 0, 0],
        ...,
        [0, 0, 0, ..., 1, 0, 0],
        [0, 0, 1, ..., 0, 0, 0],
        [0, 0, 0, ..., 0, 0, 1]],

       [[0, 0, 0, ..., 0, 0, 0],
        [0, 0, 0, ..., 0, 0, 0],
        [1, 0, 0, ..., 0, 0, 0],
        ...,
        [0, 0, 0, ..., 0, 0, 0],
        [0, 0, 0, ..., 0, 0, 0],
        [0, 0, 0, ..., 0, 0, 0]],

       [[0, 0, 0, ..., 0, 0, 0],
        [0, 0, 0, ..., 0, 0, 0],
        [1, 0, 0, ..., 0, 0, 0],
        ...,
        [0, 0, 0, ..., 0, 0, 0],
        [0, 0, 0, ..., 0, 0, 0],
        [0, 0, 0, ..., 0, 1, 0]]], dtype=int8), 'y_test': array([2., 2., 1., ..., 0., 0., 0.], dtype=float32), 'model': None}
report

              precision    recall  f1-score   support

         0.0       0.73      0.78      0.75      4542
         1.0       0.88      0.79      0.83      3813
         2.0       0.92      0.82      0.87     10868
         3.0       0.74      0.86      0.80      6897
         4.0       0.78      0.84      0.81      2585
         5.0       0.88      0.81      0.84      1616
         6.0       0.91      0.93      0.92      3258
         7.0       0.92      0.94      0.93      1372

    accuracy                           0.84     34951
   macro avg       0.85      0.85      0.84     34951
weighted avg       0.84      0.84      0.84     34951


===confusion_matrix===

[[3547   69  185  569   61   29   19   63]
 [ 100 3019  145  337  133   19   42   18]
 [ 586  180 8921  750  205   66  139   21]
 [ 478   89  205 5919  117   25   57    7]
 [  60   43   83  182 2171   27   18    1]
 [  44   24   49   99   60 1301   38    1]
 [  36    9   56   91   16    7 3041    2]
 [  32   12    6   20    3    2    2 1295]]

===multilabel confusion matrix===

[[[29073  1336]
  [  995  3547]]

 [[30712   426]
  [  794  3019]]

 [[23354   729]
  [ 1947  8921]]

 [[26006  2048]
  [  978  5919]]

 [[31771   595]
  [  414  2171]]

 [[33160   175]
  [  315  1301]]

 [[31378   315]
  [  217  3041]]

 [[33466   113]
  [   77  1295]]]

===scores report===
metrics	scores
Accuracy	0.8359
MCC	0.8015
log_loss	0.4935
f1 score weighted	0.8373
f1 score macro	0.8443
f1 score micro	0.8359
roc_auc ovr	0.9756
roc_auc ovo	0.9797
precision	0.8434
recall	0.8359

===Callbacks===

generate_callbacks
[<tensorflow.python.keras.callbacks.EarlyStopping object at 0x7f36f05db2b0>, <tensorflow.python.keras.callbacks.ReduceLROnPlateau object at 0x7f36f05db340>, <tensorflow.python.keras.callbacks.ModelCheckpoint object at 0x7f36f05db4c0>]
===SCORING TEST SET ===

model_complete_evaluate
{'self': <deep_ml.DeepML object at 0x7f36f05db280>, 'x_test': array([[[1, 0, 0, ..., 0, 0, 0],
        [1, 0, 0, ..., 0, 0, 0],
        [1, 0, 0, ..., 0, 0, 0],
        ...,
        [0, 0, 0, ..., 0, 0, 0],
        [0, 0, 0, ..., 0, 0, 0],
        [1, 0, 0, ..., 0, 0, 0]],

       [[1, 0, 0, ..., 0, 0, 0],
        [1, 0, 0, ..., 0, 0, 0],
        [1, 0, 0, ..., 0, 0, 0],
        ...,
        [0, 0, 0, ..., 0, 0, 0],
        [1, 0, 0, ..., 0, 0, 0],
        [0, 0, 0, ..., 0, 0, 0]],

       [[1, 0, 0, ..., 0, 0, 0],
        [1, 0, 0, ..., 0, 0, 0],
        [1, 0, 0, ..., 0, 0, 0],
        ...,
        [0, 0, 0, ..., 0, 0, 0],
        [0, 0, 0, ..., 0, 0, 0],
        [0, 1, 0, ..., 0, 0, 0]],

       ...,

       [[1, 0, 0, ..., 0, 0, 0],
        [1, 0, 0, ..., 0, 0, 0],
        [1, 0, 0, ..., 0, 0, 0],
        ...,
        [0, 0, 0, ..., 0, 0, 0],
        [0, 0, 0, ..., 0, 0, 0],
        [0, 0, 0, ..., 0, 0, 0]],

       [[1, 0, 0, ..., 0, 0, 0],
        [1, 0, 0, ..., 0, 0, 0],
        [1, 0, 0, ..., 0, 0, 0],
        ...,
        [1, 0, 0, ..., 0, 0, 0],
        [1, 0, 0, ..., 0, 0, 0],
        [0, 0, 0, ..., 0, 0, 1]],

       [[0, 0, 0, ..., 0, 0, 0],
        [0, 0, 0, ..., 0, 0, 0],
        [1, 0, 0, ..., 0, 0, 0],
        ...,
        [0, 0, 0, ..., 0, 0, 0],
        [0, 0, 0, ..., 0, 0, 0],
        [0, 0, 0, ..., 0, 0, 0]]], dtype=int8), 'y_test': array([2., 2., 2., ..., 0., 0., 0.], dtype=float32), 'model': None}
report

              precision    recall  f1-score   support

         0.0       0.77      0.81      0.79      4542
         1.0       0.87      0.89      0.88      3813
         2.0       0.93      0.90      0.91     10868
         3.0       0.86      0.83      0.84      6897
         4.0       0.89      0.89      0.89      2585
         5.0       0.84      0.89      0.87      1616
         6.0       0.91      0.97      0.94      3258
         7.0       0.96      0.93      0.94      1372

    accuracy                           0.88     34951
   macro avg       0.88      0.89      0.88     34951
weighted avg       0.88      0.88      0.88     34951


===confusion_matrix===

[[3675  114  235  359   43   55   30   31]
 [  91 3398   87  122   36   27   42   10]
 [ 399  133 9746  293   96   73  123    5]
 [ 451  148  325 5731   79   72   86    5]
 [  38   64   64   83 2288   28   20    0]
 [  34   21   41   38   23 1443   16    0]
 [  21    9   19   24    9   10 3166    0]
 [  47   16    9   18    3    1    6 1272]]

===multilabel confusion matrix===

[[[29328  1081]
  [  867  3675]]

 [[30633   505]
  [  415  3398]]

 [[23303   780]
  [ 1122  9746]]

 [[27117   937]
  [ 1166  5731]]

 [[32077   289]
  [  297  2288]]

 [[33069   266]
  [  173  1443]]

 [[31370   323]
  [   92  3166]]

 [[33528    51]
  [  100  1272]]]

===scores report===
metrics	scores
Accuracy	0.8789
MCC	0.8525
log_loss	0.3927
f1 score weighted	0.8791
f1 score macro	0.8830
f1 score micro	0.8789
roc_auc ovr	0.9847
roc_auc ovo	0.9874
precision	0.8799
recall	0.8789

===TRAIN MODELS with CV===

train_model_cv	Accuracy	MCC	log_loss	f1 score weighted	f1 score macro	f1 score micro	roc_auc ovr	roc_auc ovo	precision	recall
0	0.8592927443350881	0.8301847919362503	0.4444172293553067	0.8607749973280998	0.8675059969887371	0.859292744335088	0.9817450455134719	0.984871483963359	0.8666323133370383	0.8592927443350881
1	0.8681868902177334	0.8387239086516685	0.4215551418778995	0.8672286660622485	0.8771213538568019	0.8681868902177333	0.9828802304468877	0.9852480125771359	0.8700486251105733	0.8681868902177334
2	0.8833509770822008	0.8583921324337684	0.38438743634827016	0.8840742471336314	0.8897110526657077	0.8833509770822008	0.9857254989861308	0.9881295231078294	0.8867017502903061	0.8833509770822008
3	0.8358559125633029	0.8014714634429606	0.493540834692955	0.8373400111686802	0.8443462934002479	0.8358559125633029	0.9756356700704163	0.9796561078591461	0.8434453496017719	0.8358559125633029
4	0.8789161969614603	0.8525232010821975	0.3927346895234962	0.879094905627005	0.8830293231496812	0.8789161969614603	0.984706955507334	0.9874186702356708	0.879941551157473	0.8789161969614603
mean	0.8651205442319572	0.8362590995093692	0.42732706635958556	0.8657025654639329	0.8723428040122352	0.8651205442319568	0.9821386801048482	0.9850647595486282	0.8693539178994325	0.8651205442319572
std	0.016866849807742536	0.02003768582493258	0.03937028387255136	0.016419000330938443	0.01578538311103367	0.01686684980774254	0.003534269170263296	0.002975167942111384	0.014779640911784079	0.016866849807742536

Accuracy
MCC
log_loss
f1 score weighted
f1 score macro
f1 score micro
roc_auc ovr
roc_auc ovo
precision
recallFinished train_model_cv in 79182.6559 secs

