/home/amsequeira/enzymeClassification/models/cv_len_pad/64_64_32_100_pre_post_cv
self
x_train
y_train
x_test
y_test
number_classes
problem_type
x_dval
y_dval
model
epochs
batch_size
callbacks
reduce_lr
early_stopping
checkpoint
tensorboard
early_stopping_patience
reduce_lr_patience
reduce_lr_factor
reduce_lr_min
path
report_name
verbose
validation_split
shuffle
class_weights
===Callbacks===

generate_callbacks
[<tensorflow.python.keras.callbacks.EarlyStopping object at 0x7efac01e7160>, <tensorflow.python.keras.callbacks.ReduceLROnPlateau object at 0x7efac01e7310>, <tensorflow.python.keras.callbacks.ModelCheckpoint object at 0x7efac01e7370>]
===SCORING TEST SET ===

model_complete_evaluate
{'self': <deep_ml.DeepML object at 0x7efac01e7130>, 'x_test': array([[[0, 0, 0, ..., 0, 0, 0],
        [0, 0, 0, ..., 0, 0, 0],
        [0, 0, 0, ..., 0, 0, 0],
        ...,
        [0, 0, 0, ..., 0, 0, 0],
        [0, 0, 0, ..., 0, 0, 0],
        [0, 0, 0, ..., 0, 0, 0]],

       [[0, 0, 0, ..., 0, 0, 0],
        [0, 0, 0, ..., 0, 1, 0],
        [0, 0, 1, ..., 0, 0, 0],
        ...,
        [0, 0, 0, ..., 0, 0, 0],
        [0, 0, 0, ..., 0, 0, 0],
        [0, 0, 0, ..., 0, 0, 0]],

       [[0, 0, 0, ..., 0, 0, 0],
        [0, 0, 0, ..., 0, 0, 0],
        [0, 0, 0, ..., 0, 0, 0],
        ...,
        [0, 0, 0, ..., 0, 0, 1],
        [0, 0, 0, ..., 0, 0, 0],
        [0, 0, 0, ..., 0, 0, 0]],

       ...,

       [[0, 0, 0, ..., 0, 0, 0],
        [0, 0, 0, ..., 0, 0, 0],
        [0, 0, 0, ..., 0, 0, 0],
        ...,
        [1, 0, 0, ..., 0, 0, 0],
        [0, 0, 0, ..., 0, 0, 0],
        [0, 0, 0, ..., 0, 0, 0]],

       [[0, 0, 0, ..., 0, 0, 0],
        [0, 0, 0, ..., 0, 0, 1],
        [0, 0, 0, ..., 0, 0, 0],
        ...,
        [0, 0, 0, ..., 0, 0, 0],
        [0, 0, 0, ..., 0, 0, 0],
        [0, 0, 0, ..., 0, 0, 0]],

       [[0, 0, 0, ..., 0, 0, 0],
        [0, 0, 0, ..., 0, 0, 0],
        [0, 0, 0, ..., 0, 0, 0],
        ...,
        [1, 0, 0, ..., 0, 0, 0],
        [0, 0, 0, ..., 0, 0, 0],
        [0, 0, 0, ..., 0, 0, 0]]], dtype=int8), 'y_test': array([2., 2., 1., ..., 0., 0., 0.], dtype=float32), 'model': None}
report

              precision    recall  f1-score   support

         0.0       0.55      0.65      0.59      4541
         1.0       0.77      0.78      0.77      3813
         2.0       0.84      0.79      0.82     10869
         3.0       0.70      0.75      0.73      6897
         4.0       0.82      0.78      0.80      2585
         5.0       0.88      0.80      0.84      1617
         6.0       0.95      0.87      0.91      3258
         7.0       0.91      0.90      0.90      1372

    accuracy                           0.77     34952
   macro avg       0.80      0.79      0.79     34952
weighted avg       0.78      0.77      0.78     34952


===confusion_matrix===

[[2942  203  502  738   62   37   34   23]
 [ 247 2963  229  258   62   18   22   14]
 [1022  249 8564  760  138   49   53   34]
 [ 830  209  440 5186  115   47   32   38]
 [ 107   84  167  180 2015   20    9    3]
 [  61   52   74  102   27 1294    2    5]
 [  76   61  133  135   22    7 2823    1]
 [  65   16   31   26    4    1    1 1228]]

===multilabel confusion matrix===

[[[28003  2408]
  [ 1599  2942]]

 [[30265   874]
  [  850  2963]]

 [[22507  1576]
  [ 2305  8564]]

 [[25856  2199]
  [ 1711  5186]]

 [[31937   430]
  [  570  2015]]

 [[33156   179]
  [  323  1294]]

 [[31541   153]
  [  435  2823]]

 [[33462   118]
  [  144  1228]]]

===scores report===
metrics	scores
Accuracy	0.7729
MCC	0.7235
log_loss	0.6605
f1 score weighted	0.7765
f1 score macro	0.7949
f1 score micro	0.7729
roc_auc ovr	0.9538
roc_auc ovo	0.9619
precision	0.7827
recall	0.7729

===Callbacks===

generate_callbacks
[<tensorflow.python.keras.callbacks.EarlyStopping object at 0x7efac01e7160>, <tensorflow.python.keras.callbacks.ReduceLROnPlateau object at 0x7efac01e7310>, <tensorflow.python.keras.callbacks.ModelCheckpoint object at 0x7efac01e7370>]
===SCORING TEST SET ===

model_complete_evaluate
{'self': <deep_ml.DeepML object at 0x7efac01e7130>, 'x_test': array([[[0, 0, 0, ..., 0, 0, 0],
        [0, 0, 0, ..., 0, 0, 0],
        [0, 1, 0, ..., 0, 0, 0],
        ...,
        [0, 0, 0, ..., 0, 0, 0],
        [0, 0, 0, ..., 0, 0, 0],
        [0, 1, 0, ..., 0, 0, 0]],

       [[0, 0, 0, ..., 0, 0, 0],
        [0, 0, 0, ..., 0, 0, 0],
        [0, 0, 1, ..., 0, 0, 0],
        ...,
        [0, 0, 0, ..., 0, 0, 0],
        [0, 0, 0, ..., 0, 0, 0],
        [1, 0, 0, ..., 0, 0, 0]],

       [[0, 0, 0, ..., 0, 0, 0],
        [0, 0, 0, ..., 0, 0, 0],
        [1, 0, 0, ..., 0, 0, 0],
        ...,
        [0, 0, 0, ..., 0, 0, 1],
        [0, 0, 0, ..., 0, 0, 0],
        [0, 0, 0, ..., 0, 0, 0]],

       ...,

       [[0, 0, 0, ..., 0, 0, 0],
        [0, 0, 1, ..., 0, 0, 0],
        [0, 0, 0, ..., 0, 0, 0],
        ...,
        [1, 0, 0, ..., 0, 0, 0],
        [0, 0, 0, ..., 0, 0, 0],
        [0, 0, 0, ..., 0, 0, 0]],

       [[0, 0, 0, ..., 0, 0, 0],
        [0, 1, 0, ..., 0, 0, 0],
        [0, 0, 0, ..., 0, 0, 0],
        ...,
        [1, 0, 0, ..., 0, 0, 0],
        [0, 0, 0, ..., 0, 0, 0],
        [1, 0, 0, ..., 0, 0, 0]],

       [[0, 0, 0, ..., 0, 0, 0],
        [0, 0, 0, ..., 0, 0, 0],
        [1, 0, 0, ..., 0, 0, 0],
        ...,
        [0, 0, 0, ..., 0, 0, 0],
        [0, 0, 0, ..., 0, 0, 0],
        [0, 0, 0, ..., 0, 0, 0]]], dtype=int8), 'y_test': array([2., 2., 2., ..., 0., 0., 0.], dtype=float32), 'model': None}
report

              precision    recall  f1-score   support

         0.0       0.52      0.72      0.60      4541
         1.0       0.93      0.70      0.80      3813
         2.0       0.79      0.83      0.81     10869
         3.0       0.76      0.70      0.73      6897
         4.0       0.85      0.77      0.81      2585
         5.0       0.94      0.78      0.85      1616
         6.0       0.93      0.88      0.90      3258
         7.0       0.96      0.85      0.90      1372

    accuracy                           0.78     34951
   macro avg       0.83      0.78      0.80     34951
weighted avg       0.80      0.78      0.78     34951


===confusion_matrix===

[[3274   30  621  513   57   12   21   13]
 [ 379 2656  408  232   68   17   47    6]
 [1080   52 9068  474  106   11   67   11]
 [1120   43  751 4834   65   27   43   14]
 [ 160   40  233  133 1987   10   22    0]
 [  74   22  129   85   33 1263    9    1]
 [ 112   16  152   89   29    6 2854    0]
 [  96    3   68   39    1    0    0 1165]]

===multilabel confusion matrix===

[[[27389  3021]
  [ 1267  3274]]

 [[30932   206]
  [ 1157  2656]]

 [[21720  2362]
  [ 1801  9068]]

 [[26489  1565]
  [ 2063  4834]]

 [[32007   359]
  [  598  1987]]

 [[33252    83]
  [  353  1263]]

 [[31484   209]
  [  404  2854]]

 [[33534    45]
  [  207  1165]]]

===scores report===
metrics	scores
Accuracy	0.7754
MCC	0.7257
log_loss	0.6804
f1 score weighted	0.7804
f1 score macro	0.8006
f1 score micro	0.7754
roc_auc ovr	0.9532
roc_auc ovo	0.9603
precision	0.7953
recall	0.7754

===Callbacks===

generate_callbacks
[<tensorflow.python.keras.callbacks.EarlyStopping object at 0x7efac01e7160>, <tensorflow.python.keras.callbacks.ReduceLROnPlateau object at 0x7efac01e7310>, <tensorflow.python.keras.callbacks.ModelCheckpoint object at 0x7efac01e7370>]
===SCORING TEST SET ===

model_complete_evaluate
{'self': <deep_ml.DeepML object at 0x7efac01e7130>, 'x_test': array([[[0, 0, 0, ..., 0, 0, 0],
        [0, 0, 0, ..., 0, 0, 0],
        [0, 0, 1, ..., 0, 0, 0],
        ...,
        [0, 0, 0, ..., 0, 0, 0],
        [0, 0, 0, ..., 0, 0, 0],
        [0, 0, 0, ..., 0, 0, 0]],

       [[0, 0, 0, ..., 0, 0, 0],
        [0, 0, 0, ..., 0, 0, 0],
        [0, 0, 0, ..., 0, 0, 1],
        ...,
        [1, 0, 0, ..., 0, 0, 0],
        [0, 0, 0, ..., 0, 0, 0],
        [0, 0, 0, ..., 0, 0, 0]],

       [[0, 0, 0, ..., 0, 0, 0],
        [0, 0, 0, ..., 0, 0, 0],
        [0, 0, 0, ..., 0, 0, 0],
        ...,
        [0, 0, 0, ..., 0, 0, 0],
        [0, 0, 0, ..., 0, 0, 0],
        [0, 0, 0, ..., 0, 0, 0]],

       ...,

       [[0, 0, 0, ..., 0, 0, 0],
        [0, 1, 0, ..., 0, 0, 0],
        [0, 0, 0, ..., 0, 0, 1],
        ...,
        [0, 0, 0, ..., 0, 0, 0],
        [0, 0, 0, ..., 0, 0, 0],
        [0, 0, 0, ..., 0, 0, 0]],

       [[0, 0, 0, ..., 0, 0, 0],
        [0, 0, 1, ..., 0, 0, 0],
        [0, 0, 0, ..., 0, 0, 1],
        ...,
        [0, 0, 0, ..., 0, 0, 0],
        [0, 0, 0, ..., 0, 0, 0],
        [0, 0, 0, ..., 0, 0, 0]],

       [[0, 0, 0, ..., 0, 0, 0],
        [0, 0, 0, ..., 0, 0, 0],
        [1, 0, 0, ..., 0, 0, 0],
        ...,
        [0, 0, 0, ..., 0, 0, 0],
        [0, 0, 0, ..., 0, 0, 0],
        [0, 0, 0, ..., 0, 0, 0]]], dtype=int8), 'y_test': array([2., 2., 1., ..., 0., 0., 0.], dtype=float32), 'model': None}
report

              precision    recall  f1-score   support

         0.0       0.60      0.57      0.58      4542
         1.0       0.80      0.77      0.78      3814
         2.0       0.77      0.86      0.81     10869
         3.0       0.77      0.71      0.74      6896
         4.0       0.90      0.74      0.81      2584
         5.0       0.81      0.80      0.81      1616
         6.0       0.87      0.90      0.89      3258
         7.0       0.92      0.92      0.92      1372

    accuracy                           0.78     34951
   macro avg       0.80      0.78      0.79     34951
weighted avg       0.78      0.78      0.77     34951


===confusion_matrix===

[[2569  186 1002  552   43   50  101   39]
 [ 178 2943  373  172   33   33   70   12]
 [ 655  214 9329  409   50   71  120   21]
 [ 708  183  865 4867   64   93   81   35]
 [  80   76  286  160 1917   28   34    3]
 [  56   39  117   72   18 1299   15    0]
 [  42   35  154   68    8   19 2930    2]
 [  29   12   44   25    1    1    4 1256]]

===multilabel confusion matrix===

[[[28661  1748]
  [ 1973  2569]]

 [[30392   745]
  [  871  2943]]

 [[21241  2841]
  [ 1540  9329]]

 [[26597  1458]
  [ 2029  4867]]

 [[32150   217]
  [  667  1917]]

 [[33040   295]
  [  317  1299]]

 [[31268   425]
  [  328  2930]]

 [[33467   112]
  [  116  1256]]]

===scores report===
metrics	scores
Accuracy	0.7757
MCC	0.7244
log_loss	0.6661
f1 score weighted	0.7742
f1 score macro	0.7919
f1 score micro	0.7757
roc_auc ovr	0.9539
roc_auc ovo	0.9616
precision	0.7762
recall	0.7757

===Callbacks===

generate_callbacks
[<tensorflow.python.keras.callbacks.EarlyStopping object at 0x7efac01e7160>, <tensorflow.python.keras.callbacks.ReduceLROnPlateau object at 0x7efac01e7310>, <tensorflow.python.keras.callbacks.ModelCheckpoint object at 0x7efac01e7370>]
===SCORING TEST SET ===

model_complete_evaluate
{'self': <deep_ml.DeepML object at 0x7efac01e7130>, 'x_test': array([[[0, 0, 0, ..., 0, 0, 0],
        [1, 0, 0, ..., 0, 0, 0],
        [1, 0, 0, ..., 0, 0, 0],
        ...,
        [0, 0, 0, ..., 0, 0, 0],
        [0, 0, 0, ..., 0, 0, 1],
        [0, 0, 0, ..., 0, 0, 0]],

       [[0, 0, 0, ..., 0, 0, 0],
        [0, 0, 1, ..., 0, 0, 0],
        [0, 0, 0, ..., 0, 0, 0],
        ...,
        [0, 0, 0, ..., 0, 0, 0],
        [1, 0, 0, ..., 0, 0, 0],
        [0, 0, 0, ..., 0, 0, 0]],

       [[0, 0, 0, ..., 0, 0, 0],
        [0, 0, 0, ..., 0, 0, 0],
        [0, 1, 0, ..., 0, 0, 0],
        ...,
        [0, 0, 0, ..., 0, 0, 0],
        [0, 1, 0, ..., 0, 0, 0],
        [0, 0, 0, ..., 0, 0, 0]],

       ...,

       [[0, 0, 0, ..., 0, 0, 0],
        [0, 0, 0, ..., 0, 0, 0],
        [0, 0, 0, ..., 0, 0, 0],
        ...,
        [0, 0, 0, ..., 0, 0, 1],
        [0, 0, 0, ..., 0, 0, 0],
        [0, 0, 0, ..., 0, 0, 0]],

       [[0, 0, 0, ..., 0, 0, 0],
        [0, 0, 0, ..., 0, 0, 0],
        [1, 0, 0, ..., 0, 0, 0],
        ...,
        [0, 0, 0, ..., 0, 0, 0],
        [0, 0, 0, ..., 0, 0, 0],
        [0, 0, 0, ..., 0, 0, 0]],

       [[0, 0, 0, ..., 0, 0, 0],
        [0, 0, 0, ..., 0, 0, 0],
        [1, 0, 0, ..., 0, 0, 0],
        ...,
        [0, 0, 0, ..., 0, 0, 0],
        [0, 0, 0, ..., 0, 0, 1],
        [0, 0, 0, ..., 0, 0, 0]]], dtype=int8), 'y_test': array([2., 2., 1., ..., 0., 0., 0.], dtype=float32), 'model': None}
report

              precision    recall  f1-score   support

         0.0       0.58      0.59      0.59      4542
         1.0       0.74      0.78      0.76      3813
         2.0       0.83      0.81      0.82     10868
         3.0       0.74      0.74      0.74      6897
         4.0       0.78      0.81      0.79      2585
         5.0       0.77      0.83      0.80      1616
         6.0       0.94      0.89      0.91      3258
         7.0       0.90      0.91      0.90      1372

    accuracy                           0.78     34951
   macro avg       0.79      0.79      0.79     34951
weighted avg       0.78      0.78      0.78     34951


===confusion_matrix===

[[2694  267  604  713  109   78   31   46]
 [ 181 2977  272  218   74   63   18   10]
 [ 782  350 8750  602  212   89   55   28]
 [ 747  212  497 5090  136  114   60   41]
 [  85   77  147  121 2094   42   18    1]
 [  46   37   86   69   30 1340    5    3]
 [  62   60  107   74   33   14 2905    3]
 [  32   31   41   20    3    3    0 1242]]

===multilabel confusion matrix===

[[[28474  1935]
  [ 1848  2694]]

 [[30104  1034]
  [  836  2977]]

 [[22329  1754]
  [ 2118  8750]]

 [[26237  1817]
  [ 1807  5090]]

 [[31769   597]
  [  491  2094]]

 [[32932   403]
  [  276  1340]]

 [[31506   187]
  [  353  2905]]

 [[33447   132]
  [  130  1242]]]

===scores report===
metrics	scores
Accuracy	0.7751
MCC	0.7259
log_loss	0.6568
f1 score weighted	0.7759
f1 score macro	0.7895
f1 score micro	0.7751
roc_auc ovr	0.9545
roc_auc ovo	0.9626
precision	0.7772
recall	0.7751

===Callbacks===

generate_callbacks
[<tensorflow.python.keras.callbacks.EarlyStopping object at 0x7efac01e7160>, <tensorflow.python.keras.callbacks.ReduceLROnPlateau object at 0x7efac01e7310>, <tensorflow.python.keras.callbacks.ModelCheckpoint object at 0x7efac01e7370>]
===SCORING TEST SET ===

model_complete_evaluate
{'self': <deep_ml.DeepML object at 0x7efac01e7130>, 'x_test': array([[[0, 0, 0, ..., 0, 0, 0],
        [0, 1, 0, ..., 0, 0, 0],
        [0, 0, 1, ..., 0, 0, 0],
        ...,
        [0, 0, 0, ..., 0, 0, 0],
        [0, 1, 0, ..., 0, 0, 0],
        [0, 0, 0, ..., 0, 0, 0]],

       [[0, 0, 0, ..., 0, 0, 0],
        [0, 0, 0, ..., 0, 0, 0],
        [0, 0, 0, ..., 0, 0, 0],
        ...,
        [0, 0, 0, ..., 0, 0, 0],
        [0, 0, 0, ..., 0, 0, 0],
        [0, 0, 0, ..., 0, 0, 0]],

       [[0, 0, 0, ..., 0, 0, 0],
        [0, 0, 0, ..., 0, 0, 0],
        [0, 0, 0, ..., 0, 0, 0],
        ...,
        [0, 0, 0, ..., 0, 0, 0],
        [0, 0, 0, ..., 0, 0, 0],
        [0, 1, 0, ..., 0, 0, 0]],

       ...,

       [[0, 0, 0, ..., 0, 0, 0],
        [0, 0, 0, ..., 0, 0, 0],
        [0, 1, 0, ..., 0, 0, 0],
        ...,
        [0, 0, 0, ..., 0, 0, 1],
        [0, 0, 0, ..., 0, 0, 0],
        [1, 0, 0, ..., 0, 0, 0]],

       [[0, 0, 0, ..., 0, 0, 0],
        [0, 0, 0, ..., 0, 0, 0],
        [0, 0, 0, ..., 0, 0, 0],
        ...,
        [1, 0, 0, ..., 0, 0, 0],
        [0, 0, 0, ..., 0, 0, 0],
        [0, 0, 1, ..., 0, 0, 0]],

       [[0, 0, 0, ..., 0, 0, 0],
        [0, 0, 0, ..., 0, 0, 0],
        [1, 0, 0, ..., 0, 0, 0],
        ...,
        [0, 0, 0, ..., 0, 0, 0],
        [0, 0, 0, ..., 0, 0, 0],
        [0, 0, 0, ..., 0, 0, 0]]], dtype=int8), 'y_test': array([2., 2., 2., ..., 0., 0., 0.], dtype=float32), 'model': None}
report

              precision    recall  f1-score   support

         0.0       0.58      0.65      0.61      4542
         1.0       0.81      0.79      0.80      3813
         2.0       0.82      0.84      0.83     10868
         3.0       0.76      0.73      0.75      6897
         4.0       0.85      0.80      0.82      2585
         5.0       0.87      0.84      0.85      1616
         6.0       0.92      0.90      0.91      3258
         7.0       0.92      0.87      0.90      1372

    accuracy                           0.79     34951
   macro avg       0.82      0.80      0.81     34951
weighted avg       0.79      0.79      0.79     34951


===confusion_matrix===

[[2950  183  627  600   74   36   43   29]
 [ 213 2995  283  192   49   23   41   17]
 [ 817  187 9133  468  112   53   69   29]
 [ 844  150  650 5028   95   44   60   26]
 [  92   76  171  129 2069   28   19    1]
 [  51   32   94   62   20 1350    7    0]
 [  69   45  129   62   23   12 2917    1]
 [  69   20   41   37    4    2    0 1199]]

===multilabel confusion matrix===

[[[28254  2155]
  [ 1592  2950]]

 [[30445   693]
  [  818  2995]]

 [[22088  1995]
  [ 1735  9133]]

 [[26504  1550]
  [ 1869  5028]]

 [[31989   377]
  [  516  2069]]

 [[33137   198]
  [  266  1350]]

 [[31454   239]
  [  341  2917]]

 [[33476   103]
  [  173  1199]]]

===scores report===
metrics	scores
Accuracy	0.7909
MCC	0.7440
log_loss	0.6457
f1 score weighted	0.7924
f1 score macro	0.8086
f1 score micro	0.7909
roc_auc ovr	0.9591
roc_auc ovo	0.9659
precision	0.7949
recall	0.7909

===TRAIN MODELS with CV===

train_model_cv	Accuracy	MCC	log_loss	f1 score weighted	f1 score macro	f1 score micro	roc_auc ovr	roc_auc ovo	precision	recall
0	0.772917143511101	0.723512682594848	0.6604551678489877	0.7765184696601914	0.7948800815407779	0.772917143511101	0.9537581075627176	0.9619083641801035	0.782722016752213	0.772917143511101
1	0.7753998454979829	0.7256811676549776	0.68036484973122	0.7803767706296618	0.8005850068187617	0.7753998454979829	0.9531994931988023	0.960293429803351	0.7952814984642944	0.7753998454979829
2	0.7756573488598323	0.7243597179604581	0.6661461032239795	0.7741888420188174	0.7919453763878547	0.7756573488598323	0.9538531963780922	0.9616169339252959	0.7761625572621572	0.7756573488598323
3	0.7751423421361334	0.7258810473131172	0.6568287719274798	0.7759076294440961	0.7894975599495935	0.7751423421361334	0.9544540798681392	0.9626110174462035	0.7772106999458593	0.7751423421361334
4	0.7908500472089497	0.74397441218149	0.6456841786593697	0.7923600509828456	0.8086314016096275	0.7908500472089497	0.9590558365641392	0.9658921401628836	0.7949196040159998	0.7908500472089497
mean	0.7779933454427999	0.7286818055409782	0.6618958142782073	0.7798703525471224	0.797107885261323	0.7779933454427999	0.9548641427143781	0.9624643771035675	0.7852592752881048	0.7779933454427999
std	0.006501906615895501	0.007695611285936339	0.01139945381536544	0.006564554538608509	0.006847093719106106	0.006501906615895501	0.002133299469331756	0.0018714371735474307	0.008339477600973614	0.006501906615895501

Accuracy
MCC
log_loss
f1 score weighted
f1 score macro
f1 score micro
roc_auc ovr
roc_auc ovo
precision
recallFinished train_model_cv in 22695.0299 secs

