/home/amsequeira/enzymeClassification/models/cv_len_pad/64_64_32_300_pre_post_cv
self
x_train
y_train
x_test
y_test
number_classes
problem_type
x_dval
y_dval
model
epochs
batch_size
callbacks
reduce_lr
early_stopping
checkpoint
tensorboard
early_stopping_patience
reduce_lr_patience
reduce_lr_factor
reduce_lr_min
path
report_name
verbose
validation_split
shuffle
class_weights
===Callbacks===

generate_callbacks
[<tensorflow.python.keras.callbacks.EarlyStopping object at 0x7fdc942e8160>, <tensorflow.python.keras.callbacks.ReduceLROnPlateau object at 0x7fdc942e8310>, <tensorflow.python.keras.callbacks.ModelCheckpoint object at 0x7fdc942e8370>]
===SCORING TEST SET ===

model_complete_evaluate
{'self': <deep_ml.DeepML object at 0x7fdc942e8130>, 'x_test': array([[[0, 0, 0, ..., 0, 0, 0],
        [0, 0, 0, ..., 0, 0, 0],
        [0, 0, 0, ..., 0, 0, 0],
        ...,
        [1, 0, 0, ..., 0, 0, 0],
        [0, 0, 1, ..., 0, 0, 0],
        [0, 1, 0, ..., 0, 0, 0]],

       [[0, 0, 0, ..., 0, 0, 0],
        [0, 0, 0, ..., 0, 1, 0],
        [0, 0, 1, ..., 0, 0, 0],
        ...,
        [0, 0, 0, ..., 0, 0, 0],
        [1, 0, 0, ..., 0, 0, 0],
        [0, 0, 0, ..., 0, 0, 0]],

       [[0, 0, 0, ..., 0, 0, 0],
        [0, 0, 0, ..., 0, 0, 0],
        [0, 0, 0, ..., 0, 0, 0],
        ...,
        [0, 0, 0, ..., 0, 0, 0],
        [0, 0, 0, ..., 0, 0, 0],
        [0, 0, 0, ..., 0, 0, 0]],

       ...,

       [[0, 0, 0, ..., 0, 0, 0],
        [0, 0, 0, ..., 0, 0, 0],
        [0, 0, 0, ..., 0, 0, 0],
        ...,
        [0, 0, 0, ..., 0, 0, 0],
        [0, 0, 0, ..., 0, 0, 0],
        [0, 0, 0, ..., 0, 0, 0]],

       [[0, 0, 0, ..., 0, 0, 0],
        [0, 0, 0, ..., 0, 0, 1],
        [0, 0, 0, ..., 0, 0, 0],
        ...,
        [0, 0, 0, ..., 0, 0, 0],
        [0, 0, 0, ..., 0, 0, 0],
        [0, 0, 0, ..., 0, 1, 0]],

       [[0, 0, 0, ..., 0, 0, 0],
        [0, 0, 0, ..., 0, 0, 0],
        [0, 0, 0, ..., 0, 0, 0],
        ...,
        [0, 0, 0, ..., 0, 0, 0],
        [0, 0, 0, ..., 0, 0, 0],
        [0, 0, 0, ..., 0, 0, 0]]], dtype=int8), 'y_test': array([2., 2., 1., ..., 0., 0., 0.], dtype=float32), 'model': None}
report

              precision    recall  f1-score   support

         0.0       0.72      0.71      0.71      4541
         1.0       0.84      0.86      0.85      3813
         2.0       0.85      0.88      0.87     10869
         3.0       0.83      0.80      0.81      6897
         4.0       0.85      0.85      0.85      2585
         5.0       0.89      0.84      0.86      1617
         6.0       0.94      0.94      0.94      3258
         7.0       0.94      0.92      0.93      1372

    accuracy                           0.84     34952
   macro avg       0.86      0.85      0.85     34952
weighted avg       0.84      0.84      0.84     34952


===confusion_matrix===

[[3214  134  561  484   54   32   34   28]
 [ 104 3266  200  102   70   25   33   13]
 [ 542  178 9586  357  105   35   49   17]
 [ 496  198  501 5485  107   42   54   14]
 [  49   50  168   97 2187   17   15    2]
 [  27   40  111   50   28 1351   10    0]
 [  14   20   89   30   14   12 3076    3]
 [  44   19   27   13    2    1    2 1264]]

===multilabel confusion matrix===

[[[29135  1276]
  [ 1327  3214]]

 [[30500   639]
  [  547  3266]]

 [[22426  1657]
  [ 1283  9586]]

 [[26922  1133]
  [ 1412  5485]]

 [[31987   380]
  [  398  2187]]

 [[33171   164]
  [  266  1351]]

 [[31497   197]
  [  182  3076]]

 [[33503    77]
  [  108  1264]]]

===scores report===
metrics	scores
Accuracy	0.8420
MCC	0.8065
log_loss	0.4845
f1 score weighted	0.8417
f1 score macro	0.8528
f1 score micro	0.8420
roc_auc ovr	0.9748
roc_auc ovo	0.9791
precision	0.8418
recall	0.8420

===Callbacks===

generate_callbacks
[<tensorflow.python.keras.callbacks.EarlyStopping object at 0x7fdc942e8160>, <tensorflow.python.keras.callbacks.ReduceLROnPlateau object at 0x7fdc942e8310>, <tensorflow.python.keras.callbacks.ModelCheckpoint object at 0x7fdc942e8370>]
===SCORING TEST SET ===

model_complete_evaluate
{'self': <deep_ml.DeepML object at 0x7fdc942e8130>, 'x_test': array([[[0, 0, 0, ..., 0, 0, 0],
        [0, 0, 0, ..., 0, 0, 0],
        [0, 1, 0, ..., 0, 0, 0],
        ...,
        [1, 0, 0, ..., 0, 0, 0],
        [0, 0, 0, ..., 0, 0, 0],
        [0, 0, 0, ..., 0, 0, 0]],

       [[0, 0, 0, ..., 0, 0, 0],
        [0, 0, 0, ..., 0, 0, 0],
        [0, 0, 1, ..., 0, 0, 0],
        ...,
        [0, 0, 0, ..., 0, 0, 0],
        [1, 0, 0, ..., 0, 0, 0],
        [0, 0, 0, ..., 0, 0, 0]],

       [[0, 0, 0, ..., 0, 0, 0],
        [0, 0, 0, ..., 0, 0, 0],
        [1, 0, 0, ..., 0, 0, 0],
        ...,
        [0, 0, 0, ..., 0, 0, 0],
        [0, 0, 0, ..., 0, 0, 0],
        [0, 0, 0, ..., 0, 0, 0]],

       ...,

       [[0, 0, 0, ..., 0, 0, 0],
        [0, 0, 1, ..., 0, 0, 0],
        [0, 0, 0, ..., 0, 0, 0],
        ...,
        [0, 0, 0, ..., 0, 0, 0],
        [0, 0, 0, ..., 0, 0, 0],
        [0, 0, 0, ..., 0, 0, 0]],

       [[0, 0, 0, ..., 0, 0, 0],
        [0, 1, 0, ..., 0, 0, 0],
        [0, 0, 0, ..., 0, 0, 0],
        ...,
        [0, 0, 0, ..., 0, 0, 0],
        [0, 0, 0, ..., 0, 0, 0],
        [0, 0, 0, ..., 0, 0, 0]],

       [[0, 0, 0, ..., 0, 0, 0],
        [0, 0, 0, ..., 0, 0, 0],
        [1, 0, 0, ..., 0, 0, 0],
        ...,
        [0, 0, 0, ..., 0, 0, 0],
        [0, 0, 0, ..., 0, 0, 0],
        [0, 0, 0, ..., 0, 0, 0]]], dtype=int8), 'y_test': array([2., 2., 2., ..., 0., 0., 0.], dtype=float32), 'model': None}
report

              precision    recall  f1-score   support

         0.0       0.71      0.73      0.72      4541
         1.0       0.87      0.81      0.84      3813
         2.0       0.82      0.89      0.85     10869
         3.0       0.81      0.78      0.79      6897
         4.0       0.93      0.75      0.83      2585
         5.0       0.90      0.82      0.86      1616
         6.0       0.94      0.94      0.94      3258
         7.0       0.93      0.93      0.93      1372

    accuracy                           0.83     34951
   macro avg       0.86      0.83      0.85     34951
weighted avg       0.84      0.83      0.83     34951


===confusion_matrix===

[[3298   91  614  418   19   18   26   57]
 [ 119 3105  329  167   31   31   23    8]
 [ 521  109 9715  381   37   31   65   10]
 [ 513  130  726 5378   52   33   47   18]
 [  62   66  292  170 1951   24   16    4]
 [  35   44  113   71   13 1319   21    0]
 [  29   16  104   39    3    4 3063    0]
 [  40    7   25   23    1    0    0 1276]]

===multilabel confusion matrix===

[[[29091  1319]
  [ 1243  3298]]

 [[30675   463]
  [  708  3105]]

 [[21879  2203]
  [ 1154  9715]]

 [[26785  1269]
  [ 1519  5378]]

 [[32210   156]
  [  634  1951]]

 [[33194   141]
  [  297  1319]]

 [[31495   198]
  [  195  3063]]

 [[33482    97]
  [   96  1276]]]

===scores report===
metrics	scores
Accuracy	0.8327
MCC	0.7945
log_loss	0.5117
f1 score weighted	0.8325
f1 score macro	0.8459
f1 score micro	0.8327
roc_auc ovr	0.9722
roc_auc ovo	0.9763
precision	0.8352
recall	0.8327

===Callbacks===

generate_callbacks
[<tensorflow.python.keras.callbacks.EarlyStopping object at 0x7fdc942e8160>, <tensorflow.python.keras.callbacks.ReduceLROnPlateau object at 0x7fdc942e8310>, <tensorflow.python.keras.callbacks.ModelCheckpoint object at 0x7fdc942e8370>]
===SCORING TEST SET ===

model_complete_evaluate
{'self': <deep_ml.DeepML object at 0x7fdc942e8130>, 'x_test': array([[[0, 0, 0, ..., 0, 0, 0],
        [0, 0, 0, ..., 0, 0, 0],
        [0, 0, 1, ..., 0, 0, 0],
        ...,
        [0, 0, 0, ..., 0, 0, 0],
        [0, 0, 0, ..., 0, 0, 0],
        [0, 1, 0, ..., 0, 0, 0]],

       [[0, 0, 0, ..., 0, 0, 0],
        [0, 0, 0, ..., 0, 0, 0],
        [0, 0, 0, ..., 0, 0, 1],
        ...,
        [0, 0, 1, ..., 0, 0, 0],
        [0, 0, 0, ..., 0, 0, 0],
        [1, 0, 0, ..., 0, 0, 0]],

       [[0, 0, 0, ..., 0, 0, 0],
        [0, 0, 0, ..., 0, 0, 0],
        [0, 0, 0, ..., 0, 0, 0],
        ...,
        [0, 0, 0, ..., 0, 0, 0],
        [0, 1, 0, ..., 0, 0, 0],
        [0, 0, 0, ..., 0, 0, 0]],

       ...,

       [[0, 0, 0, ..., 0, 0, 0],
        [0, 1, 0, ..., 0, 0, 0],
        [0, 0, 0, ..., 0, 0, 1],
        ...,
        [0, 0, 0, ..., 0, 0, 0],
        [0, 0, 1, ..., 0, 0, 0],
        [1, 0, 0, ..., 0, 0, 0]],

       [[1, 0, 0, ..., 0, 0, 0],
        [1, 0, 0, ..., 0, 0, 0],
        [1, 0, 0, ..., 0, 0, 0],
        ...,
        [0, 0, 0, ..., 0, 0, 0],
        [0, 0, 0, ..., 0, 0, 0],
        [1, 0, 0, ..., 0, 0, 0]],

       [[1, 0, 0, ..., 0, 0, 0],
        [1, 0, 0, ..., 0, 0, 0],
        [1, 0, 0, ..., 0, 0, 0],
        ...,
        [0, 0, 1, ..., 0, 0, 0],
        [0, 0, 0, ..., 0, 0, 0],
        [0, 0, 0, ..., 0, 0, 0]]], dtype=int8), 'y_test': array([2., 2., 1., ..., 0., 0., 0.], dtype=float32), 'model': None}
report

              precision    recall  f1-score   support

         0.0       0.65      0.80      0.72      4542
         1.0       0.85      0.85      0.85      3814
         2.0       0.96      0.78      0.86     10869
         3.0       0.77      0.85      0.81      6896
         4.0       0.91      0.80      0.86      2584
         5.0       0.77      0.87      0.82      1616
         6.0       0.88      0.97      0.92      3258
         7.0       0.95      0.95      0.95      1372

    accuracy                           0.83     34951
   macro avg       0.84      0.86      0.85     34951
weighted avg       0.85      0.83      0.84     34951


===confusion_matrix===

[[3641   87   95  552   24   65   55   23]
 [ 150 3240   64  215   32   59   41   13]
 [ 964  230 8530  706   98  129  205    7]
 [ 624  100  107 5842   24   89   82   28]
 [  77   86   67  174 2079   71   30    0]
 [  41   33   23   66   17 1408   26    2]
 [  32   16   15   31    3   14 3147    0]
 [  38    7   13   13    2    0    2 1297]]

===multilabel confusion matrix===

[[[28483  1926]
  [  901  3641]]

 [[30578   559]
  [  574  3240]]

 [[23698   384]
  [ 2339  8530]]

 [[26298  1757]
  [ 1054  5842]]

 [[32167   200]
  [  505  2079]]

 [[32908   427]
  [  208  1408]]

 [[31252   441]
  [  111  3147]]

 [[33506    73]
  [   75  1297]]]

===scores report===
metrics	scores
Accuracy	0.8350
MCC	0.8027
log_loss	0.5089
f1 score weighted	0.8375
f1 score macro	0.8470
f1 score micro	0.8350
roc_auc ovr	0.9760
roc_auc ovo	0.9806
precision	0.8492
recall	0.8350

===Callbacks===

generate_callbacks
[<tensorflow.python.keras.callbacks.EarlyStopping object at 0x7fdc942e8160>, <tensorflow.python.keras.callbacks.ReduceLROnPlateau object at 0x7fdc942e8310>, <tensorflow.python.keras.callbacks.ModelCheckpoint object at 0x7fdc942e8370>]
===SCORING TEST SET ===

model_complete_evaluate
{'self': <deep_ml.DeepML object at 0x7fdc942e8130>, 'x_test': array([[[0, 0, 0, ..., 0, 0, 0],
        [1, 0, 0, ..., 0, 0, 0],
        [1, 0, 0, ..., 0, 0, 0],
        ...,
        [0, 0, 0, ..., 0, 0, 0],
        [0, 0, 0, ..., 0, 0, 0],
        [1, 0, 0, ..., 0, 0, 0]],

       [[0, 0, 0, ..., 0, 0, 0],
        [0, 0, 1, ..., 0, 0, 0],
        [0, 0, 0, ..., 0, 0, 0],
        ...,
        [0, 0, 0, ..., 0, 0, 0],
        [0, 1, 0, ..., 0, 0, 0],
        [1, 0, 0, ..., 0, 0, 0]],

       [[0, 0, 0, ..., 0, 0, 0],
        [0, 0, 0, ..., 0, 0, 0],
        [0, 1, 0, ..., 0, 0, 0],
        ...,
        [0, 0, 0, ..., 0, 0, 0],
        [0, 0, 0, ..., 0, 0, 0],
        [0, 0, 0, ..., 0, 0, 1]],

       ...,

       [[0, 0, 0, ..., 0, 0, 0],
        [0, 0, 0, ..., 0, 0, 0],
        [0, 0, 0, ..., 0, 0, 0],
        ...,
        [0, 0, 1, ..., 0, 0, 0],
        [0, 0, 0, ..., 0, 0, 0],
        [0, 0, 0, ..., 0, 0, 0]],

       [[0, 0, 0, ..., 0, 0, 0],
        [0, 0, 0, ..., 0, 0, 0],
        [1, 0, 0, ..., 0, 0, 0],
        ...,
        [0, 0, 0, ..., 0, 0, 0],
        [0, 0, 0, ..., 0, 0, 0],
        [0, 0, 0, ..., 0, 0, 0]],

       [[0, 0, 0, ..., 0, 0, 0],
        [0, 0, 0, ..., 0, 0, 0],
        [1, 0, 0, ..., 0, 0, 0],
        ...,
        [1, 0, 0, ..., 0, 0, 0],
        [0, 0, 0, ..., 0, 0, 0],
        [0, 0, 0, ..., 0, 0, 0]]], dtype=int8), 'y_test': array([2., 2., 1., ..., 0., 0., 0.], dtype=float32), 'model': None}
report

              precision    recall  f1-score   support

         0.0       0.75      0.73      0.74      4542
         1.0       0.89      0.85      0.87      3813
         2.0       0.85      0.92      0.88     10868
         3.0       0.86      0.82      0.84      6897
         4.0       0.94      0.84      0.88      2585
         5.0       0.88      0.88      0.88      1616
         6.0       0.96      0.95      0.96      3258
         7.0       0.96      0.95      0.96      1372

    accuracy                           0.86     34951
   macro avg       0.89      0.87      0.88     34951
weighted avg       0.87      0.86      0.86     34951


===confusion_matrix===

[[ 3296   106   630   411    17    34    17    31]
 [   96  3254   238   122    38    37    21     7]
 [  429    86 10032   212    26    36    44     3]
 [  430   102   585  5652    41    51    27     9]
 [   59    48   194    86  2161    27    10     0]
 [   25    31    89    30    14  1417     9     1]
 [   23    10    85    27     4    12  3096     1]
 [   38     8    14     6     2     0     0  1304]]

===multilabel confusion matrix===

[[[29309  1100]
  [ 1246  3296]]

 [[30747   391]
  [  559  3254]]

 [[22248  1835]
  [  836 10032]]

 [[27160   894]
  [ 1245  5652]]

 [[32224   142]
  [  424  2161]]

 [[33138   197]
  [  199  1417]]

 [[31565   128]
  [  162  3096]]

 [[33527    52]
  [   68  1304]]]

===scores report===
metrics	scores
Accuracy	0.8644
MCC	0.8337
log_loss	0.4554
f1 score weighted	0.8639
f1 score macro	0.8758
f1 score micro	0.8644
roc_auc ovr	0.9811
roc_auc ovo	0.9841
precision	0.8653
recall	0.8644

===Callbacks===

generate_callbacks
[<tensorflow.python.keras.callbacks.EarlyStopping object at 0x7fdc942e8160>, <tensorflow.python.keras.callbacks.ReduceLROnPlateau object at 0x7fdc942e8310>, <tensorflow.python.keras.callbacks.ModelCheckpoint object at 0x7fdc942e8370>]
===SCORING TEST SET ===

model_complete_evaluate
{'self': <deep_ml.DeepML object at 0x7fdc942e8130>, 'x_test': array([[[0, 0, 0, ..., 0, 0, 0],
        [0, 1, 0, ..., 0, 0, 0],
        [0, 0, 1, ..., 0, 0, 0],
        ...,
        [0, 0, 0, ..., 0, 0, 0],
        [1, 0, 0, ..., 0, 0, 0],
        [0, 0, 0, ..., 0, 0, 0]],

       [[0, 0, 0, ..., 0, 0, 0],
        [0, 0, 0, ..., 0, 0, 0],
        [0, 0, 0, ..., 0, 0, 0],
        ...,
        [0, 0, 0, ..., 0, 0, 0],
        [0, 0, 0, ..., 0, 0, 0],
        [0, 0, 0, ..., 0, 0, 0]],

       [[0, 0, 0, ..., 0, 0, 0],
        [0, 0, 0, ..., 0, 0, 0],
        [0, 0, 0, ..., 0, 0, 0],
        ...,
        [0, 0, 0, ..., 0, 0, 0],
        [0, 0, 0, ..., 0, 0, 0],
        [0, 0, 0, ..., 0, 0, 0]],

       ...,

       [[0, 0, 0, ..., 0, 0, 0],
        [0, 0, 0, ..., 0, 0, 0],
        [0, 1, 0, ..., 0, 0, 0],
        ...,
        [0, 0, 0, ..., 0, 0, 0],
        [0, 0, 0, ..., 0, 0, 0],
        [0, 0, 0, ..., 0, 0, 0]],

       [[0, 0, 0, ..., 0, 0, 0],
        [0, 0, 0, ..., 0, 0, 0],
        [0, 0, 0, ..., 0, 0, 0],
        ...,
        [0, 0, 0, ..., 0, 0, 0],
        [0, 0, 0, ..., 0, 0, 1],
        [0, 0, 0, ..., 0, 0, 0]],

       [[0, 0, 0, ..., 0, 0, 0],
        [0, 0, 0, ..., 0, 0, 0],
        [1, 0, 0, ..., 0, 0, 0],
        ...,
        [0, 0, 1, ..., 0, 0, 0],
        [0, 0, 0, ..., 0, 0, 0],
        [0, 0, 0, ..., 0, 0, 0]]], dtype=int8), 'y_test': array([2., 2., 2., ..., 0., 0., 0.], dtype=float32), 'model': None}
report

              precision    recall  f1-score   support

         0.0       0.67      0.80      0.73      4542
         1.0       0.91      0.82      0.87      3813
         2.0       0.91      0.86      0.88     10868
         3.0       0.83      0.81      0.82      6897
         4.0       0.80      0.88      0.83      2585
         5.0       0.91      0.86      0.88      1616
         6.0       0.92      0.96      0.94      3258
         7.0       0.97      0.90      0.94      1372

    accuracy                           0.85     34951
   macro avg       0.86      0.86      0.86     34951
weighted avg       0.86      0.85      0.85     34951


===confusion_matrix===

[[3645   58  273  402   91   16   47   10]
 [ 166 3144  155  154  111   31   42   10]
 [ 764   97 9314  387  169   35   96    6]
 [ 664   81  331 5563  147   32   71    8]
 [  63   24   96  104 2262   21   15    0]
 [  53   14   59   61   35 1383   11    0]
 [  37   11   24   27   24    6 3128    1]
 [  82   14   17   16    3    0    2 1238]]

===multilabel confusion matrix===

[[[28580  1829]
  [  897  3645]]

 [[30839   299]
  [  669  3144]]

 [[23128   955]
  [ 1554  9314]]

 [[26903  1151]
  [ 1334  5563]]

 [[31786   580]
  [  323  2262]]

 [[33194   141]
  [  233  1383]]

 [[31409   284]
  [  130  3128]]

 [[33544    35]
  [  134  1238]]]

===scores report===
metrics	scores
Accuracy	0.8491
MCC	0.8168
log_loss	0.4749
f1 score weighted	0.8510
f1 score macro	0.8602
f1 score micro	0.8491
roc_auc ovr	0.9773
roc_auc ovo	0.9811
precision	0.8561
recall	0.8491

===TRAIN MODELS with CV===

train_model_cv	Accuracy	MCC	log_loss	f1 score weighted	f1 score macro	f1 score micro	roc_auc ovr	roc_auc ovo	precision	recall
0	0.8419832913710231	0.8064649605288033	0.4845322910310657	0.841678026484607	0.8527890179482494	0.8419832913710232	0.9748351981012724	0.9791347488299244	0.8417925516878271	0.8419832913710231
1	0.8327372607364596	0.7945065532719218	0.5117253702975466	0.8324944337384359	0.8458832711051243	0.8327372607364596	0.9722384555090517	0.9762873721197922	0.8351947494101316	0.8327372607364596
2	0.8349975680238048	0.8027094965874263	0.5088711387935002	0.8374900665566883	0.847046043910071	0.8349975680238048	0.9759568679514249	0.9806395116471487	0.8491712226393315	0.8349975680238048
3	0.8644101742439415	0.8336887702193274	0.45537728197869315	0.8639333867716872	0.8758028633739096	0.8644101742439415	0.9811257033179457	0.9840887786652697	0.8653368766731966	0.8644101742439415
4	0.8491030299562244	0.8168372572427522	0.47491873721059297	0.8510317449259341	0.8602115311901457	0.8491030299562246	0.9773214860119375	0.9811292547522833	0.8561479763158126	0.8491030299562244
mean	0.8446462648662907	0.8108414075700463	0.48708496386227973	0.8453255316954704	0.8563465455054999	0.8446462648662907	0.9762955421783264	0.9802559332028837	0.84952867534526	0.8446462648662907
std	0.011423554848766436	0.013491189148481101	0.021174028182578002	0.01111889403633622	0.010973803923561258	0.01142355484876644	0.0029356523868391843	0.0025537054943152574	0.01057498169225035	0.011423554848766436

Accuracy
MCC
log_loss
f1 score weighted
f1 score macro
f1 score micro
roc_auc ovr
roc_auc ovo
precision
recallFinished train_model_cv in 45601.1186 secs

