/home/amsequeira/enzymeClassification/models/embedding/64_64_32_500_pre_pre_bilstm_attentio_cv_only_enz_hot_lev2_ec50
self
x_train
y_train
x_test
y_test
number_classes
problem_type
x_dval
y_dval
model
epochs
batch_size
callbacks
reduce_lr
early_stopping
checkpoint
tensorboard
early_stopping_patience
reduce_lr_patience
reduce_lr_factor
reduce_lr_min
path
report_name
verbose
validation_split
shuffle
class_weights
===Callbacks===

generate_callbacks
[<tensorflow.python.keras.callbacks.EarlyStopping object at 0x7fd2c8240d30>, <tensorflow.python.keras.callbacks.ReduceLROnPlateau object at 0x7fd2c8240f10>, <tensorflow.python.keras.callbacks.ModelCheckpoint object at 0x7fd2c8240bb0>]
===SCORING TEST SET ===

model_complete_evaluate
{'self': <deep_ml.DeepML object at 0x7fd2c8240ee0>, 'x_test': array([[[1, 0, 0, ..., 0, 0, 0],
        [1, 0, 0, ..., 0, 0, 0],
        [1, 0, 0, ..., 0, 0, 0],
        ...,
        [0, 0, 0, ..., 0, 0, 0],
        [0, 0, 0, ..., 0, 0, 0],
        [0, 0, 0, ..., 0, 0, 0]],

       [[1, 0, 0, ..., 0, 0, 0],
        [1, 0, 0, ..., 0, 0, 0],
        [1, 0, 0, ..., 0, 0, 0],
        ...,
        [0, 0, 0, ..., 0, 0, 0],
        [0, 0, 0, ..., 0, 0, 0],
        [0, 1, 0, ..., 0, 0, 0]],

       [[1, 0, 0, ..., 0, 0, 0],
        [1, 0, 0, ..., 0, 0, 0],
        [1, 0, 0, ..., 0, 0, 0],
        ...,
        [0, 0, 0, ..., 0, 0, 0],
        [1, 0, 0, ..., 0, 0, 0],
        [0, 0, 0, ..., 0, 0, 0]],

       ...,

       [[1, 0, 0, ..., 0, 0, 0],
        [1, 0, 0, ..., 0, 0, 0],
        [1, 0, 0, ..., 0, 0, 0],
        ...,
        [0, 0, 0, ..., 0, 1, 0],
        [0, 0, 0, ..., 0, 0, 0],
        [0, 0, 0, ..., 0, 0, 0]],

       [[0, 0, 0, ..., 0, 0, 0],
        [0, 0, 0, ..., 0, 0, 0],
        [0, 0, 0, ..., 0, 0, 0],
        ...,
        [0, 0, 0, ..., 0, 0, 0],
        [0, 0, 0, ..., 0, 0, 0],
        [0, 0, 0, ..., 0, 0, 0]],

       [[1, 0, 0, ..., 0, 0, 0],
        [1, 0, 0, ..., 0, 0, 0],
        [1, 0, 0, ..., 0, 0, 0],
        ...,
        [0, 0, 0, ..., 0, 0, 0],
        [0, 0, 0, ..., 0, 0, 0],
        [0, 1, 0, ..., 0, 0, 0]]], dtype=int8), 'y_test': array([21., 21., 21., ..., 19., 28., 30.], dtype=float32), 'model': None}
report

              precision    recall  f1-score   support

         0.0       0.71      0.82      0.76       402
         1.0       1.00      0.42      0.59        19
         2.0       0.65      0.67      0.66        82
         3.0       0.50      0.12      0.20        16
         4.0       0.37      0.21      0.27        62
         5.0       0.64      0.57      0.60       277
         6.0       0.92      0.64      0.75        36
         7.0       0.83      0.19      0.31        26
         8.0       0.73      0.60      0.66        72
         9.0       0.70      0.63      0.67        30
        10.0       0.81      0.76      0.79       156
        11.0       0.59      0.48      0.53       168
        12.0       0.68      0.54      0.60        83
        13.0       0.48      0.25      0.33        53
        14.0       0.48      0.42      0.45        31
        15.0       0.56      0.46      0.51        52
        16.0       0.77      0.66      0.71        94
        17.0       0.87      0.84      0.86       885
        18.0       0.86      0.75      0.80        48
        19.0       0.73      0.73      0.73       781
        20.0       0.76      0.78      0.77       591
        21.0       0.83      0.79      0.81       385
        22.0       0.83      0.75      0.79       128
        23.0       0.78      0.85      0.81      1888
        24.0       0.77      0.69      0.73       169
        25.0       0.65      0.73      0.68      1296
        26.0       0.56      0.65      0.60       381
        27.0       1.00      0.36      0.53        14
        28.0       0.65      0.69      0.67       769
        29.0       0.57      0.63      0.60       372
        30.0       0.83      0.76      0.79       631
        31.0       1.00      0.18      0.31        11
        32.0       0.56      0.68      0.62       316
        33.0       0.75      0.69      0.72       405
        34.0       0.73      0.62      0.67        96
        35.0       0.22      0.08      0.11        26
        36.0       0.70      0.46      0.56        65
        37.0       0.88      0.71      0.79        21
        38.0       0.79      0.67      0.73       121
        39.0       0.88      0.71      0.79       114
        40.0       0.76      0.77      0.77       207
        41.0       0.84      0.70      0.76       194
        42.0       0.82      0.68      0.74        47
        43.0       0.92      0.90      0.91       431
        44.0       0.96      0.66      0.78        67
        45.0       0.83      0.84      0.84       488
        46.0       0.89      0.65      0.75        62
        47.0       0.86      0.89      0.88       264
        48.0       0.69      0.59      0.64        49
        49.0       0.83      0.80      0.81        30
        50.0       1.00      0.73      0.85        15
        51.0       0.65      0.81      0.72        21
        52.0       0.80      0.81      0.80        73

    accuracy                           0.74     13120
   macro avg       0.75      0.62      0.66     13120
weighted avg       0.74      0.74      0.74     13120


===confusion_matrix===

[[331   0   0 ...   0   0   0]
 [  0   8   0 ...   0   0   0]
 [  0   0  55 ...   0   0   0]
 ...
 [  0   0   0 ...  11   2   0]
 [  0   0   0 ...   0  17   2]
 [  0   0   0 ...   0   3  59]]

===multilabel confusion matrix===

[[[12584   134]
  [   71   331]]

 [[13101     0]
  [   11     8]]

 [[13008    30]
  [   27    55]]

 [[13102     2]
  [   14     2]]

 [[13036    22]
  [   49    13]]

 [[12755    88]
  [  120   157]]

 [[13082     2]
  [   13    23]]

 [[13093     1]
  [   21     5]]

 [[13032    16]
  [   29    43]]

 [[13082     8]
  [   11    19]]

 [[12936    28]
  [   37   119]]

 [[12895    57]
  [   87    81]]

 [[13016    21]
  [   38    45]]

 [[13053    14]
  [   40    13]]

 [[13075    14]
  [   18    13]]

 [[13049    19]
  [   28    24]]

 [[13007    19]
  [   32    62]]

 [[12123   112]
  [  139   746]]

 [[13066     6]
  [   12    36]]

 [[12132   207]
  [  213   568]]

 [[12387   142]
  [  131   460]]

 [[12675    60]
  [   82   303]]

 [[12973    19]
  [   32    96]]

 [[10785   447]
  [  288  1600]]

 [[12917    34]
  [   52   117]]

 [[11308   516]
  [  356   940]]

 [[12541   198]
  [  132   249]]

 [[13106     0]
  [    9     5]]

 [[12070   281]
  [  242   527]]

 [[12572   176]
  [  138   234]]

 [[12388   101]
  [  153   478]]

 [[13109     0]
  [    9     2]]

 [[12636   168]
  [  100   216]]

 [[12621    94]
  [  125   280]]

 [[13002    22]
  [   36    60]]

 [[13087     7]
  [   24     2]]

 [[13042    13]
  [   35    30]]

 [[13097     2]
  [    6    15]]

 [[12978    21]
  [   40    81]]

 [[12995    11]
  [   33    81]]

 [[12863    50]
  [   47   160]]

 [[12901    25]
  [   59   135]]

 [[13066     7]
  [   15    32]]

 [[12655    34]
  [   45   386]]

 [[13051     2]
  [   23    44]]

 [[12548    84]
  [   77   411]]

 [[13053     5]
  [   22    40]]

 [[12819    37]
  [   29   235]]

 [[13058    13]
  [   20    29]]

 [[13085     5]
  [    6    24]]

 [[13105     0]
  [    4    11]]

 [[13090     9]
  [    4    17]]

 [[13032    15]
  [   14    59]]]

===scores report===
metrics	scores
Accuracy	0.7410
MCC	0.7249
log_loss	1.1469
f1 score weighted	0.7392
f1 score macro	0.6620
f1 score micro	0.7410
roc_auc ovr	0.9713
roc_auc ovo	0.9696
precision	0.7445
recall	0.7410

===Callbacks===

generate_callbacks
[<tensorflow.python.keras.callbacks.EarlyStopping object at 0x7fd2c8240d30>, <tensorflow.python.keras.callbacks.ReduceLROnPlateau object at 0x7fd2c8240f10>, <tensorflow.python.keras.callbacks.ModelCheckpoint object at 0x7fd2c8240bb0>]
===SCORING TEST SET ===

model_complete_evaluate
{'self': <deep_ml.DeepML object at 0x7fd2c8240ee0>, 'x_test': array([[[1, 0, 0, ..., 0, 0, 0],
        [1, 0, 0, ..., 0, 0, 0],
        [1, 0, 0, ..., 0, 0, 0],
        ...,
        [1, 0, 0, ..., 0, 0, 0],
        [0, 0, 0, ..., 0, 0, 0],
        [1, 0, 0, ..., 0, 0, 0]],

       [[1, 0, 0, ..., 0, 0, 0],
        [1, 0, 0, ..., 0, 0, 0],
        [1, 0, 0, ..., 0, 0, 0],
        ...,
        [0, 0, 0, ..., 0, 0, 0],
        [0, 0, 0, ..., 1, 0, 0],
        [0, 0, 0, ..., 0, 0, 0]],

       [[1, 0, 0, ..., 0, 0, 0],
        [1, 0, 0, ..., 0, 0, 0],
        [1, 0, 0, ..., 0, 0, 0],
        ...,
        [0, 0, 0, ..., 0, 0, 0],
        [0, 0, 0, ..., 0, 0, 0],
        [0, 0, 0, ..., 0, 0, 0]],

       ...,

       [[0, 0, 0, ..., 0, 0, 0],
        [0, 0, 0, ..., 0, 0, 1],
        [0, 0, 0, ..., 0, 0, 0],
        ...,
        [0, 0, 0, ..., 0, 0, 0],
        [0, 0, 0, ..., 0, 0, 0],
        [0, 0, 0, ..., 0, 0, 0]],

       [[0, 0, 1, ..., 0, 0, 0],
        [0, 0, 0, ..., 0, 0, 0],
        [0, 0, 0, ..., 0, 0, 0],
        ...,
        [0, 0, 0, ..., 0, 0, 0],
        [0, 0, 0, ..., 0, 1, 0],
        [1, 0, 0, ..., 0, 0, 0]],

       [[1, 0, 0, ..., 0, 0, 0],
        [1, 0, 0, ..., 0, 0, 0],
        [1, 0, 0, ..., 0, 0, 0],
        ...,
        [0, 0, 0, ..., 0, 0, 0],
        [0, 0, 0, ..., 0, 0, 0],
        [0, 0, 0, ..., 0, 0, 0]]], dtype=int8), 'y_test': array([21., 11., 11., ..., 25., 30., 28.], dtype=float32), 'model': None}
report

              precision    recall  f1-score   support

         0.0       0.71      0.80      0.75       402
         1.0       0.67      0.42      0.52        19
         2.0       0.79      0.54      0.64        81
         3.0       1.00      0.19      0.32        16
         4.0       0.60      0.40      0.48        62
         5.0       0.71      0.71      0.71       277
         6.0       0.90      0.75      0.82        36
         7.0       0.74      0.65      0.69        26
         8.0       0.77      0.55      0.64        73
         9.0       0.53      0.34      0.42        29
        10.0       0.83      0.74      0.78       156
        11.0       0.64      0.59      0.61       168
        12.0       0.60      0.60      0.60        83
        13.0       0.38      0.17      0.23        53
        14.0       0.64      0.44      0.52        32
        15.0       0.54      0.40      0.46        52
        16.0       0.65      0.65      0.65        95
        17.0       0.81      0.86      0.83       884
        18.0       0.84      0.65      0.73        48
        19.0       0.77      0.76      0.76       782
        20.0       0.77      0.79      0.78       591
        21.0       0.83      0.78      0.81       385
        22.0       0.78      0.83      0.80       128
        23.0       0.81      0.85      0.83      1888
        24.0       0.85      0.69      0.76       169
        25.0       0.64      0.73      0.68      1295
        26.0       0.64      0.63      0.63       381
        27.0       1.00      0.71      0.83        14
        28.0       0.68      0.67      0.67       769
        29.0       0.57      0.60      0.58       371
        30.0       0.84      0.76      0.80       631
        31.0       1.00      0.36      0.53        11
        32.0       0.58      0.65      0.61       316
        33.0       0.70      0.70      0.70       405
        34.0       0.84      0.66      0.74        96
        35.0       0.33      0.08      0.12        26
        36.0       0.85      0.60      0.70        65
        37.0       0.80      0.73      0.76        22
        38.0       0.68      0.66      0.67       121
        39.0       0.91      0.77      0.83       113
        40.0       0.84      0.81      0.83       208
        41.0       0.80      0.70      0.75       193
        42.0       0.79      0.65      0.71        46
        43.0       0.91      0.97      0.94       431
        44.0       0.91      0.73      0.81        66
        45.0       0.82      0.82      0.82       489
        46.0       0.83      0.79      0.81        62
        47.0       0.86      0.86      0.86       264
        48.0       0.93      0.55      0.69        49
        49.0       0.71      0.77      0.74        31
        50.0       0.86      0.75      0.80        16
        51.0       0.83      0.90      0.86        21
        52.0       0.78      0.82      0.80        73

    accuracy                           0.75     13120
   macro avg       0.76      0.65      0.69     13120
weighted avg       0.75      0.75      0.75     13120


===confusion_matrix===

[[322   1   1 ...   0   0   0]
 [  0   8   0 ...   0   0   0]
 [  0   0  44 ...   0   0   0]
 ...
 [  0   0   0 ...  12   0   2]
 [  0   0   0 ...   0  19   2]
 [  0   0   0 ...   0   3  60]]

===multilabel confusion matrix===

[[[12586   132]
  [   80   322]]

 [[13097     4]
  [   11     8]]

 [[13027    12]
  [   37    44]]

 [[13104     0]
  [   13     3]]

 [[13041    17]
  [   37    25]]

 [[12762    81]
  [   81   196]]

 [[13081     3]
  [    9    27]]

 [[13088     6]
  [    9    17]]

 [[13035    12]
  [   33    40]]

 [[13082     9]
  [   19    10]]

 [[12940    24]
  [   41   115]]

 [[12897    55]
  [   69    99]]

 [[13004    33]
  [   33    50]]

 [[13052    15]
  [   44     9]]

 [[13080     8]
  [   18    14]]

 [[13050    18]
  [   31    21]]

 [[12991    34]
  [   33    62]]

 [[12056   180]
  [  126   758]]

 [[13066     6]
  [   17    31]]

 [[12156   182]
  [  189   593]]

 [[12386   143]
  [  124   467]]

 [[12675    60]
  [   83   302]]

 [[12962    30]
  [   22   106]]

 [[10845   387]
  [  288  1600]]

 [[12931    20]
  [   52   117]]

 [[11297   528]
  [  346   949]]

 [[12604   135]
  [  142   239]]

 [[13106     0]
  [    4    10]]

 [[12106   245]
  [  256   513]]

 [[12578   171]
  [  147   224]]

 [[12398    91]
  [  153   478]]

 [[13109     0]
  [    7     4]]

 [[12652   152]
  [  110   206]]

 [[12596   119]
  [  123   282]]

 [[13012    12]
  [   33    63]]

 [[13090     4]
  [   24     2]]

 [[13048     7]
  [   26    39]]

 [[13094     4]
  [    6    16]]

 [[12961    38]
  [   41    80]]

 [[12998     9]
  [   26    87]]

 [[12881    31]
  [   40   168]]

 [[12892    35]
  [   57   136]]

 [[13066     8]
  [   16    30]]

 [[12648    41]
  [   15   416]]

 [[13049     5]
  [   18    48]]

 [[12545    86]
  [   88   401]]

 [[13048    10]
  [   13    49]]

 [[12818    38]
  [   37   227]]

 [[13069     2]
  [   22    27]]

 [[13079    10]
  [    7    24]]

 [[13102     2]
  [    4    12]]

 [[13095     4]
  [    2    19]]

 [[13030    17]
  [   13    60]]]

===scores report===
metrics	scores
Accuracy	0.7504
MCC	0.7349
log_loss	1.1561
f1 score weighted	0.7485
f1 score macro	0.6875
f1 score micro	0.7504
roc_auc ovr	0.9720
roc_auc ovo	0.9716
precision	0.7522
recall	0.7504

===Callbacks===

generate_callbacks
[<tensorflow.python.keras.callbacks.EarlyStopping object at 0x7fd2c8240d30>, <tensorflow.python.keras.callbacks.ReduceLROnPlateau object at 0x7fd2c8240f10>, <tensorflow.python.keras.callbacks.ModelCheckpoint object at 0x7fd2c8240bb0>]
===SCORING TEST SET ===

model_complete_evaluate
{'self': <deep_ml.DeepML object at 0x7fd2c8240ee0>, 'x_test': array([[[1, 0, 0, ..., 0, 0, 0],
        [1, 0, 0, ..., 0, 0, 0],
        [1, 0, 0, ..., 0, 0, 0],
        ...,
        [0, 0, 0, ..., 0, 0, 0],
        [0, 0, 0, ..., 0, 0, 0],
        [0, 0, 0, ..., 0, 0, 0]],

       [[1, 0, 0, ..., 0, 0, 0],
        [1, 0, 0, ..., 0, 0, 0],
        [1, 0, 0, ..., 0, 0, 0],
        ...,
        [0, 0, 0, ..., 0, 0, 0],
        [1, 0, 0, ..., 0, 0, 0],
        [0, 0, 0, ..., 0, 0, 0]],

       [[1, 0, 0, ..., 0, 0, 0],
        [1, 0, 0, ..., 0, 0, 0],
        [1, 0, 0, ..., 0, 0, 0],
        ...,
        [0, 0, 0, ..., 0, 0, 0],
        [0, 0, 0, ..., 1, 0, 0],
        [0, 0, 0, ..., 0, 0, 0]],

       ...,

       [[0, 0, 0, ..., 0, 0, 0],
        [0, 0, 0, ..., 0, 1, 0],
        [0, 0, 0, ..., 0, 0, 0],
        ...,
        [0, 0, 0, ..., 0, 0, 0],
        [0, 0, 0, ..., 0, 0, 0],
        [0, 0, 0, ..., 0, 0, 0]],

       [[0, 0, 0, ..., 0, 0, 1],
        [0, 0, 0, ..., 0, 0, 1],
        [0, 0, 0, ..., 0, 0, 1],
        ...,
        [1, 0, 0, ..., 0, 0, 0],
        [0, 0, 0, ..., 0, 0, 0],
        [1, 0, 0, ..., 0, 0, 0]],

       [[0, 0, 0, ..., 0, 0, 0],
        [0, 0, 0, ..., 0, 0, 0],
        [0, 0, 0, ..., 0, 0, 0],
        ...,
        [0, 0, 1, ..., 0, 0, 0],
        [0, 0, 0, ..., 0, 0, 0],
        [0, 0, 0, ..., 0, 0, 0]]], dtype=int8), 'y_test': array([21., 21., 21., ..., 28., 28., 17.], dtype=float32), 'model': None}
report

              precision    recall  f1-score   support

         0.0       0.73      0.80      0.76       401
         1.0       0.91      0.50      0.65        20
         2.0       0.79      0.54      0.64        82
         3.0       0.38      0.19      0.25        16
         4.0       0.61      0.37      0.46        62
         5.0       0.75      0.62      0.68       277
         6.0       0.87      0.75      0.81        36
         7.0       0.77      0.40      0.53        25
         8.0       0.83      0.60      0.70        73
         9.0       0.58      0.62      0.60        29
        10.0       0.77      0.72      0.74       156
        11.0       0.63      0.58      0.60       168
        12.0       0.63      0.61      0.62        83
        13.0       0.26      0.09      0.14        54
        14.0       0.44      0.39      0.41        31
        15.0       0.69      0.51      0.59        53
        16.0       0.65      0.59      0.62        95
        17.0       0.82      0.84      0.83       884
        18.0       0.84      0.79      0.81        47
        19.0       0.71      0.73      0.72       782
        20.0       0.74      0.79      0.77       592
        21.0       0.79      0.75      0.77       385
        22.0       0.80      0.83      0.82       128
        23.0       0.79      0.83      0.81      1887
        24.0       0.82      0.71      0.76       168
        25.0       0.66      0.72      0.69      1295
        26.0       0.62      0.67      0.64       381
        27.0       0.91      0.71      0.80        14
        28.0       0.63      0.68      0.66       768
        29.0       0.65      0.60      0.62       372
        30.0       0.85      0.78      0.81       631
        31.0       0.50      0.20      0.29        10
        32.0       0.63      0.71      0.67       316
        33.0       0.67      0.71      0.69       405
        34.0       0.70      0.67      0.68        96
        35.0       0.40      0.15      0.22        26
        36.0       0.84      0.62      0.71        66
        37.0       0.83      0.68      0.75        22
        38.0       0.68      0.64      0.66       121
        39.0       0.85      0.79      0.82       113
        40.0       0.81      0.77      0.79       208
        41.0       0.84      0.70      0.77       194
        42.0       0.73      0.52      0.61        46
        43.0       0.92      0.93      0.92       431
        44.0       0.91      0.77      0.84        66
        45.0       0.85      0.83      0.84       489
        46.0       0.83      0.69      0.75        62
        47.0       0.86      0.91      0.88       263
        48.0       0.82      0.64      0.72        50
        49.0       0.83      0.65      0.73        31
        50.0       0.87      0.81      0.84        16
        51.0       0.79      0.71      0.75        21
        52.0       0.76      0.90      0.82        73

    accuracy                           0.75     13120
   macro avg       0.73      0.65      0.68     13120
weighted avg       0.75      0.75      0.74     13120


===confusion_matrix===

[[322   0   0 ...   0   0   0]
 [  0  10   0 ...   0   0   0]
 [  0   0  44 ...   0   0   0]
 ...
 [  0   0   0 ...  13   0   1]
 [  0   0   0 ...   0  15   4]
 [  1   0   0 ...   0   2  66]]

===multilabel confusion matrix===

[[[12599   120]
  [   79   322]]

 [[13099     1]
  [   10    10]]

 [[13026    12]
  [   38    44]]

 [[13099     5]
  [   13     3]]

 [[13043    15]
  [   39    23]]

 [[12787    56]
  [  105   172]]

 [[13080     4]
  [    9    27]]

 [[13092     3]
  [   15    10]]

 [[13038     9]
  [   29    44]]

 [[13078    13]
  [   11    18]]

 [[12931    33]
  [   44   112]]

 [[12896    56]
  [   71    97]]

 [[13007    30]
  [   32    51]]

 [[13052    14]
  [   49     5]]

 [[13074    15]
  [   19    12]]

 [[13055    12]
  [   26    27]]

 [[12995    30]
  [   39    56]]

 [[12077   159]
  [  140   744]]

 [[13066     7]
  [   10    37]]

 [[12107   231]
  [  212   570]]

 [[12366   162]
  [  124   468]]

 [[12657    78]
  [   95   290]]

 [[12966    26]
  [   22   106]]

 [[10814   419]
  [  316  1571]]

 [[12926    26]
  [   48   120]]

 [[11342   483]
  [  366   929]]

 [[12583   156]
  [  127   254]]

 [[13105     1]
  [    4    10]]

 [[12045   307]
  [  244   524]]

 [[12629   119]
  [  149   223]]

 [[12401    88]
  [  137   494]]

 [[13108     2]
  [    8     2]]

 [[12671   133]
  [   91   225]]

 [[12575   140]
  [  117   288]]

 [[12996    28]
  [   32    64]]

 [[13088     6]
  [   22     4]]

 [[13046     8]
  [   25    41]]

 [[13095     3]
  [    7    15]]

 [[12963    36]
  [   43    78]]

 [[12991    16]
  [   24    89]]

 [[12873    39]
  [   47   161]]

 [[12901    25]
  [   58   136]]

 [[13065     9]
  [   22    24]]

 [[12653    36]
  [   30   401]]

 [[13049     5]
  [   15    51]]

 [[12560    71]
  [   83   406]]

 [[13049     9]
  [   19    43]]

 [[12817    40]
  [   24   239]]

 [[13063     7]
  [   18    32]]

 [[13085     4]
  [   11    20]]

 [[13102     2]
  [    3    13]]

 [[13095     4]
  [    6    15]]

 [[13026    21]
  [    7    66]]]

===scores report===
metrics	scores
Accuracy	0.7459
MCC	0.7302
log_loss	1.1304
f1 score weighted	0.7439
f1 score macro	0.6804
f1 score micro	0.7459
roc_auc ovr	0.9716
roc_auc ovo	0.9711
precision	0.7465
recall	0.7459

===Callbacks===

generate_callbacks
[<tensorflow.python.keras.callbacks.EarlyStopping object at 0x7fd2c8240d30>, <tensorflow.python.keras.callbacks.ReduceLROnPlateau object at 0x7fd2c8240f10>, <tensorflow.python.keras.callbacks.ModelCheckpoint object at 0x7fd2c8240bb0>]