/home/amsequeira/enzymeClassification/models/hot_encoded/64_64_32_500_pre_pre_lstm_attentio_cv_only_enz_hot_lev4_ec50
self
x_train
y_train
x_test
y_test
number_classes
problem_type
x_dval
y_dval
model
epochs
batch_size
callbacks
reduce_lr
early_stopping
checkpoint
tensorboard
early_stopping_patience
reduce_lr_patience
reduce_lr_factor
reduce_lr_min
path
report_name
verbose
validation_split
shuffle
class_weights
===Callbacks===

generate_callbacks
[<tensorflow.python.keras.callbacks.EarlyStopping object at 0x7fd340072610>, <tensorflow.python.keras.callbacks.ReduceLROnPlateau object at 0x7fd340072490>, <tensorflow.python.keras.callbacks.ModelCheckpoint object at 0x7fd340072910>]
===SCORING TEST SET ===

model_complete_evaluate
{'self': <deep_ml.DeepML object at 0x7fd3400727c0>, 'x_test': array([[[1, 0, 0, ..., 0, 0, 0],
        [1, 0, 0, ..., 0, 0, 0],
        [1, 0, 0, ..., 0, 0, 0],
        ...,
        [0, 1, 0, ..., 0, 0, 0],
        [0, 0, 0, ..., 0, 0, 1],
        [0, 0, 0, ..., 0, 0, 0]],

       [[1, 0, 0, ..., 0, 0, 0],
        [1, 0, 0, ..., 0, 0, 0],
        [1, 0, 0, ..., 0, 0, 0],
        ...,
        [0, 0, 0, ..., 0, 0, 0],
        [1, 0, 0, ..., 0, 0, 0],
        [0, 0, 0, ..., 0, 0, 0]],

       [[0, 0, 0, ..., 0, 0, 0],
        [0, 0, 0, ..., 0, 0, 0],
        [0, 0, 0, ..., 0, 0, 0],
        ...,
        [0, 0, 0, ..., 0, 0, 0],
        [0, 0, 0, ..., 0, 0, 0],
        [0, 0, 0, ..., 0, 0, 0]],

       ...,

       [[0, 0, 0, ..., 0, 0, 0],
        [0, 0, 0, ..., 0, 0, 0],
        [0, 0, 0, ..., 0, 0, 0],
        ...,
        [0, 0, 0, ..., 0, 0, 0],
        [0, 1, 0, ..., 0, 0, 0],
        [0, 0, 0, ..., 0, 0, 0]],

       [[0, 0, 0, ..., 0, 0, 0],
        [0, 0, 0, ..., 0, 0, 0],
        [0, 0, 0, ..., 0, 0, 0],
        ...,
        [0, 0, 0, ..., 0, 0, 0],
        [1, 0, 0, ..., 0, 0, 0],
        [0, 0, 0, ..., 0, 0, 0]],

       [[1, 0, 0, ..., 0, 0, 0],
        [1, 0, 0, ..., 0, 0, 0],
        [1, 0, 0, ..., 0, 0, 0],
        ...,
        [0, 0, 0, ..., 0, 0, 0],
        [0, 1, 0, ..., 0, 0, 0],
        [0, 0, 0, ..., 1, 0, 0]]], dtype=int8), 'y_test': array([ 84.,  84., 213., ...,  62.,  62.,  62.], dtype=float32), 'model': None}
report

              precision    recall  f1-score   support

         0.0       1.00      0.60      0.75        10
         1.0       0.92      0.96      0.94        25
         2.0       1.00      0.88      0.93        16
         3.0       0.78      0.58      0.67        12
         4.0       0.80      0.27      0.40        15
         5.0       1.00      0.50      0.67        10
         6.0       0.83      0.90      0.86        21
         7.0       0.61      0.74      0.67        23
         8.0       0.38      0.77      0.51        22
         9.0       0.78      0.71      0.75        35
        10.0       0.82      0.82      0.82        11
        11.0       1.00      0.84      0.91        19
        12.0       0.37      0.61      0.46        18
        13.0       0.93      1.00      0.97        14
        14.0       1.00      0.71      0.83        14
        15.0       1.00      0.90      0.95        10
        16.0       0.92      0.75      0.83        16
        17.0       0.86      1.00      0.92        12
        18.0       0.95      0.81      0.88        26
        19.0       0.92      0.85      0.88        26
        20.0       0.76      1.00      0.87        13
        21.0       0.82      0.88      0.85        16
        22.0       0.94      1.00      0.97        17
        23.0       0.47      0.64      0.54        11
        24.0       0.93      0.72      0.81        18
        25.0       1.00      0.89      0.94        18
        26.0       0.88      0.70      0.78        10
        27.0       0.91      0.77      0.83        13
        28.0       0.79      0.95      0.86        20
        29.0       0.88      0.91      0.89        23
        30.0       0.71      1.00      0.83        29
        31.0       0.84      0.89      0.86        18
        32.0       0.78      0.70      0.74        10
        33.0       0.94      0.97      0.95        31
        34.0       0.79      0.84      0.82        32
        35.0       0.82      0.75      0.78        12
        36.0       0.96      0.96      0.96        27
        37.0       1.00      0.67      0.80        15
        38.0       0.70      0.64      0.67        11
        39.0       0.10      0.08      0.09        13
        40.0       0.93      0.93      0.93        15
        41.0       0.92      1.00      0.96        12
        42.0       0.80      0.80      0.80        10
        43.0       0.94      1.00      0.97        17
        44.0       0.97      1.00      0.98        28
        45.0       0.91      0.95      0.93        21
        46.0       0.94      0.94      0.94        16
        47.0       0.80      0.62      0.70        13
        48.0       0.64      0.64      0.64        11
        49.0       0.39      1.00      0.56        12
        50.0       0.89      0.67      0.76        12
        51.0       0.74      1.00      0.85        14
        52.0       0.63      0.85      0.72        26
        53.0       0.96      0.85      0.90        27
        54.0       0.81      1.00      0.90        22
        55.0       0.83      0.75      0.79        20
        56.0       1.00      0.96      0.98        25
        57.0       0.86      0.90      0.88        21
        58.0       0.69      1.00      0.81        11
        59.0       0.00      0.00      0.00        16
        60.0       0.92      0.96      0.94        24
        61.0       0.53      0.64      0.58        14
        62.0       0.74      0.80      0.77       133
        63.0       0.84      1.00      0.91        16
        64.0       0.91      0.91      0.91        11
        65.0       0.83      0.88      0.86        17
        66.0       0.88      1.00      0.93        14
        67.0       0.83      0.91      0.87        11
        68.0       0.86      0.95      0.90        19
        69.0       0.88      1.00      0.94        30
        70.0       0.85      0.61      0.71        18
        71.0       0.65      0.87      0.74        15
        72.0       1.00      0.95      0.98        22
        73.0       0.85      1.00      0.92        11
        74.0       0.61      1.00      0.76        22
        75.0       0.63      0.71      0.67        17
        76.0       0.62      1.00      0.77        15
        77.0       0.90      0.90      0.90        21
        78.0       0.95      0.95      0.95        21
        79.0       0.90      0.90      0.90        10
        80.0       0.62      0.65      0.63        31
        81.0       0.86      0.86      0.86        21
        82.0       0.86      0.93      0.89        27
        83.0       1.00      0.69      0.82        13
        84.0       0.82      0.82      0.82        22
        85.0       0.71      1.00      0.83        12
        86.0       1.00      0.97      0.99        39
        87.0       0.93      0.76      0.84        17
        88.0       0.80      0.89      0.84        27
        89.0       0.86      0.50      0.63        12
        90.0       0.95      0.95      0.95        21
        91.0       0.91      1.00      0.95        30
        92.0       0.92      1.00      0.96        12
        93.0       0.73      0.57      0.64        14
        94.0       0.81      0.89      0.85        28
        95.0       0.88      0.88      0.88        26
        96.0       0.92      1.00      0.96        11
        97.0       0.82      0.90      0.86        30
        98.0       1.00      0.75      0.86        16
        99.0       0.71      0.88      0.79        17
       100.0       1.00      0.92      0.96        24
       101.0       0.71      0.96      0.82        28
       102.0       1.00      0.42      0.59        19
       103.0       0.76      0.85      0.80       291
       104.0       0.86      0.46      0.60        13
       105.0       0.67      0.88      0.76        16
       106.0       0.73      0.73      0.73        44
       107.0       0.86      1.00      0.92        12
       108.0       0.93      0.81      0.87        16
       109.0       0.90      1.00      0.95        19
       110.0       1.00      0.88      0.93        16
       111.0       0.93      1.00      0.97        14
       112.0       0.90      0.78      0.84        23
       113.0       0.88      0.85      0.87        34
       114.0       0.94      0.83      0.88        18
       115.0       0.88      1.00      0.93        21
       116.0       0.94      0.91      0.93        34
       117.0       0.92      0.85      0.88        13
       118.0       0.87      0.96      0.92        28
       119.0       0.96      0.96      0.96        26
       120.0       0.87      0.93      0.90        14
       121.0       1.00      0.27      0.43        11
       122.0       0.08      0.05      0.06        19
       123.0       0.56      0.88      0.69       136
       124.0       1.00      0.85      0.92        20
       125.0       0.38      0.31      0.34        58
       126.0       1.00      1.00      1.00        13
       127.0       1.00      1.00      1.00        17
       128.0       0.94      1.00      0.97        17
       129.0       0.94      0.88      0.91        17
       130.0       0.90      0.84      0.87        32
       131.0       0.91      1.00      0.95        20
       132.0       0.94      0.88      0.91        17
       133.0       1.00      1.00      1.00        15
       134.0       0.62      0.94      0.74        17
       135.0       1.00      0.46      0.63        13
       136.0       0.86      0.46      0.60        13
       137.0       0.97      0.82      0.89        38
       138.0       0.17      0.13      0.15        15
       139.0       0.41      0.47      0.44        19
       140.0       0.88      0.67      0.76        21
       141.0       0.96      0.96      0.96        45
       142.0       0.29      0.18      0.22        11
       143.0       0.56      0.88      0.68        16
       144.0       0.71      0.50      0.59        10
       145.0       0.50      0.06      0.10        18
       146.0       0.96      0.79      0.86        28
       147.0       0.64      0.82      0.72        11
       148.0       0.85      0.74      0.79        23
       149.0       0.98      0.90      0.94        52
       150.0       0.77      0.76      0.77        54
       151.0       0.90      0.56      0.69        16
       152.0       0.84      0.78      0.81        67
       153.0       0.67      0.18      0.29        11
       154.0       0.60      0.75      0.67        40
       155.0       0.95      0.79      0.86        24
       156.0       0.15      0.25      0.19        12
       157.0       0.50      0.39      0.44        18
       158.0       0.67      0.35      0.46        17
       159.0       0.12      0.16      0.14        19
       160.0       0.50      0.20      0.29        15
       161.0       0.38      0.48      0.42        25
       162.0       0.33      0.27      0.30        11
       163.0       0.50      0.25      0.33        16
       164.0       0.78      0.78      0.78        18
       165.0       0.89      0.67      0.76        12
       166.0       0.46      0.27      0.34        48
       167.0       0.95      0.95      0.95        21
       168.0       0.88      0.93      0.90        15
       169.0       1.00      0.88      0.94        17
       170.0       0.79      0.96      0.87        24
       171.0       0.77      0.64      0.70        36
       172.0       0.71      0.71      0.71        14
       173.0       1.00      0.18      0.30        17
       174.0       0.69      0.69      0.69        26
       175.0       0.64      0.82      0.72        11
       176.0       0.80      0.33      0.47        12
       177.0       0.69      0.86      0.77        21
       178.0       1.00      1.00      1.00        15
       179.0       0.56      0.64      0.60        14
       180.0       0.60      0.40      0.48        15
       181.0       0.71      0.65      0.68        23
       182.0       0.94      0.97      0.95        30
       183.0       1.00      0.92      0.96        12
       184.0       0.95      0.82      0.88        22
       185.0       1.00      0.93      0.96        28
       186.0       0.69      0.67      0.68       128
       187.0       0.92      0.82      0.87       119
       188.0       0.75      0.86      0.80        14
       189.0       0.68      0.91      0.78        23
       190.0       0.67      1.00      0.80        14
       191.0       0.71      0.42      0.53        12
       192.0       0.93      0.87      0.90        15
       193.0       0.56      0.42      0.48        12
       194.0       0.88      0.75      0.81        20
       195.0       1.00      0.36      0.53        11
       196.0       0.91      0.77      0.83        13
       197.0       0.29      0.15      0.20        13
       198.0       0.72      0.93      0.81        14
       199.0       0.33      0.20      0.25        15
       200.0       0.90      0.73      0.81        26
       201.0       1.00      0.82      0.90        17
       202.0       0.93      0.87      0.90        15
       203.0       0.90      0.90      0.90        29
       204.0       0.91      0.91      0.91        22
       205.0       1.00      0.93      0.97        15
       206.0       0.88      0.79      0.83        19
       207.0       0.76      1.00      0.86        19
       208.0       1.00      0.82      0.90        17
       209.0       0.94      1.00      0.97        16
       210.0       0.95      1.00      0.98        20
       211.0       0.93      1.00      0.96        13
       212.0       1.00      0.86      0.92        14
       213.0       0.78      0.82      0.80        17
       214.0       0.86      0.82      0.84        22
       215.0       0.93      1.00      0.97        14
       216.0       0.81      1.00      0.89        17
       217.0       1.00      0.80      0.89        10
       218.0       0.91      0.74      0.81       110
       219.0       0.86      0.86      0.86        29
       220.0       0.91      1.00      0.95        21
       221.0       0.72      1.00      0.84        13
       222.0       0.92      0.85      0.88        26
       223.0       0.91      0.62      0.74        16
       224.0       0.78      0.67      0.72        21
       225.0       1.00      0.53      0.69        17
       226.0       0.91      0.83      0.87        12
       227.0       0.85      0.85      0.85        13
       228.0       0.85      0.92      0.88        12
       229.0       0.97      0.94      0.95        31
       230.0       0.93      0.76      0.84        34
       231.0       0.38      0.23      0.29        13
       232.0       0.82      0.48      0.61        29
       233.0       0.92      0.55      0.69        20
       234.0       0.56      0.95      0.70        20
       235.0       0.83      0.95      0.89        21
       236.0       0.73      0.36      0.48        22
       237.0       0.80      0.80      0.80        20
       238.0       0.96      0.96      0.96        27
       239.0       0.81      0.83      0.82        30
       240.0       0.82      0.78      0.80        23
       241.0       0.77      0.77      0.77        13
       242.0       0.43      0.82      0.56        45
       243.0       0.91      0.81      0.86        26
       244.0       0.82      0.75      0.78        12
       245.0       0.82      0.95      0.88        19
       246.0       0.53      0.86      0.65        21
       247.0       0.59      0.48      0.53        21
       248.0       0.80      0.75      0.77        16
       249.0       1.00      0.85      0.92        26
       250.0       0.81      0.89      0.85        19
       251.0       1.00      0.92      0.96        12
       252.0       0.83      0.45      0.59        11
       253.0       0.96      1.00      0.98        22
       254.0       0.80      1.00      0.89        12
       255.0       0.25      0.40      0.31        15
       256.0       0.92      1.00      0.96        24
       257.0       0.68      0.87      0.76        15
       258.0       0.94      0.83      0.88        18
       259.0       0.96      0.92      0.94        26
       260.0       0.78      1.00      0.88        18
       261.0       0.90      0.87      0.89        31
       262.0       0.79      1.00      0.88        11
       263.0       1.00      0.93      0.97        15
       264.0       1.00      1.00      1.00        18
       265.0       1.00      0.82      0.90        11
       266.0       0.93      0.93      0.93        15
       267.0       0.86      0.46      0.60        13
       268.0       0.75      0.75      0.75        20
       269.0       1.00      1.00      1.00        19
       270.0       0.50      0.14      0.22        14
       271.0       0.97      0.97      0.97        38
       272.0       0.96      0.81      0.88        53
       273.0       0.80      0.77      0.79        31
       274.0       1.00      0.94      0.97        32
       275.0       0.79      1.00      0.88        11
       276.0       0.91      0.91      0.91        11
       277.0       0.73      0.67      0.70        12

    accuracy                           0.79      6280
   macro avg       0.81      0.78      0.78      6280
weighted avg       0.80      0.79      0.79      6280


===confusion_matrix===

[[ 6  0  0 ...  0  0  0]
 [ 0 24  0 ...  0  0  0]
 [ 0  0 14 ...  0  0  0]
 ...
 [ 0  0  0 ... 11  0  0]
 [ 0  0  0 ...  0 10  0]
 [ 0  0  0 ...  1  1  8]]

===multilabel confusion matrix===

[[[6270    0]
  [   4    6]]

 [[6253    2]
  [   1   24]]

 [[6264    0]
  [   2   14]]

 ...

 [[6266    3]
  [   0   11]]

 [[6268    1]
  [   1   10]]

 [[6265    3]
  [   4    8]]]

===scores report===
metrics	scores
Accuracy	0.7909
MCC	0.7895
log_loss	0.8777
f1 score weighted	0.7857
f1 score macro	0.7759
f1 score micro	0.7909
roc_auc ovr	0.9947
roc_auc ovo	0.9954
precision	0.8044
recall	0.7909

===Callbacks===

generate_callbacks
[<tensorflow.python.keras.callbacks.EarlyStopping object at 0x7fd340072610>, <tensorflow.python.keras.callbacks.ReduceLROnPlateau object at 0x7fd340072490>, <tensorflow.python.keras.callbacks.ModelCheckpoint object at 0x7fd340072910>]
===SCORING TEST SET ===

model_complete_evaluate
{'self': <deep_ml.DeepML object at 0x7fd3400727c0>, 'x_test': array([[[1, 0, 0, ..., 0, 0, 0],
        [1, 0, 0, ..., 0, 0, 0],
        [1, 0, 0, ..., 0, 0, 0],
        ...,
        [0, 0, 0, ..., 0, 0, 0],
        [0, 0, 0, ..., 0, 0, 0],
        [0, 0, 0, ..., 0, 0, 0]],

       [[1, 0, 0, ..., 0, 0, 0],
        [1, 0, 0, ..., 0, 0, 0],
        [1, 0, 0, ..., 0, 0, 0],
        ...,
        [0, 0, 0, ..., 0, 0, 0],
        [0, 0, 0, ..., 0, 0, 0],
        [0, 1, 0, ..., 0, 0, 0]],

       [[1, 0, 0, ..., 0, 0, 0],
        [1, 0, 0, ..., 0, 0, 0],
        [1, 0, 0, ..., 0, 0, 0],
        ...,
        [0, 0, 0, ..., 0, 0, 0],
        [0, 0, 0, ..., 1, 0, 0],
        [0, 0, 0, ..., 0, 0, 0]],

       ...,

       [[0, 0, 0, ..., 0, 0, 0],
        [0, 0, 0, ..., 0, 0, 0],
        [0, 0, 0, ..., 0, 0, 0],
        ...,
        [0, 0, 0, ..., 0, 0, 0],
        [0, 1, 0, ..., 0, 0, 0],
        [0, 0, 0, ..., 1, 0, 0]],

       [[0, 0, 0, ..., 0, 0, 0],
        [0, 0, 0, ..., 0, 0, 0],
        [0, 0, 0, ..., 0, 0, 0],
        ...,
        [0, 0, 0, ..., 0, 0, 0],
        [1, 0, 0, ..., 0, 0, 0],
        [0, 0, 0, ..., 0, 0, 0]],

       [[0, 0, 0, ..., 0, 0, 0],
        [0, 0, 0, ..., 0, 0, 1],
        [0, 0, 0, ..., 0, 0, 0],
        ...,
        [0, 0, 0, ..., 0, 0, 0],
        [0, 0, 0, ..., 0, 0, 0],
        [0, 0, 0, ..., 0, 0, 0]]], dtype=int8), 'y_test': array([ 84.,  84.,  84., ..., 186.,  62., 139.], dtype=float32), 'model': None}
report

              precision    recall  f1-score   support

         0.0       0.89      0.73      0.80        11
         1.0       0.95      0.76      0.84        25
         2.0       0.83      0.94      0.88        16
         3.0       0.92      0.85      0.88        13
         4.0       0.67      0.25      0.36        16
         5.0       1.00      0.90      0.95        10
         6.0       1.00      1.00      1.00        21
         7.0       0.82      0.78      0.80        23
         8.0       0.34      0.50      0.41        22
         9.0       0.50      0.88      0.64        34
        10.0       0.83      0.45      0.59        11
        11.0       1.00      0.84      0.91        19
        12.0       0.45      0.29      0.36        17
        13.0       0.92      0.79      0.85        14
        14.0       1.00      0.64      0.78        14
        15.0       0.44      0.80      0.57        10
        16.0       1.00      0.88      0.93        16
        17.0       0.80      1.00      0.89        12
        18.0       1.00      0.69      0.82        26
        19.0       0.76      0.96      0.85        26
        20.0       0.76      1.00      0.87        13
        21.0       0.82      0.88      0.85        16
        22.0       0.85      1.00      0.92        17
        23.0       0.83      0.83      0.83        12
        24.0       0.89      0.89      0.89        19
        25.0       0.78      0.95      0.86        19
        26.0       0.88      0.70      0.78        10
        27.0       0.80      0.92      0.86        13
        28.0       0.83      0.95      0.88        20
        29.0       1.00      0.91      0.95        22
        30.0       0.71      0.93      0.81        29
        31.0       0.89      0.89      0.89        18
        32.0       0.75      0.90      0.82        10
        33.0       1.00      1.00      1.00        30
        34.0       0.78      0.78      0.78        32
        35.0       0.67      0.50      0.57        12
        36.0       0.93      0.96      0.95        27
        37.0       0.92      0.80      0.86        15
        38.0       0.80      0.73      0.76        11
        39.0       0.06      0.08      0.07        13
        40.0       0.92      0.80      0.86        15
        41.0       1.00      0.83      0.91        12
        42.0       0.58      1.00      0.73        11
        43.0       0.94      0.94      0.94        16
        44.0       1.00      0.96      0.98        28
        45.0       0.81      1.00      0.89        21
        46.0       1.00      0.88      0.93        16
        47.0       0.83      0.77      0.80        13
        48.0       0.80      0.73      0.76        11
        49.0       0.92      1.00      0.96        12
        50.0       1.00      1.00      1.00        12
        51.0       1.00      0.86      0.92        14
        52.0       0.44      0.92      0.60        26
        53.0       0.88      0.85      0.87        27
        54.0       0.95      0.91      0.93        22
        55.0       1.00      0.95      0.97        20
        56.0       0.86      1.00      0.93        25
        57.0       0.95      0.95      0.95        21
        58.0       0.75      0.55      0.63        11
        59.0       0.22      0.12      0.16        16
        60.0       0.96      0.96      0.96        25
        61.0       0.62      0.71      0.67        14
        62.0       0.81      0.77      0.79       133
        63.0       0.88      0.94      0.91        16
        64.0       1.00      0.83      0.91        12
        65.0       0.87      0.76      0.81        17
        66.0       1.00      0.86      0.92        14
        67.0       1.00      0.91      0.95        11
        68.0       0.94      0.89      0.91        18
        69.0       1.00      1.00      1.00        30
        70.0       0.89      0.94      0.92        18
        71.0       0.92      0.73      0.81        15
        72.0       1.00      1.00      1.00        21
        73.0       0.85      1.00      0.92        11
        74.0       0.81      1.00      0.89        21
        75.0       0.83      0.83      0.83        18
        76.0       0.83      1.00      0.91        15
        77.0       0.95      0.95      0.95        21
        78.0       0.91      0.95      0.93        21
        79.0       0.83      0.91      0.87        11
        80.0       0.77      0.55      0.64        31
        81.0       0.74      0.95      0.83        21
        82.0       0.86      0.89      0.87        27
        83.0       0.86      0.92      0.89        13
        84.0       0.95      0.86      0.90        22
        85.0       0.71      0.83      0.77        12
        86.0       1.00      0.95      0.97        39
        87.0       0.67      0.94      0.78        17
        88.0       0.74      1.00      0.85        26
        89.0       0.92      0.92      0.92        12
        90.0       0.95      1.00      0.98        21
        91.0       0.94      1.00      0.97        30
        92.0       1.00      0.92      0.96        12
        93.0       0.89      0.57      0.70        14
        94.0       0.74      0.82      0.78        28
        95.0       1.00      0.77      0.87        26
        96.0       0.91      0.91      0.91        11
        97.0       0.96      0.74      0.84        31
        98.0       1.00      0.88      0.93        16
        99.0       0.68      1.00      0.81        17
       100.0       0.96      0.92      0.94        25
       101.0       0.93      0.93      0.93        28
       102.0       0.85      0.58      0.69        19
       103.0       0.76      0.85      0.80       292
       104.0       0.40      0.15      0.22        13
       105.0       0.64      0.94      0.76        17
       106.0       0.69      0.67      0.68        43
       107.0       1.00      0.92      0.96        13
       108.0       0.87      0.81      0.84        16
       109.0       1.00      0.89      0.94        18
       110.0       0.83      0.94      0.88        16
       111.0       0.93      1.00      0.96        13
       112.0       0.82      1.00      0.90        23
       113.0       1.00      0.82      0.90        34
       114.0       0.81      0.72      0.76        18
       115.0       0.95      1.00      0.98        21
       116.0       0.92      1.00      0.96        34
       117.0       0.90      0.75      0.82        12
       118.0       1.00      1.00      1.00        28
       119.0       1.00      1.00      1.00        25
       120.0       0.88      1.00      0.93        14
       121.0       0.71      0.45      0.56        11
       122.0       0.25      0.11      0.15        19
       123.0       0.44      0.86      0.58       136
       124.0       0.95      0.90      0.92        20
       125.0       0.38      0.19      0.25        58
       126.0       1.00      0.93      0.96        14
       127.0       1.00      1.00      1.00        17
       128.0       0.84      1.00      0.91        16
       129.0       0.79      0.83      0.81        18
       130.0       0.97      0.97      0.97        31
       131.0       0.95      1.00      0.98        20
       132.0       0.85      0.94      0.89        18
       133.0       1.00      1.00      1.00        15
       134.0       1.00      0.88      0.93        16
       135.0       0.86      0.92      0.89        13
       136.0       0.75      0.69      0.72        13
       137.0       0.83      0.87      0.85        39
       138.0       0.43      0.21      0.29        14
       139.0       0.75      0.47      0.58        19
       140.0       0.95      0.86      0.90        21
       141.0       0.98      0.91      0.94        46
       142.0       0.50      0.08      0.14        12
       143.0       0.82      0.88      0.85        16
       144.0       1.00      0.60      0.75        10
       145.0       0.09      0.05      0.07        19
       146.0       0.92      0.43      0.59        28
       147.0       1.00      0.50      0.67        12
       148.0       0.81      0.92      0.86        24
       149.0       0.90      1.00      0.95        52
       150.0       0.89      0.74      0.80        53
       151.0       0.60      0.60      0.60        15
       152.0       0.95      0.57      0.71        67
       153.0       0.36      0.36      0.36        11
       154.0       0.81      0.65      0.72        40
       155.0       0.92      0.92      0.92        24
       156.0       0.43      0.25      0.32        12
       157.0       0.75      0.17      0.27        18
       158.0       0.64      0.53      0.58        17
       159.0       0.78      0.39      0.52        18
       160.0       0.43      0.40      0.41        15
       161.0       0.67      0.48      0.56        25
       162.0       0.00      0.00      0.00        10
       163.0       0.35      0.50      0.41        16
       164.0       0.84      0.89      0.86        18
       165.0       0.75      0.46      0.57        13
       166.0       0.42      0.29      0.35        48
       167.0       1.00      1.00      1.00        21
       168.0       0.59      0.87      0.70        15
       169.0       0.88      0.88      0.88        17
       170.0       0.85      0.92      0.88        24
       171.0       0.81      0.94      0.87        36
       172.0       0.85      0.79      0.81        14
       173.0       0.57      0.94      0.71        17
       174.0       0.85      0.85      0.85        26
       175.0       0.86      0.55      0.67        11
       176.0       0.50      0.50      0.50        12
       177.0       0.90      0.43      0.58        21
       178.0       1.00      1.00      1.00        15
       179.0       0.78      0.50      0.61        14
       180.0       0.73      0.53      0.62        15
       181.0       0.46      0.74      0.57        23
       182.0       0.93      0.93      0.93        30
       183.0       1.00      0.75      0.86        12
       184.0       0.86      0.90      0.88        21
       185.0       0.93      0.96      0.95        28
       186.0       0.70      0.62      0.66       128
       187.0       0.80      0.85      0.82       119
       188.0       0.75      0.86      0.80        14
       189.0       0.58      0.78      0.67        23
       190.0       0.86      0.86      0.86        14
       191.0       1.00      0.33      0.50        12
       192.0       1.00      0.73      0.85        15
       193.0       0.62      0.45      0.53        11
       194.0       0.58      0.75      0.65        20
       195.0       1.00      0.18      0.31        11
       196.0       0.82      0.69      0.75        13
       197.0       0.50      0.38      0.43        13
       198.0       0.93      1.00      0.96        13
       199.0       0.58      0.50      0.54        14
       200.0       0.95      0.77      0.85        26
       201.0       1.00      0.88      0.93        16
       202.0       1.00      1.00      1.00        15
       203.0       0.84      0.93      0.89        29
       204.0       0.59      0.95      0.73        21
       205.0       0.94      1.00      0.97        15
       206.0       1.00      0.89      0.94        19
       207.0       0.95      1.00      0.98        20
       208.0       0.93      0.82      0.87        17
       209.0       0.67      0.88      0.76        16
       210.0       1.00      0.90      0.95        20
       211.0       0.92      0.92      0.92        13
       212.0       0.85      0.79      0.81        14
       213.0       1.00      0.94      0.97        17
       214.0       0.70      0.95      0.81        22
       215.0       0.76      0.93      0.84        14
       216.0       0.71      1.00      0.83        17
       217.0       0.85      1.00      0.92        11
       218.0       0.73      0.86      0.79       111
       219.0       0.97      0.97      0.97        30
       220.0       0.95      1.00      0.98        21
       221.0       0.87      1.00      0.93        13
       222.0       0.96      0.85      0.90        26
       223.0       0.89      0.94      0.91        17
       224.0       0.93      0.70      0.80        20
       225.0       1.00      0.65      0.79        17
       226.0       0.71      0.83      0.77        12
       227.0       1.00      0.54      0.70        13
       228.0       0.71      1.00      0.83        12
       229.0       0.90      0.90      0.90        31
       230.0       0.87      0.97      0.92        34
       231.0       0.50      0.08      0.14        12
       232.0       0.77      0.61      0.68        28
       233.0       1.00      0.84      0.91        19
       234.0       0.95      0.90      0.92        20
       235.0       0.76      0.80      0.78        20
       236.0       0.56      0.39      0.46        23
       237.0       0.57      0.85      0.68        20
       238.0       0.87      1.00      0.93        27
       239.0       0.93      0.84      0.88        31
       240.0       1.00      0.57      0.72        23
       241.0       0.69      0.64      0.67        14
       242.0       0.53      0.59      0.56        44
       243.0       0.93      0.96      0.94        26
       244.0       0.91      0.91      0.91        11
       245.0       0.73      0.80      0.76        20
       246.0       1.00      0.59      0.74        22
       247.0       0.71      0.50      0.59        20
       248.0       0.92      0.69      0.79        16
       249.0       1.00      0.77      0.87        26
       250.0       0.85      0.89      0.87        19
       251.0       1.00      1.00      1.00        11
       252.0       0.43      0.82      0.56        11
       253.0       1.00      0.87      0.93        23
       254.0       1.00      1.00      1.00        12
       255.0       0.35      0.56      0.43        16
       256.0       0.89      1.00      0.94        24
       257.0       0.71      0.71      0.71        14
       258.0       1.00      1.00      1.00        18
       259.0       1.00      0.96      0.98        26
       260.0       1.00      0.94      0.97        18
       261.0       1.00      0.94      0.97        31
       262.0       1.00      1.00      1.00        11
       263.0       0.83      1.00      0.91        15
       264.0       0.75      0.95      0.84        19
       265.0       1.00      0.91      0.95        11
       266.0       1.00      0.86      0.92        14
       267.0       0.80      0.31      0.44        13
       268.0       0.76      0.95      0.84        20
       269.0       1.00      1.00      1.00        19
       270.0       0.33      0.07      0.12        14
       271.0       0.97      0.82      0.89        38
       272.0       0.92      0.91      0.91        53
       273.0       0.93      0.90      0.92        31
       274.0       0.90      0.84      0.87        32
       275.0       0.67      1.00      0.80        10
       276.0       1.00      0.55      0.71        11
       277.0       1.00      0.67      0.80        12

    accuracy                           0.80      6279
   macro avg       0.82      0.79      0.79      6279
weighted avg       0.81      0.80      0.79      6279


===confusion_matrix===

[[ 8  0  0 ...  0  0  0]
 [ 0 19  0 ...  0  0  0]
 [ 0  0 15 ...  0  0  0]
 ...
 [ 0  0  0 ... 10  0  0]
 [ 0  0  0 ...  1  6  0]
 [ 0  0  0 ...  4  0  8]]

===multilabel confusion matrix===

[[[6267    1]
  [   3    8]]

 [[6253    1]
  [   6   19]]

 [[6260    3]
  [   1   15]]

 ...

 [[6264    5]
  [   0   10]]

 [[6268    0]
  [   5    6]]

 [[6267    0]
  [   4    8]]]

===scores report===
metrics	scores
Accuracy	0.7989
MCC	0.7975
log_loss	0.8709
f1 score weighted	0.7928
f1 score macro	0.7893
f1 score micro	0.7989
roc_auc ovr	0.9941
roc_auc ovo	0.9945
precision	0.8129
recall	0.7989

===Callbacks===

generate_callbacks
[<tensorflow.python.keras.callbacks.EarlyStopping object at 0x7fd340072610>, <tensorflow.python.keras.callbacks.ReduceLROnPlateau object at 0x7fd340072490>, <tensorflow.python.keras.callbacks.ModelCheckpoint object at 0x7fd340072910>]
===SCORING TEST SET ===

model_complete_evaluate
{'self': <deep_ml.DeepML object at 0x7fd3400727c0>, 'x_test': array([[[1, 0, 0, ..., 0, 0, 0],
        [1, 0, 0, ..., 0, 0, 0],
        [1, 0, 0, ..., 0, 0, 0],
        ...,
        [0, 0, 0, ..., 0, 0, 0],
        [0, 0, 0, ..., 0, 0, 0],
        [0, 0, 0, ..., 0, 0, 0]],

       [[1, 0, 0, ..., 0, 0, 0],
        [1, 0, 0, ..., 0, 0, 0],
        [1, 0, 0, ..., 0, 0, 0],
        ...,
        [0, 0, 0, ..., 0, 0, 0],
        [0, 0, 0, ..., 0, 0, 0],
        [0, 0, 0, ..., 0, 0, 0]],

       [[1, 0, 0, ..., 0, 0, 0],
        [1, 0, 0, ..., 0, 0, 0],
        [1, 0, 0, ..., 0, 0, 0],
        ...,
        [0, 0, 0, ..., 0, 0, 0],
        [0, 0, 0, ..., 0, 0, 0],
        [0, 0, 0, ..., 0, 0, 1]],

       ...,

       [[0, 0, 0, ..., 0, 0, 0],
        [0, 0, 0, ..., 0, 0, 0],
        [0, 0, 1, ..., 0, 0, 0],
        ...,
        [0, 0, 0, ..., 0, 1, 0],
        [0, 0, 0, ..., 0, 0, 0],
        [0, 0, 0, ..., 0, 0, 0]],

       [[1, 0, 0, ..., 0, 0, 0],
        [1, 0, 0, ..., 0, 0, 0],
        [1, 0, 0, ..., 0, 0, 0],
        ...,
        [0, 0, 0, ..., 0, 1, 0],
        [0, 0, 0, ..., 0, 0, 1],
        [0, 0, 0, ..., 0, 0, 0]],

       [[1, 0, 0, ..., 0, 0, 0],
        [0, 0, 0, ..., 0, 0, 0],
        [0, 0, 0, ..., 0, 0, 0],
        ...,
        [0, 1, 0, ..., 0, 0, 0],
        [0, 0, 0, ..., 0, 0, 0],
        [0, 0, 0, ..., 0, 0, 0]]], dtype=int8), 'y_test': array([84., 84., 84., ..., 62., 62., 62.], dtype=float32), 'model': None}
report

              precision    recall  f1-score   support

         0.0       0.85      1.00      0.92        11
         1.0       1.00      0.92      0.96        25
         2.0       1.00      0.94      0.97        17
         3.0       0.65      0.85      0.73        13
         4.0       0.80      0.27      0.40        15
         5.0       0.89      0.80      0.84        10
         6.0       0.94      0.81      0.87        21
         7.0       0.84      0.70      0.76        23
         8.0       0.67      0.55      0.60        22
         9.0       0.83      0.85      0.84        34
        10.0       0.50      0.20      0.29        10
        11.0       0.82      0.74      0.78        19
        12.0       0.26      0.65      0.37        17
        13.0       0.67      0.86      0.75        14
        14.0       1.00      0.54      0.70        13
        15.0       1.00      0.91      0.95        11
        16.0       0.62      1.00      0.76        16
        17.0       1.00      0.92      0.96        12
        18.0       0.92      0.96      0.94        25
        19.0       0.83      0.77      0.80        26
        20.0       0.86      0.92      0.89        13
        21.0       1.00      0.94      0.97        16
        22.0       0.89      1.00      0.94        17
        23.0       0.69      0.82      0.75        11
        24.0       0.68      1.00      0.81        19
        25.0       0.75      1.00      0.86        18
        26.0       0.83      0.91      0.87        11
        27.0       0.86      0.92      0.89        13
        28.0       1.00      0.95      0.98        21
        29.0       1.00      0.86      0.93        22
        30.0       1.00      0.97      0.98        29
        31.0       0.95      1.00      0.97        18
        32.0       1.00      0.40      0.57        10
        33.0       0.93      0.90      0.92        30
        34.0       0.79      0.94      0.86        32
        35.0       0.80      0.62      0.70        13
        36.0       0.96      0.93      0.94        27
        37.0       0.42      0.33      0.37        15
        38.0       0.92      0.92      0.92        12
        39.0       0.33      0.15      0.21        13
        40.0       0.92      0.80      0.86        15
        41.0       0.79      0.92      0.85        12
        42.0       0.50      0.91      0.65        11
        43.0       0.94      1.00      0.97        16
        44.0       1.00      0.90      0.95        29
        45.0       0.91      0.95      0.93        22
        46.0       0.81      0.81      0.81        16
        47.0       0.73      0.85      0.79        13
        48.0       0.50      0.82      0.62        11
        49.0       0.90      0.75      0.82        12
        50.0       0.57      1.00      0.73        12
        51.0       0.63      0.92      0.75        13
        52.0       0.81      0.85      0.83        26
        53.0       0.92      0.85      0.88        27
        54.0       0.64      0.78      0.71        23
        55.0       0.80      0.84      0.82        19
        56.0       0.89      0.96      0.92        25
        57.0       0.87      0.59      0.70        22
        58.0       0.92      1.00      0.96        11
        59.0       0.50      0.19      0.27        16
        60.0       1.00      0.72      0.84        25
        61.0       0.31      0.53      0.39        15
        62.0       0.86      0.76      0.80       133
        63.0       0.83      0.94      0.88        16
        64.0       0.71      0.83      0.77        12
        65.0       0.93      0.72      0.81        18
        66.0       0.62      0.93      0.74        14
        67.0       1.00      0.73      0.84        11
        68.0       0.46      0.89      0.60        18
        69.0       1.00      1.00      1.00        30
        70.0       1.00      0.89      0.94        18
        71.0       1.00      0.87      0.93        15
        72.0       0.95      0.95      0.95        22
        73.0       0.77      0.91      0.83        11
        74.0       0.91      1.00      0.95        21
        75.0       1.00      0.61      0.76        18
        76.0       1.00      0.93      0.97        15
        77.0       0.87      0.95      0.91        21
        78.0       0.85      0.81      0.83        21
        79.0       0.78      0.64      0.70        11
        80.0       0.61      0.59      0.60        32
        81.0       0.94      0.71      0.81        21
        82.0       0.54      0.96      0.69        26
        83.0       0.72      1.00      0.84        13
        84.0       1.00      0.90      0.95        21
        85.0       1.00      0.75      0.86        12
        86.0       1.00      1.00      1.00        39
        87.0       0.93      0.82      0.87        17
        88.0       0.70      0.96      0.81        27
        89.0       0.50      0.50      0.50        12
        90.0       0.90      0.95      0.93        20
        91.0       0.94      0.97      0.95        30
        92.0       0.87      1.00      0.93        13
        93.0       0.62      0.62      0.62        13
        94.0       0.81      0.96      0.88        27
        95.0       0.96      0.92      0.94        26
        96.0       0.77      0.91      0.83        11
        97.0       0.78      0.94      0.85        31
        98.0       1.00      0.76      0.87        17
        99.0       0.93      0.72      0.81        18
       100.0       0.91      0.80      0.85        25
       101.0       0.90      0.93      0.91        28
       102.0       1.00      0.55      0.71        20
       103.0       0.92      0.80      0.86       292
       104.0       0.83      0.38      0.53        13
       105.0       0.71      0.75      0.73        16
       106.0       0.88      0.53      0.67        43
       107.0       0.76      1.00      0.87        13
       108.0       1.00      0.87      0.93        15
       109.0       1.00      0.83      0.91        18
       110.0       1.00      0.88      0.94        17
       111.0       0.75      0.86      0.80        14
       112.0       0.81      0.91      0.86        23
       113.0       0.94      0.88      0.91        34
       114.0       0.88      0.78      0.82        18
       115.0       0.95      0.86      0.90        21
       116.0       0.97      0.97      0.97        34
       117.0       0.90      0.75      0.82        12
       118.0       1.00      0.93      0.96        28
       119.0       0.96      1.00      0.98        26
       120.0       0.85      0.85      0.85        13
       121.0       0.80      0.73      0.76        11
       122.0       0.24      0.25      0.24        20
       123.0       0.73      0.78      0.75       135
       124.0       0.94      0.84      0.89        19
       125.0       0.39      0.45      0.42        58
       126.0       1.00      0.64      0.78        14
       127.0       1.00      1.00      1.00        18
       128.0       1.00      0.88      0.93        16
       129.0       0.89      0.89      0.89        18
       130.0       0.78      0.91      0.84        32
       131.0       0.95      0.95      0.95        20
       132.0       1.00      0.89      0.94        18
       133.0       1.00      1.00      1.00        14
       134.0       1.00      0.69      0.81        16
       135.0       0.68      1.00      0.81        13
       136.0       0.67      0.62      0.64        13
       137.0       1.00      0.87      0.93        39
       138.0       0.55      0.43      0.48        14
       139.0       0.30      0.47      0.37        19
       140.0       1.00      0.75      0.86        20
       141.0       0.88      0.98      0.93        45
       142.0       0.12      0.08      0.10        12
       143.0       0.86      0.71      0.77        17
       144.0       0.88      0.70      0.78        10
       145.0       0.31      0.21      0.25        19
       146.0       0.95      0.71      0.82        28
       147.0       1.00      0.83      0.91        12
       148.0       0.90      0.75      0.82        24
       149.0       0.89      0.76      0.82        51
       150.0       0.84      0.77      0.80        53
       151.0       0.69      0.69      0.69        16
       152.0       0.60      0.61      0.61        67
       153.0       0.40      0.20      0.27        10
       154.0       0.88      0.35      0.50        40
       155.0       0.85      0.92      0.88        25
       156.0       0.50      0.27      0.35        11
       157.0       0.55      0.33      0.41        18
       158.0       0.31      0.56      0.40        16
       159.0       0.42      0.56      0.48        18
       160.0       0.20      0.40      0.27        15
       161.0       0.35      0.60      0.44        25
       162.0       0.06      0.10      0.07        10
       163.0       0.43      0.20      0.27        15
       164.0       0.84      0.94      0.89        17
       165.0       0.71      0.92      0.80        13
       166.0       0.26      0.33      0.29        48
       167.0       1.00      0.95      0.98        22
       168.0       0.92      0.73      0.81        15
       169.0       1.00      0.75      0.86        16
       170.0       0.96      1.00      0.98        24
       171.0       0.55      0.92      0.69        36
       172.0       0.80      0.57      0.67        14
       173.0       0.71      0.71      0.71        17
       174.0       0.95      0.84      0.89        25
       175.0       0.80      0.33      0.47        12
       176.0       0.29      0.17      0.21        12
       177.0       0.84      0.76      0.80        21
       178.0       0.94      1.00      0.97        15
       179.0       0.48      0.67      0.56        15
       180.0       0.45      0.60      0.51        15
       181.0       0.80      0.55      0.65        22
       182.0       0.88      0.97      0.92        31
       183.0       1.00      0.83      0.91        12
       184.0       0.95      0.90      0.93        21
       185.0       0.90      0.97      0.93        29
       186.0       0.73      0.63      0.68       127
       187.0       0.90      0.87      0.89       119
       188.0       0.87      0.93      0.90        14
       189.0       0.55      0.77      0.64        22
       190.0       0.63      0.86      0.73        14
       191.0       0.44      0.33      0.38        12
       192.0       0.81      0.87      0.84        15
       193.0       0.75      0.75      0.75        12
       194.0       1.00      0.50      0.67        20
       195.0       0.60      0.27      0.37        11
       196.0       1.00      0.93      0.96        14
       197.0       0.54      0.54      0.54        13
       198.0       0.86      0.92      0.89        13
       199.0       0.50      0.40      0.44        15
       200.0       0.80      0.59      0.68        27
       201.0       0.79      0.94      0.86        16
       202.0       0.83      0.71      0.77        14
       203.0       1.00      0.90      0.95        29
       204.0       0.95      0.86      0.90        21
       205.0       1.00      1.00      1.00        16
       206.0       0.94      0.89      0.92        19
       207.0       0.80      1.00      0.89        20
       208.0       1.00      1.00      1.00        17
       209.0       0.88      0.88      0.88        16
       210.0       0.83      0.95      0.88        20
       211.0       0.87      0.93      0.90        14
       212.0       0.92      0.79      0.85        14
       213.0       0.78      1.00      0.88        18
       214.0       0.70      0.95      0.81        22
       215.0       1.00      0.79      0.88        14
       216.0       0.84      0.94      0.89        17
       217.0       0.83      0.91      0.87        11
       218.0       0.83      0.78      0.81       111
       219.0       0.90      0.93      0.92        29
       220.0       0.95      0.86      0.90        21
       221.0       0.59      1.00      0.74        13
       222.0       0.83      0.96      0.89        26
       223.0       1.00      0.82      0.90        17
       224.0       0.84      0.80      0.82        20
       225.0       1.00      0.62      0.77        16
       226.0       0.89      0.73      0.80        11
       227.0       0.82      0.69      0.75        13
       228.0       0.73      1.00      0.85        11
       229.0       0.71      1.00      0.83        30
       230.0       0.97      0.88      0.92        34
       231.0       0.60      0.25      0.35        12
       232.0       0.92      0.41      0.57        29
       233.0       0.88      0.79      0.83        19
       234.0       0.87      0.68      0.76        19
       235.0       0.73      0.95      0.83        20
       236.0       0.48      0.73      0.58        22
       237.0       0.56      0.70      0.62        20
       238.0       0.96      0.96      0.96        27
       239.0       0.85      0.94      0.89        31
       240.0       0.67      0.92      0.77        24
       241.0       0.88      0.50      0.64        14
       242.0       0.80      0.64      0.71        44
       243.0       0.68      1.00      0.81        27
       244.0       1.00      1.00      1.00        11
       245.0       0.81      0.85      0.83        20
       246.0       0.65      1.00      0.79        22
       247.0       0.43      0.80      0.56        20
       248.0       0.83      0.62      0.71        16
       249.0       0.96      0.88      0.92        26
       250.0       0.95      0.95      0.95        19
       251.0       0.85      1.00      0.92        11
       252.0       0.80      0.73      0.76        11
       253.0       0.95      0.95      0.95        22
       254.0       0.85      0.92      0.88        12
       255.0       0.43      0.56      0.49        16
       256.0       0.91      0.88      0.89        24
       257.0       0.52      0.86      0.65        14
       258.0       0.69      1.00      0.82        18
       259.0       1.00      0.69      0.82        26
       260.0       0.94      0.89      0.91        18
       261.0       0.90      0.84      0.87        31
       262.0       0.90      0.90      0.90        10
       263.0       0.88      0.93      0.90        15
       264.0       0.90      0.95      0.92        19
       265.0       0.91      1.00      0.95        10
       266.0       0.92      0.73      0.81        15
       267.0       0.62      0.77      0.69        13
       268.0       0.83      0.95      0.88        20
       269.0       1.00      0.94      0.97        18
       270.0       0.17      0.07      0.10        15
       271.0       0.90      0.92      0.91        38
       272.0       0.84      0.87      0.85        53
       273.0       1.00      0.65      0.78        31
       274.0       0.87      0.84      0.86        32
       275.0       0.91      1.00      0.95        10
       276.0       1.00      0.91      0.95        11
       277.0       1.00      0.73      0.84        11

    accuracy                           0.79      6279
   macro avg       0.80      0.78      0.78      6279
weighted avg       0.81      0.79      0.79      6279


===confusion_matrix===

[[11  0  0 ...  0  0  0]
 [ 0 23  0 ...  0  0  0]
 [ 0  0 16 ...  0  0  0]
 ...
 [ 0  0  0 ... 10  0  0]
 [ 0  0  0 ...  0 10  0]
 [ 0  0  0 ...  0  0  8]]

===multilabel confusion matrix===

[[[6266    2]
  [   0   11]]

 [[6254    0]
  [   2   23]]

 [[6262    0]
  [   1   16]]

 ...

 [[6268    1]
  [   0   10]]

 [[6268    0]
  [   1   10]]

 [[6268    0]
  [   3    8]]]

===scores report===
metrics	scores
Accuracy	0.7896
MCC	0.7882
log_loss	0.9028
f1 score weighted	0.7902
f1 score macro	0.7775
f1 score micro	0.7896
roc_auc ovr	0.9939
roc_auc ovo	0.9948
precision	0.8133
recall	0.7896

===Callbacks===

generate_callbacks
[<tensorflow.python.keras.callbacks.EarlyStopping object at 0x7fd340072610>, <tensorflow.python.keras.callbacks.ReduceLROnPlateau object at 0x7fd340072490>, <tensorflow.python.keras.callbacks.ModelCheckpoint object at 0x7fd340072910>]/home/amsequeira/enzymeClassification/models/hot_encoded/64_64_32_500_pre_pre_lstm_attentio_cv_only_enz_hot_lev4_ec50
self
x_train
y_train
x_test
y_test
number_classes
problem_type
x_dval
y_dval
model
epochs
batch_size
callbacks
reduce_lr
early_stopping
checkpoint
tensorboard
early_stopping_patience
reduce_lr_patience
reduce_lr_factor
reduce_lr_min
path
report_name
verbose
validation_split
shuffle
class_weights
===Callbacks===

generate_callbacks
[<tensorflow.python.keras.callbacks.EarlyStopping object at 0x7f1146048280>, <tensorflow.python.keras.callbacks.ReduceLROnPlateau object at 0x7f11460480a0>, <tensorflow.python.keras.callbacks.ModelCheckpoint object at 0x7f11460482e0>]
===SCORING TEST SET ===

model_complete_evaluate
{'self': <deep_ml.DeepML object at 0x7fd3400727c0>, 'x_test': array([[[1, 0, 0, ..., 0, 0, 0],
        [1, 0, 0, ..., 0, 0, 0],
        [1, 0, 0, ..., 0, 0, 0],
        ...,
        [0, 0, 0, ..., 0, 0, 0],
        [0, 0, 0, ..., 0, 0, 0],
        [0, 1, 0, ..., 0, 0, 0]],

       [[1, 0, 0, ..., 0, 0, 0],
        [1, 0, 0, ..., 0, 0, 0],
        [1, 0, 0, ..., 0, 0, 0],
        ...,
        [1, 0, 0, ..., 0, 0, 0],
        [0, 0, 0, ..., 0, 0, 0],
        [1, 0, 0, ..., 0, 0, 0]],

       [[1, 0, 0, ..., 0, 0, 0],
        [1, 0, 0, ..., 0, 0, 0],
        [1, 0, 0, ..., 0, 0, 0],
        ...,
        [0, 0, 0, ..., 0, 0, 0],
        [0, 0, 0, ..., 0, 0, 0],
        [0, 0, 0, ..., 0, 0, 1]],

       ...,

       [[0, 0, 0, ..., 0, 0, 0],
        [0, 0, 0, ..., 0, 0, 0],
        [0, 0, 0, ..., 0, 0, 0],
        ...,
        [0, 0, 0, ..., 0, 0, 0],
        [0, 0, 0, ..., 0, 0, 0],
        [0, 0, 0, ..., 0, 0, 0]],

       [[0, 0, 0, ..., 0, 0, 0],
        [0, 0, 0, ..., 0, 0, 0],
        [1, 0, 0, ..., 0, 0, 0],
        ...,
        [0, 0, 0, ..., 0, 0, 0],
        [0, 0, 0, ..., 1, 0, 0],
        [0, 0, 0, ..., 0, 0, 0]],

       [[0, 0, 0, ..., 0, 0, 1],
        [0, 0, 0, ..., 0, 1, 0],
        [0, 0, 0, ..., 0, 0, 0],
        ...,
        [1, 0, 0, ..., 0, 0, 0],
        [0, 0, 0, ..., 0, 1, 0],
        [0, 0, 0, ..., 0, 0, 0]]], dtype=int8), 'y_test': array([ 84.,  84.,  84., ...,  53.,  62., 134.], dtype=float32), 'model': None}
report

              precision    recall  f1-score   support

         0.0       0.82      0.82      0.82        11
         1.0       0.96      0.92      0.94        25
         2.0       0.89      0.94      0.91        17
         3.0       0.75      0.75      0.75        12
         4.0       0.85      0.73      0.79        15
         5.0       1.00      0.91      0.95        11
         6.0       0.91      1.00      0.95        21
         7.0       0.89      0.71      0.79        24
         8.0       0.59      0.62      0.60        21
         9.0       0.82      0.66      0.73        35
        10.0       0.88      0.64      0.74        11
        11.0       0.82      0.95      0.88        19
        12.0       0.22      0.47      0.30        17
        13.0       0.82      0.64      0.72        14
        14.0       0.91      0.71      0.80        14
        15.0       1.00      0.82      0.90        11
        16.0       0.87      0.81      0.84        16
        17.0       0.83      0.83      0.83        12
        18.0       0.74      0.88      0.81        26
        19.0       0.68      0.76      0.72        25
        20.0       1.00      0.92      0.96        13
        21.0       0.62      0.87      0.72        15
        22.0       0.93      0.72      0.81        18
        23.0       0.83      0.91      0.87        11
        24.0       0.93      0.74      0.82        19
        25.0       0.80      0.89      0.84        18
        26.0       0.90      0.90      0.90        10
        27.0       0.79      0.85      0.81        13
        28.0       0.95      0.90      0.93        21
        29.0       0.95      0.91      0.93        22
        30.0       0.90      0.97      0.93        29
        31.0       0.78      1.00      0.88        18
        32.0       0.59      0.91      0.71        11
        33.0       0.71      0.97      0.82        30
        34.0       0.97      0.94      0.95        32
        35.0       0.91      0.83      0.87        12
        36.0       0.96      0.96      0.96        27
        37.0       0.75      0.60      0.67        15
        38.0       0.86      1.00      0.92        12
        39.0       0.00      0.00      0.00        14
        40.0       0.93      0.88      0.90        16
        41.0       0.92      0.92      0.92        12
        42.0       0.73      1.00      0.85        11
        43.0       1.00      1.00      1.00        16
        44.0       0.97      0.97      0.97        29
        45.0       0.96      1.00      0.98        22
        46.0       0.89      1.00      0.94        16
        47.0       1.00      0.43      0.60        14
        48.0       0.54      0.64      0.58        11
        49.0       0.90      0.82      0.86        11
        50.0       1.00      0.67      0.80        12
        51.0       1.00      0.85      0.92        13
        52.0       0.79      0.85      0.81        26
        53.0       1.00      0.96      0.98        28
        54.0       0.96      0.96      0.96        23
        55.0       0.95      1.00      0.97        19
        56.0       0.86      1.00      0.93        25
        57.0       0.89      0.81      0.85        21
        58.0       0.73      0.80      0.76        10
        59.0       0.50      0.25      0.33        16
        60.0       0.95      0.80      0.87        25
        61.0       0.54      0.47      0.50        15
        62.0       0.81      0.78      0.80       133
        63.0       0.93      0.88      0.90        16
        64.0       0.79      0.92      0.85        12
        65.0       0.81      0.72      0.76        18
        66.0       0.92      0.80      0.86        15
        67.0       0.67      0.60      0.63        10
        68.0       0.83      1.00      0.90        19
        69.0       0.97      1.00      0.98        29
        70.0       0.88      0.83      0.86        18
        71.0       1.00      0.60      0.75        15
        72.0       1.00      0.95      0.98        22
        73.0       0.92      1.00      0.96        11
        74.0       0.91      0.95      0.93        21
        75.0       0.93      0.72      0.81        18
        76.0       0.88      0.93      0.90        15
        77.0       1.00      0.80      0.89        20
        78.0       1.00      0.95      0.97        20
        79.0       0.90      0.90      0.90        10
        80.0       0.73      0.75      0.74        32
        81.0       0.86      0.90      0.88        21
        82.0       0.88      0.81      0.84        26
        83.0       1.00      0.92      0.96        13
        84.0       0.90      0.86      0.88        21
        85.0       1.00      0.75      0.86        12
        86.0       0.81      1.00      0.90        39
        87.0       0.74      0.82      0.78        17
        88.0       0.84      0.96      0.90        27
        89.0       0.86      1.00      0.92        12
        90.0       0.95      0.95      0.95        21
        91.0       0.97      1.00      0.98        30
        92.0       0.92      1.00      0.96        12
        93.0       0.85      0.79      0.81        14
        94.0       0.93      1.00      0.96        27
        95.0       0.82      0.92      0.87        25
        96.0       1.00      0.83      0.91        12
        97.0       0.90      0.87      0.88        30
        98.0       1.00      0.75      0.86        16
        99.0       0.80      0.94      0.86        17
       100.0       1.00      0.88      0.94        25
       101.0       0.79      0.82      0.81        28
       102.0       1.00      0.32      0.48        19
       103.0       0.81      0.84      0.82       292
       104.0       1.00      0.23      0.38        13
       105.0       0.81      0.81      0.81        16
       106.0       0.81      0.60      0.69        43
       107.0       0.87      1.00      0.93        13
       108.0       0.93      0.93      0.93        15
       109.0       0.78      0.78      0.78        18
       110.0       0.81      1.00      0.89        17
       111.0       0.76      0.93      0.84        14
       112.0       1.00      0.87      0.93        23
       113.0       0.89      0.94      0.92        35
       114.0       0.75      0.67      0.71        18
       115.0       0.95      1.00      0.98        21
       116.0       1.00      0.94      0.97        34
       117.0       0.92      0.92      0.92        12
       118.0       0.96      0.96      0.96        28
       119.0       0.96      0.92      0.94        26
       120.0       1.00      0.92      0.96        13
       121.0       0.64      0.90      0.75        10
       122.0       0.14      0.15      0.14        20
       123.0       0.85      0.65      0.74       136
       124.0       0.76      0.84      0.80        19
       125.0       0.37      0.49      0.42        59
       126.0       1.00      0.64      0.78        14
       127.0       1.00      1.00      1.00        18
       128.0       1.00      1.00      1.00        17
       129.0       0.93      0.78      0.85        18
       130.0       0.67      0.97      0.79        32
       131.0       0.87      0.95      0.91        21
       132.0       0.90      1.00      0.95        18
       133.0       0.83      1.00      0.91        15
       134.0       0.94      0.94      0.94        16
       135.0       0.92      0.92      0.92        13
       136.0       0.67      0.46      0.55        13
       137.0       0.85      0.92      0.89        38
       138.0       1.00      0.20      0.33        15
       139.0       0.34      0.94      0.50        18
       140.0       0.63      0.85      0.72        20
       141.0       0.90      0.98      0.94        45
       142.0       0.50      0.08      0.14        12
       143.0       0.87      0.81      0.84        16
       144.0       0.60      0.55      0.57        11
       145.0       0.33      0.32      0.32        19
       146.0       0.78      0.75      0.76        28
       147.0       0.86      0.50      0.63        12
       148.0       0.58      0.75      0.65        24
       149.0       0.83      0.88      0.86        51
       150.0       0.70      0.87      0.77        53
       151.0       0.90      0.56      0.69        16
       152.0       0.75      0.53      0.62        68
       153.0       0.67      0.40      0.50        10
       154.0       0.61      0.56      0.59        39
       155.0       0.87      0.54      0.67        24
       156.0       0.83      0.42      0.56        12
       157.0       0.58      0.41      0.48        17
       158.0       0.42      0.31      0.36        16
       159.0       0.42      0.56      0.48        18
       160.0       0.36      0.27      0.31        15
       161.0       0.28      0.44      0.34        25
       162.0       0.67      0.20      0.31        10
       163.0       0.55      0.73      0.63        15
       164.0       1.00      1.00      1.00        17
       165.0       1.00      0.62      0.76        13
       166.0       0.36      0.38      0.37        47
       167.0       1.00      0.91      0.95        22
       168.0       0.92      0.73      0.81        15
       169.0       1.00      0.69      0.81        16
       170.0       0.96      0.92      0.94        24
       171.0       0.69      0.77      0.73        35
       172.0       0.73      0.73      0.73        15
       173.0       1.00      0.94      0.97        17
       174.0       0.78      0.72      0.75        25
       175.0       0.83      0.83      0.83        12
       176.0       0.50      0.67      0.57        12
       177.0       0.79      0.95      0.86        20
       178.0       0.84      1.00      0.91        16
       179.0       0.91      0.67      0.77        15
       180.0       0.50      0.25      0.33        16
       181.0       0.93      0.57      0.70        23
       182.0       0.97      0.90      0.93        31
       183.0       0.91      0.91      0.91        11
       184.0       0.75      0.71      0.73        21
       185.0       0.74      1.00      0.85        29
       186.0       0.65      0.69      0.67       127
       187.0       0.92      0.82      0.87       119
       188.0       1.00      0.62      0.76        13
       189.0       0.79      0.86      0.83        22
       190.0       0.85      0.73      0.79        15
       191.0       0.91      0.83      0.87        12
       192.0       0.81      0.81      0.81        16
       193.0       1.00      0.42      0.59        12
       194.0       0.76      0.90      0.83        21
       195.0       0.86      0.55      0.67        11
       196.0       0.87      1.00      0.93        13
       197.0       0.71      0.38      0.50        13
       198.0       0.68      0.93      0.79        14
       199.0       0.67      0.40      0.50        15
       200.0       0.77      0.92      0.84        26
       201.0       0.94      0.94      0.94        16
       202.0       1.00      0.93      0.96        14
       203.0       1.00      0.96      0.98        28
       204.0       0.86      0.86      0.86        21
       205.0       0.89      1.00      0.94        16
       206.0       0.68      0.94      0.79        18
       207.0       1.00      1.00      1.00        19
       208.0       0.94      1.00      0.97        17
       209.0       0.73      0.69      0.71        16
       210.0       0.95      1.00      0.98        21
       211.0       1.00      0.71      0.83        14
       212.0       0.85      0.79      0.81        14
       213.0       0.69      1.00      0.82        18
       214.0       0.79      0.86      0.83        22
       215.0       0.94      1.00      0.97        15
       216.0       0.83      0.94      0.88        16
       217.0       1.00      0.82      0.90        11
       218.0       0.87      0.82      0.84       110
       219.0       0.85      0.97      0.90        29
       220.0       0.95      1.00      0.98        21
       221.0       1.00      0.92      0.96        13
       222.0       1.00      1.00      1.00        26
       223.0       0.94      1.00      0.97        17
       224.0       1.00      0.80      0.89        20
       225.0       1.00      0.88      0.93        16
       226.0       0.89      0.73      0.80        11
       227.0       0.91      0.71      0.80        14
       228.0       1.00      1.00      1.00        11
       229.0       0.62      1.00      0.77        30
       230.0       0.81      0.76      0.79        34
       231.0       0.57      0.33      0.42        12
       232.0       0.69      0.38      0.49        29
       233.0       1.00      0.68      0.81        19
       234.0       0.56      0.74      0.64        19
       235.0       0.85      0.85      0.85        20
       236.0       0.36      0.59      0.45        22
       237.0       0.75      0.75      0.75        20
       238.0       0.97      1.00      0.98        28
       239.0       0.71      0.87      0.78        31
       240.0       0.74      0.96      0.84        24
       241.0       1.00      0.79      0.88        14
       242.0       0.72      0.66      0.69        44
       243.0       0.53      0.89      0.67        27
       244.0       0.88      0.64      0.74        11
       245.0       0.77      1.00      0.87        20
       246.0       0.55      0.73      0.63        22
       247.0       0.56      0.90      0.69        20
       248.0       0.76      0.81      0.79        16
       249.0       0.96      0.88      0.92        25
       250.0       0.84      0.89      0.86        18
       251.0       0.91      0.83      0.87        12
       252.0       0.75      0.60      0.67        10
       253.0       0.91      0.95      0.93        22
       254.0       0.93      1.00      0.96        13
       255.0       0.34      0.62      0.44        16
       256.0       0.84      0.88      0.86        24
       257.0       0.67      0.40      0.50        15
       258.0       1.00      0.94      0.97        18
       259.0       0.96      0.96      0.96        26
       260.0       1.00      0.94      0.97        18
       261.0       0.84      0.97      0.90        32
       262.0       0.90      0.90      0.90        10
       263.0       0.86      0.86      0.86        14
       264.0       1.00      1.00      1.00        19
       265.0       0.73      1.00      0.85        11
       266.0       0.86      0.80      0.83        15
       267.0       0.83      0.38      0.53        13
       268.0       0.95      0.95      0.95        20
       269.0       0.95      1.00      0.97        18
       270.0       0.50      0.14      0.22        14
       271.0       1.00      0.87      0.93        38
       272.0       0.75      0.94      0.83        53
       273.0       0.88      0.77      0.82        30
       274.0       1.00      0.72      0.84        32
       275.0       0.83      1.00      0.91        10
       276.0       1.00      0.83      0.91        12
       277.0       0.91      0.91      0.91        11

    accuracy                           0.80      6279
   macro avg       0.83      0.80      0.80      6279
weighted avg       0.82      0.80      0.80      6279


===confusion_matrix===

[[ 9  0  0 ...  0  0  0]
 [ 0 23  0 ...  0  0  0]
 [ 0  0 16 ...  0  0  0]
 ...
 [ 0  0  0 ... 10  0  0]
 [ 0  0  0 ...  1 10  0]
 [ 0  0  0 ...  0  0 10]]

===multilabel confusion matrix===

[[[6266    2]
  [   2    9]]

 [[6253    1]
  [   2   23]]

 [[6260    2]
  [   1   16]]

 ...

 [[6267    2]
  [   0   10]]

 [[6267    0]
  [   2   10]]

 [[6267    1]
  [   1   10]]]

===scores report===
metrics	scores
Accuracy	0.8019
MCC	0.8005
log_loss	0.8616
f1 score weighted	0.7995
f1 score macro	0.7968
f1 score micro	0.8019
roc_auc ovr	0.9943
roc_auc ovo	0.9950
precision	0.8182
recall	0.8019

===Callbacks===

generate_callbacks
[<tensorflow.python.keras.callbacks.EarlyStopping object at 0x7fd340072610>, <tensorflow.python.keras.callbacks.ReduceLROnPlateau object at 0x7fd340072490>, <tensorflow.python.keras.callbacks.ModelCheckpoint object at 0x7fd340072910>]/home/amsequeira/enzymeClassification/models/hot_encoded/64_64_32_500_pre_pre_lstm_attentio_cv_only_enz_hot_lev4_ec50
self
x_train
y_train
x_test
y_test
number_classes
problem_type
x_dval
y_dval
model
epochs
batch_size
callbacks
reduce_lr
early_stopping
checkpoint
tensorboard
early_stopping_patience
reduce_lr_patience
reduce_lr_factor
reduce_lr_min
path
report_name
verbose
validation_split
shuffle
class_weights
===Callbacks===

generate_callbacks
[<tensorflow.python.keras.callbacks.EarlyStopping object at 0x7fe31b907280>, <tensorflow.python.keras.callbacks.ReduceLROnPlateau object at 0x7fe31b9070a0>, <tensorflow.python.keras.callbacks.ModelCheckpoint object at 0x7fe31b9072e0>]
===SCORING TEST SET ===

model_complete_evaluate
{'self': <deep_ml.DeepML object at 0x7fd3400727c0>, 'x_test': array([[[1, 0, 0, ..., 0, 0, 0],
        [1, 0, 0, ..., 0, 0, 0],
        [1, 0, 0, ..., 0, 0, 0],
        ...,
        [0, 0, 0, ..., 0, 0, 0],
        [1, 0, 0, ..., 0, 0, 0],
        [0, 0, 0, ..., 0, 0, 0]],

       [[1, 0, 0, ..., 0, 0, 0],
        [1, 0, 0, ..., 0, 0, 0],
        [1, 0, 0, ..., 0, 0, 0],
        ...,
        [1, 0, 0, ..., 0, 0, 0],
        [0, 0, 0, ..., 0, 0, 0],
        [1, 0, 0, ..., 0, 0, 0]],

       [[1, 0, 0, ..., 0, 0, 0],
        [1, 0, 0, ..., 0, 0, 0],
        [1, 0, 0, ..., 0, 0, 0],
        ...,
        [0, 0, 0, ..., 0, 0, 0],
        [0, 0, 0, ..., 0, 0, 0],
        [0, 0, 1, ..., 0, 0, 0]],

       ...,

       [[1, 0, 0, ..., 0, 0, 0],
        [0, 0, 0, ..., 0, 0, 0],
        [1, 0, 0, ..., 0, 0, 0],
        ...,
        [0, 0, 0, ..., 0, 0, 0],
        [0, 0, 0, ..., 0, 0, 0],
        [0, 0, 0, ..., 0, 0, 0]],

       [[1, 0, 0, ..., 0, 0, 0],
        [1, 0, 0, ..., 0, 0, 0],
        [1, 0, 0, ..., 0, 0, 0],
        ...,
        [0, 0, 0, ..., 0, 0, 0],
        [0, 0, 0, ..., 0, 0, 0],
        [0, 0, 0, ..., 0, 0, 0]],

       [[1, 0, 0, ..., 0, 0, 0],
        [1, 0, 0, ..., 0, 0, 0],
        [1, 0, 0, ..., 0, 0, 0],
        ...,
        [0, 0, 0, ..., 0, 1, 0],
        [0, 0, 0, ..., 0, 0, 0],
        [0, 0, 0, ..., 0, 0, 0]]], dtype=int8), 'y_test': array([ 84.,  84.,  84., ..., 103.,  80.,  62.], dtype=float32), 'model': None}
report

              precision    recall  f1-score   support

         0.0       0.78      0.70      0.74        10
         1.0       1.00      0.88      0.94        25
         2.0       0.87      0.76      0.81        17
         3.0       0.82      0.75      0.78        12
         4.0       0.71      0.67      0.69        15
         5.0       1.00      0.80      0.89        10
         6.0       1.00      0.91      0.95        22
         7.0       0.81      0.57      0.67        23
         8.0       0.54      0.71      0.61        21
         9.0       0.76      0.71      0.74        35
        10.0       0.71      0.45      0.56        11
        11.0       1.00      1.00      1.00        19
        12.0       0.60      0.33      0.43        18
        13.0       0.92      0.80      0.86        15
        14.0       0.80      0.86      0.83        14
        15.0       0.91      1.00      0.95        10
        16.0       0.83      0.94      0.88        16
        17.0       0.83      0.91      0.87        11
        18.0       0.91      0.81      0.86        26
        19.0       1.00      0.84      0.91        25
        20.0       0.77      0.83      0.80        12
        21.0       0.62      0.87      0.72        15
        22.0       0.77      1.00      0.87        17
        23.0       1.00      0.36      0.53        11
        24.0       0.75      0.79      0.77        19
        25.0       0.58      0.83      0.68        18
        26.0       0.75      0.90      0.82        10
        27.0       0.92      0.79      0.85        14
        28.0       0.95      0.95      0.95        21
        29.0       0.91      0.91      0.91        23
        30.0       0.90      0.97      0.93        29
        31.0       0.70      0.94      0.80        17
        32.0       0.85      1.00      0.92        11
        33.0       0.94      1.00      0.97        30
        34.0       0.87      0.62      0.73        32
        35.0       0.75      0.75      0.75        12
        36.0       0.93      1.00      0.96        27
        37.0       0.65      0.87      0.74        15
        38.0       0.79      1.00      0.88        11
        39.0       0.15      0.15      0.15        13
        40.0       0.81      0.81      0.81        16
        41.0       0.80      1.00      0.89        12
        42.0       0.80      0.73      0.76        11
        43.0       0.94      1.00      0.97        16
        44.0       0.93      0.96      0.95        28
        45.0       0.96      1.00      0.98        22
        46.0       0.74      0.88      0.80        16
        47.0       1.00      0.62      0.76        13
        48.0       0.64      0.58      0.61        12
        49.0       0.89      0.73      0.80        11
        50.0       0.69      0.92      0.79        12
        51.0       0.93      1.00      0.96        13
        52.0       0.92      0.88      0.90        26
        53.0       0.89      0.93      0.91        27
        54.0       0.91      0.87      0.89        23
        55.0       0.83      1.00      0.90        19
        56.0       0.96      0.96      0.96        25
        57.0       0.79      0.90      0.84        21
        58.0       1.00      0.70      0.82        10
        59.0       0.33      0.06      0.11        16
        60.0       0.84      0.67      0.74        24
        61.0       0.62      0.33      0.43        15
        62.0       0.84      0.77      0.80       133
        63.0       1.00      1.00      1.00        15
        64.0       0.86      1.00      0.92        12
        65.0       0.93      0.82      0.87        17
        66.0       0.70      1.00      0.82        14
        67.0       0.73      1.00      0.85        11
        68.0       0.85      0.89      0.87        19
        69.0       1.00      0.97      0.98        29
        70.0       0.78      0.74      0.76        19
        71.0       0.58      0.93      0.72        15
        72.0       0.95      0.91      0.93        22
        73.0       0.83      0.91      0.87        11
        74.0       0.96      1.00      0.98        22
        75.0       1.00      1.00      1.00        17
        76.0       0.86      0.80      0.83        15
        77.0       0.90      0.95      0.93        20
        78.0       0.95      1.00      0.98        21
        79.0       1.00      0.60      0.75        10
        80.0       0.58      0.45      0.51        31
        81.0       0.89      0.76      0.82        21
        82.0       0.93      0.96      0.94        26
        83.0       0.79      0.85      0.81        13
        84.0       0.90      0.90      0.90        21
        85.0       0.85      0.92      0.88        12
        86.0       0.97      0.97      0.97        39
        87.0       0.90      0.53      0.67        17
        88.0       0.79      1.00      0.89        27
        89.0       0.91      0.83      0.87        12
        90.0       0.68      1.00      0.81        21
        91.0       0.97      1.00      0.98        30
        92.0       0.86      1.00      0.92        12
        93.0       0.88      0.50      0.64        14
        94.0       0.93      1.00      0.96        27
        95.0       0.96      0.92      0.94        25
        96.0       0.65      1.00      0.79        11
        97.0       0.86      0.80      0.83        30
        98.0       0.86      0.75      0.80        16
        99.0       1.00      1.00      1.00        17
       100.0       0.96      0.88      0.92        25
       101.0       0.84      0.96      0.90        28
       102.0       1.00      0.26      0.42        19
       103.0       0.89      0.80      0.85       291
       104.0       0.64      0.54      0.58        13
       105.0       0.71      0.94      0.81        16
       106.0       0.85      0.52      0.65        44
       107.0       0.76      1.00      0.87        13
       108.0       1.00      0.94      0.97        16
       109.0       0.90      1.00      0.95        19
       110.0       1.00      0.81      0.90        16
       111.0       0.76      0.93      0.84        14
       112.0       0.92      1.00      0.96        23
       113.0       0.94      0.91      0.93        34
       114.0       0.77      0.89      0.83        19
       115.0       0.95      1.00      0.98        21
       116.0       0.92      1.00      0.96        34
       117.0       0.89      0.67      0.76        12
       118.0       0.85      1.00      0.92        29
       119.0       1.00      0.96      0.98        26
       120.0       0.55      0.92      0.69        13
       121.0       0.67      0.80      0.73        10
       122.0       0.00      0.00      0.00        19
       123.0       0.77      0.79      0.78       136
       124.0       0.81      0.89      0.85        19
       125.0       0.37      0.31      0.34        58
       126.0       0.59      0.93      0.72        14
       127.0       1.00      0.94      0.97        18
       128.0       1.00      0.94      0.97        17
       129.0       0.84      0.89      0.86        18
       130.0       0.88      0.94      0.91        32
       131.0       0.83      0.95      0.88        20
       132.0       1.00      0.88      0.94        17
       133.0       1.00      1.00      1.00        15
       134.0       0.81      1.00      0.89        17
       135.0       1.00      0.92      0.96        13
       136.0       0.47      0.62      0.53        13
       137.0       0.92      0.89      0.91        38
       138.0       0.25      0.13      0.17        15
       139.0       0.45      0.74      0.56        19
       140.0       0.60      0.71      0.65        21
       141.0       0.96      0.96      0.96        45
       142.0       0.00      0.00      0.00        12
       143.0       0.78      0.88      0.82        16
       144.0       0.71      0.91      0.80        11
       145.0       0.23      0.17      0.19        18
       146.0       0.77      0.86      0.81        28
       147.0       0.77      0.91      0.83        11
       148.0       1.00      0.70      0.82        23
       149.0       0.85      0.90      0.88        52
       150.0       0.87      0.76      0.81        54
       151.0       0.80      0.50      0.62        16
       152.0       0.74      0.71      0.72        68
       153.0       0.40      0.18      0.25        11
       154.0       0.55      0.75      0.63        40
       155.0       0.82      0.96      0.88        24
       156.0       0.22      0.17      0.19        12
       157.0       0.50      0.28      0.36        18
       158.0       0.43      0.38      0.40        16
       159.0       0.35      0.33      0.34        18
       160.0       0.22      0.33      0.26        15
       161.0       0.33      0.52      0.40        25
       162.0       0.25      0.40      0.31        10
       163.0       0.41      0.56      0.47        16
       164.0       0.89      0.89      0.89        18
       165.0       0.46      0.50      0.48        12
       166.0       0.32      0.17      0.22        47
       167.0       0.95      1.00      0.98        21
       168.0       1.00      0.80      0.89        15
       169.0       1.00      0.82      0.90        17
       170.0       0.88      0.92      0.90        24
       171.0       0.69      0.92      0.79        36
       172.0       1.00      0.71      0.83        14
       173.0       1.00      0.50      0.67        16
       174.0       0.58      0.84      0.69        25
       175.0       0.59      0.83      0.69        12
       176.0       0.47      0.67      0.55        12
       177.0       0.80      0.60      0.69        20
       178.0       0.87      0.87      0.87        15
       179.0       0.73      0.79      0.76        14
       180.0       0.56      0.31      0.40        16
       181.0       0.83      0.65      0.73        23
       182.0       0.94      0.97      0.95        31
       183.0       1.00      0.75      0.86        12
       184.0       0.67      1.00      0.80        22
       185.0       0.91      1.00      0.95        29
       186.0       0.72      0.54      0.62       127
       187.0       0.73      0.85      0.78       119
       188.0       0.93      1.00      0.97        14
       189.0       0.88      0.64      0.74        22
       190.0       0.88      0.93      0.90        15
       191.0       0.78      0.58      0.67        12
       192.0       0.94      1.00      0.97        15
       193.0       0.71      0.42      0.53        12
       194.0       0.75      0.43      0.55        21
       195.0       0.50      0.40      0.44        10
       196.0       1.00      0.92      0.96        13
       197.0       1.00      0.29      0.44        14
       198.0       0.93      1.00      0.97        14
       199.0       0.20      0.20      0.20        15
       200.0       0.87      0.77      0.82        26
       201.0       1.00      0.88      0.93        16
       202.0       1.00      0.53      0.70        15
       203.0       0.85      0.97      0.90        29
       204.0       1.00      0.86      0.93        22
       205.0       1.00      1.00      1.00        15
       206.0       1.00      0.84      0.91        19
       207.0       0.95      0.95      0.95        19
       208.0       1.00      0.94      0.97        17
       209.0       0.80      0.75      0.77        16
       210.0       0.87      1.00      0.93        20
       211.0       0.82      1.00      0.90        14
       212.0       0.92      0.79      0.85        14
       213.0       0.62      1.00      0.77        18
       214.0       0.81      0.77      0.79        22
       215.0       0.82      1.00      0.90        14
       216.0       0.83      0.88      0.86        17
       217.0       1.00      0.90      0.95        10
       218.0       0.87      0.91      0.89       110
       219.0       0.69      0.93      0.79        29
       220.0       1.00      0.76      0.86        21
       221.0       0.69      0.79      0.73        14
       222.0       0.81      0.96      0.88        26
       223.0       0.81      0.81      0.81        16
       224.0       0.89      0.81      0.85        21
       225.0       0.80      0.71      0.75        17
       226.0       0.92      1.00      0.96        12
       227.0       0.75      0.69      0.72        13
       228.0       0.79      1.00      0.88        11
       229.0       0.82      0.93      0.87        30
       230.0       0.97      0.88      0.92        34
       231.0       0.62      0.38      0.48        13
       232.0       0.60      0.62      0.61        29
       233.0       1.00      0.79      0.88        19
       234.0       0.37      1.00      0.54        19
       235.0       0.68      1.00      0.81        21
       236.0       0.44      0.36      0.40        22
       237.0       0.59      0.80      0.68        20
       238.0       0.87      0.96      0.91        27
       239.0       0.39      0.87      0.54        30
       240.0       0.75      0.91      0.82        23
       241.0       0.69      0.64      0.67        14
       242.0       0.59      0.53      0.56        45
       243.0       0.84      0.96      0.90        27
       244.0       0.52      0.92      0.67        12
       245.0       0.51      0.90      0.65        20
       246.0       0.77      0.77      0.77        22
       247.0       0.48      0.65      0.55        20
       248.0       1.00      0.44      0.61        16
       249.0       1.00      0.72      0.84        25
       250.0       1.00      0.72      0.84        18
       251.0       1.00      0.92      0.96        12
       252.0       0.80      0.80      0.80        10
       253.0       1.00      0.95      0.98        22
       254.0       1.00      0.92      0.96        13
       255.0       0.45      0.31      0.37        16
       256.0       0.84      0.88      0.86        24
       257.0       0.75      0.80      0.77        15
       258.0       1.00      1.00      1.00        18
       259.0       0.90      1.00      0.95        26
       260.0       0.95      0.95      0.95        19
       261.0       0.93      0.84      0.88        31
       262.0       1.00      1.00      1.00        11
       263.0       0.94      1.00      0.97        15
       264.0       0.94      0.89      0.91        18
       265.0       0.92      1.00      0.96        11
       266.0       0.82      0.60      0.69        15
       267.0       0.50      0.23      0.32        13
       268.0       0.69      0.86      0.77        21
       269.0       0.94      0.89      0.92        19
       270.0       0.33      0.07      0.12        14
       271.0       0.68      0.89      0.77        38
       272.0       0.89      0.92      0.91        53
       273.0       1.00      0.67      0.80        30
       274.0       1.00      0.88      0.93        32
       275.0       1.00      1.00      1.00        10
       276.0       1.00      0.67      0.80        12
       277.0       0.91      0.91      0.91        11

    accuracy                           0.79      6279
   macro avg       0.79      0.79      0.78      6279
weighted avg       0.80      0.79      0.79      6279


===confusion_matrix===

[[ 7  0  0 ...  0  0  0]
 [ 0 22  0 ...  0  0  0]
 [ 0  0 13 ...  0  0  0]
 ...
 [ 0  0  0 ... 10  0  0]
 [ 0  0  0 ...  0  8  0]
 [ 0  0  0 ...  0  0 10]]

===multilabel confusion matrix===

[[[6267    2]
  [   3    7]]

 [[6254    0]
  [   3   22]]

 [[6260    2]
  [   4   13]]

 ...

 [[6269    0]
  [   0   10]]

 [[6267    0]
  [   4    8]]

 [[6267    1]
  [   1   10]]]

===scores report===
metrics	scores
Accuracy	0.7925
MCC	0.7911
log_loss	0.8712
f1 score weighted	0.7863
f1 score macro	0.7771
f1 score micro	0.7925
roc_auc ovr	0.9948
roc_auc ovo	0.9954
precision	0.8018
recall	0.7925

===TRAIN MODELS with CV===

train_model_cv	Accuracy	MCC	log_loss	f1 score weighted	f1 score macro	f1 score micro	roc_auc ovr	roc_auc ovo	precision	recall
0	0.7909235668789809	0.7894522293169597	0.8777375219782247	0.7856681570325493	0.775886106567078	0.7909235668789809	0.9946560464881722	0.9953503380110247	0.804416549071216	0.7909235668789809
1	0.7988533205924511	0.7975192795708155	0.8708897855959601	0.7927554890739337	0.7893397012603453	0.7988533205924511	0.9941030368632318	0.9945441675097324	0.8128971400697503	0.7988533205924511
2	0.7896161809205288	0.7882445414850044	0.9027621819021733	0.7901511804441241	0.7774956566369963	0.7896161809205288	0.9939247984447216	0.9947575030511053	0.8133412537794484	0.7896161809205288
3	0.8018792801401498	0.8005003166158123	0.8615912020229202	0.7995078968406394	0.7968339643421275	0.8018792801401498	0.9942738850236434	0.994988916184543	0.8182259039508244	0.8018792801401498
4	0.7924828794394012	0.7911177407928139	0.8712191886975883	0.7862686959873963	0.777111115797809	0.7924828794394012	0.9947986363973701	0.9953559127640944	0.8017517996134917	0.7924828794394012
mean	0.7947510455943023	0.7933668215562812	0.8768399760393732	0.7908702838757286	0.7833333089208712	0.7947510455943023	0.9943512806434278	0.9949993675041	0.8101265292969462	0.7947510455943023
std	0.004770773399387021	0.004790611842681032	0.01394481603439101	0.005038178260102595	0.00832585299036255	0.004770773399387021	0.00032939687700072234	0.0003212847639495542	0.006104925532483188	0.004770773399387021

Accuracy
MCC
log_loss
f1 score weighted
f1 score macro
f1 score micro
roc_auc ovr
roc_auc ovo
precision
recallFinished train_model_cv in 8278.2954 secs

