/home/amsequeira/enzymeClassification/models/diff_rnn/64_64_32_500_pre_pre_bilstm_attentio_cv_only_enz_500epochs_2level_ec50
self
x_train
y_train
x_test
y_test
number_classes
problem_type
x_dval
y_dval
model
epochs
batch_size
callbacks
reduce_lr
early_stopping
checkpoint
tensorboard
early_stopping_patience
reduce_lr_patience
reduce_lr_factor
reduce_lr_min
path
report_name
verbose
validation_split
shuffle
class_weights
===Callbacks===

generate_callbacks
[<tensorflow.python.keras.callbacks.EarlyStopping object at 0x7f629c455400>, <tensorflow.python.keras.callbacks.ReduceLROnPlateau object at 0x7f629c4552b0>, <tensorflow.python.keras.callbacks.ModelCheckpoint object at 0x7f629c455790>]
===SCORING TEST SET ===

model_complete_evaluate
{'self': <deep_ml.DeepML object at 0x7f629c4555b0>, 'x_test': array([[[1, 0, 0, ..., 0, 0, 0],
        [1, 0, 0, ..., 0, 0, 0],
        [1, 0, 0, ..., 0, 0, 0],
        ...,
        [0, 0, 0, ..., 0, 0, 0],
        [0, 0, 0, ..., 0, 0, 0],
        [0, 0, 0, ..., 0, 0, 0]],

       [[1, 0, 0, ..., 0, 0, 0],
        [1, 0, 0, ..., 0, 0, 0],
        [1, 0, 0, ..., 0, 0, 0],
        ...,
        [0, 0, 0, ..., 0, 0, 0],
        [0, 0, 0, ..., 0, 0, 0],
        [0, 1, 0, ..., 0, 0, 0]],

       [[1, 0, 0, ..., 0, 0, 0],
        [1, 0, 0, ..., 0, 0, 0],
        [1, 0, 0, ..., 0, 0, 0],
        ...,
        [0, 0, 0, ..., 0, 0, 0],
        [1, 0, 0, ..., 0, 0, 0],
        [0, 0, 0, ..., 0, 0, 0]],

       ...,

       [[1, 0, 0, ..., 0, 0, 0],
        [1, 0, 0, ..., 0, 0, 0],
        [1, 0, 0, ..., 0, 0, 0],
        ...,
        [0, 0, 0, ..., 0, 1, 0],
        [0, 0, 0, ..., 0, 0, 0],
        [0, 0, 0, ..., 0, 0, 0]],

       [[0, 0, 0, ..., 0, 0, 0],
        [0, 0, 0, ..., 0, 0, 0],
        [0, 0, 0, ..., 0, 0, 0],
        ...,
        [0, 0, 0, ..., 0, 0, 0],
        [0, 0, 0, ..., 0, 0, 0],
        [0, 0, 0, ..., 0, 0, 0]],

       [[1, 0, 0, ..., 0, 0, 0],
        [1, 0, 0, ..., 0, 0, 0],
        [1, 0, 0, ..., 0, 0, 0],
        ...,
        [0, 0, 0, ..., 0, 0, 0],
        [0, 0, 0, ..., 0, 0, 0],
        [0, 1, 0, ..., 0, 0, 0]]], dtype=int8), 'y_test': array([21., 21., 21., ..., 19., 28., 30.], dtype=float32), 'model': None}
report

              precision    recall  f1-score   support

         0.0       0.76      0.82      0.79       402
         1.0       1.00      0.47      0.64        19
         2.0       0.67      0.65      0.66        82
         3.0       0.40      0.12      0.19        16
         4.0       0.36      0.27      0.31        62
         5.0       0.70      0.56      0.63       277
         6.0       1.00      0.72      0.84        36
         7.0       0.71      0.38      0.50        26
         8.0       0.61      0.53      0.57        72
         9.0       0.66      0.70      0.68        30
        10.0       0.88      0.73      0.80       156
        11.0       0.66      0.54      0.59       168
        12.0       0.66      0.49      0.57        83
        13.0       0.65      0.25      0.36        53
        14.0       0.50      0.39      0.44        31
        15.0       0.58      0.48      0.53        52
        16.0       0.69      0.62      0.65        94
        17.0       0.82      0.86      0.84       885
        18.0       0.82      0.77      0.80        48
        19.0       0.78      0.74      0.76       781
        20.0       0.79      0.77      0.78       591
        21.0       0.78      0.83      0.81       385
        22.0       0.83      0.82      0.82       128
        23.0       0.77      0.86      0.81      1888
        24.0       0.80      0.70      0.75       169
        25.0       0.68      0.71      0.69      1296
        26.0       0.63      0.65      0.64       381
        27.0       0.67      0.29      0.40        14
        28.0       0.63      0.72      0.67       769
        29.0       0.60      0.53      0.56       372
        30.0       0.84      0.74      0.79       631
        31.0       0.67      0.36      0.47        11
        32.0       0.56      0.68      0.62       316
        33.0       0.64      0.67      0.66       405
        34.0       0.81      0.66      0.72        96
        35.0       0.36      0.19      0.25        26
        36.0       0.92      0.51      0.65        65
        37.0       0.88      0.67      0.76        21
        38.0       0.68      0.68      0.68       121
        39.0       0.84      0.67      0.75       114
        40.0       0.76      0.78      0.77       207
        41.0       0.78      0.72      0.75       194
        42.0       0.64      0.60      0.62        47
        43.0       0.88      0.95      0.91       431
        44.0       0.88      0.75      0.81        67
        45.0       0.85      0.81      0.83       488
        46.0       0.98      0.73      0.83        62
        47.0       0.88      0.90      0.89       264
        48.0       0.80      0.67      0.73        49
        49.0       0.80      0.80      0.80        30
        50.0       0.92      0.73      0.81        15
        51.0       0.84      0.76      0.80        21
        52.0       0.75      0.89      0.81        73

    accuracy                           0.75     13120
   macro avg       0.74      0.64      0.67     13120
weighted avg       0.75      0.75      0.74     13120


===confusion_matrix===

[[330   0   0 ...   0   0   0]
 [  0   9   0 ...   0   0   0]
 [  1   0  53 ...   0   0   0]
 ...
 [  0   0   0 ...  11   1   1]
 [  0   0   0 ...   0  16   3]
 [  0   0   0 ...   1   0  65]]

===multilabel confusion matrix===

[[[12611   107]
  [   72   330]]

 [[13101     0]
  [   10     9]]

 [[13012    26]
  [   29    53]]

 [[13101     3]
  [   14     2]]

 [[13028    30]
  [   45    17]]

 [[12777    66]
  [  121   156]]

 [[13084     0]
  [   10    26]]

 [[13090     4]
  [   16    10]]

 [[13024    24]
  [   34    38]]

 [[13079    11]
  [    9    21]]

 [[12949    15]
  [   42   114]]

 [[12905    47]
  [   78    90]]

 [[13016    21]
  [   42    41]]

 [[13060     7]
  [   40    13]]

 [[13077    12]
  [   19    12]]

 [[13050    18]
  [   27    25]]

 [[13000    26]
  [   36    58]]

 [[12071   164]
  [  125   760]]

 [[13064     8]
  [   11    37]]

 [[12177   162]
  [  202   579]]

 [[12408   121]
  [  133   458]]

 [[12645    90]
  [   65   320]]

 [[12970    22]
  [   23   105]]

 [[10753   479]
  [  270  1618]]

 [[12922    29]
  [   51   118]]

 [[11390   434]
  [  376   920]]

 [[12595   144]
  [  132   249]]

 [[13104     2]
  [   10     4]]

 [[12023   328]
  [  218   551]]

 [[12615   133]
  [  174   198]]

 [[12402    87]
  [  161   470]]

 [[13107     2]
  [    7     4]]

 [[12636   168]
  [  101   215]]

 [[12562   153]
  [  132   273]]

 [[13009    15]
  [   33    63]]

 [[13085     9]
  [   21     5]]

 [[13052     3]
  [   32    33]]

 [[13097     2]
  [    7    14]]

 [[12960    39]
  [   39    82]]

 [[12992    14]
  [   38    76]]

 [[12861    52]
  [   45   162]]

 [[12886    40]
  [   54   140]]

 [[13057    16]
  [   19    28]]

 [[12633    56]
  [   22   409]]

 [[13046     7]
  [   17    50]]

 [[12565    67]
  [   93   395]]

 [[13057     1]
  [   17    45]]

 [[12823    33]
  [   26   238]]

 [[13063     8]
  [   16    33]]

 [[13084     6]
  [    6    24]]

 [[13104     1]
  [    4    11]]

 [[13096     3]
  [    5    16]]

 [[13025    22]
  [    8    65]]]

===scores report===
metrics	scores
Accuracy	0.7457
MCC	0.7299
log_loss	1.1469
f1 score weighted	0.7431
f1 score macro	0.6749
f1 score micro	0.7457
roc_auc ovr	0.9723
roc_auc ovo	0.9697
precision	0.7471
recall	0.7457

===Callbacks===

generate_callbacks
[<tensorflow.python.keras.callbacks.EarlyStopping object at 0x7f629c455400>, <tensorflow.python.keras.callbacks.ReduceLROnPlateau object at 0x7f629c4552b0>, <tensorflow.python.keras.callbacks.ModelCheckpoint object at 0x7f629c455790>]
===SCORING TEST SET ===

model_complete_evaluate
{'self': <deep_ml.DeepML object at 0x7f629c4555b0>, 'x_test': array([[[1, 0, 0, ..., 0, 0, 0],
        [1, 0, 0, ..., 0, 0, 0],
        [1, 0, 0, ..., 0, 0, 0],
        ...,
        [1, 0, 0, ..., 0, 0, 0],
        [0, 0, 0, ..., 0, 0, 0],
        [1, 0, 0, ..., 0, 0, 0]],

       [[1, 0, 0, ..., 0, 0, 0],
        [1, 0, 0, ..., 0, 0, 0],
        [1, 0, 0, ..., 0, 0, 0],
        ...,
        [0, 0, 0, ..., 0, 0, 0],
        [0, 0, 0, ..., 1, 0, 0],
        [0, 0, 0, ..., 0, 0, 0]],

       [[1, 0, 0, ..., 0, 0, 0],
        [1, 0, 0, ..., 0, 0, 0],
        [1, 0, 0, ..., 0, 0, 0],
        ...,
        [0, 0, 0, ..., 0, 0, 0],
        [0, 0, 0, ..., 0, 0, 0],
        [0, 0, 0, ..., 0, 0, 0]],

       ...,

       [[0, 0, 0, ..., 0, 0, 0],
        [0, 0, 0, ..., 0, 0, 1],
        [0, 0, 0, ..., 0, 0, 0],
        ...,
        [0, 0, 0, ..., 0, 0, 0],
        [0, 0, 0, ..., 0, 0, 0],
        [0, 0, 0, ..., 0, 0, 0]],

       [[0, 0, 1, ..., 0, 0, 0],
        [0, 0, 0, ..., 0, 0, 0],
        [0, 0, 0, ..., 0, 0, 0],
        ...,
        [0, 0, 0, ..., 0, 0, 0],
        [0, 0, 0, ..., 0, 1, 0],
        [1, 0, 0, ..., 0, 0, 0]],

       [[1, 0, 0, ..., 0, 0, 0],
        [1, 0, 0, ..., 0, 0, 0],
        [1, 0, 0, ..., 0, 0, 0],
        ...,
        [0, 0, 0, ..., 0, 0, 0],
        [0, 0, 0, ..., 0, 0, 0],
        [0, 0, 0, ..., 0, 0, 0]]], dtype=int8), 'y_test': array([21., 11., 11., ..., 25., 30., 28.], dtype=float32), 'model': None}
report

              precision    recall  f1-score   support

         0.0       0.70      0.79      0.74       402
         1.0       0.90      0.47      0.62        19
         2.0       0.63      0.54      0.58        81
         3.0       0.60      0.19      0.29        16
         4.0       0.67      0.39      0.49        62
         5.0       0.70      0.64      0.67       277
         6.0       0.97      0.81      0.88        36
         7.0       0.71      0.38      0.50        26
         8.0       0.74      0.58      0.65        73
         9.0       0.79      0.38      0.51        29
        10.0       0.79      0.74      0.77       156
        11.0       0.61      0.58      0.60       168
        12.0       0.66      0.59      0.62        83
        13.0       0.48      0.25      0.33        53
        14.0       0.52      0.44      0.47        32
        15.0       0.61      0.52      0.56        52
        16.0       0.67      0.65      0.66        95
        17.0       0.87      0.84      0.85       884
        18.0       0.85      0.69      0.76        48
        19.0       0.77      0.74      0.76       782
        20.0       0.79      0.74      0.77       591
        21.0       0.82      0.80      0.81       385
        22.0       0.78      0.84      0.81       128
        23.0       0.80      0.85      0.82      1888
        24.0       0.85      0.73      0.78       169
        25.0       0.66      0.73      0.70      1295
        26.0       0.58      0.70      0.63       381
        27.0       0.90      0.64      0.75        14
        28.0       0.69      0.66      0.67       769
        29.0       0.59      0.59      0.59       371
        30.0       0.84      0.76      0.80       631
        31.0       0.57      0.36      0.44        11
        32.0       0.52      0.64      0.57       316
        33.0       0.63      0.72      0.67       405
        34.0       0.65      0.64      0.64        96
        35.0       0.67      0.23      0.34        26
        36.0       0.78      0.60      0.68        65
        37.0       0.90      0.82      0.86        22
        38.0       0.63      0.65      0.64       121
        39.0       0.88      0.76      0.82       113
        40.0       0.80      0.78      0.79       208
        41.0       0.82      0.73      0.77       193
        42.0       0.81      0.46      0.58        46
        43.0       0.90      0.97      0.93       431
        44.0       0.96      0.67      0.79        66
        45.0       0.82      0.83      0.83       489
        46.0       0.88      0.82      0.85        62
        47.0       0.86      0.85      0.86       264
        48.0       0.90      0.55      0.68        49
        49.0       0.83      0.81      0.82        31
        50.0       0.87      0.81      0.84        16
        51.0       0.86      0.86      0.86        21
        52.0       0.75      0.92      0.83        73

    accuracy                           0.75     13120
   macro avg       0.75      0.66      0.69     13120
weighted avg       0.75      0.75      0.75     13120


===confusion_matrix===

[[318   0   1 ...   0   0   0]
 [  0   9   0 ...   0   0   0]
 [  0   0  44 ...   0   0   0]
 ...
 [  0   0   0 ...  13   1   1]
 [  0   0   0 ...   0  18   3]
 [  0   0   0 ...   0   0  67]]

===multilabel confusion matrix===

[[[12582   136]
  [   84   318]]

 [[13100     1]
  [   10     9]]

 [[13013    26]
  [   37    44]]

 [[13102     2]
  [   13     3]]

 [[13046    12]
  [   38    24]]

 [[12766    77]
  [   99   178]]

 [[13083     1]
  [    7    29]]

 [[13090     4]
  [   16    10]]

 [[13032    15]
  [   31    42]]

 [[13088     3]
  [   18    11]]

 [[12934    30]
  [   40   116]]

 [[12891    61]
  [   71    97]]

 [[13012    25]
  [   34    49]]

 [[13053    14]
  [   40    13]]

 [[13075    13]
  [   18    14]]

 [[13051    17]
  [   25    27]]

 [[12994    31]
  [   33    62]]

 [[12123   113]
  [  140   744]]

 [[13066     6]
  [   15    33]]

 [[12163   175]
  [  200   582]]

 [[12413   116]
  [  153   438]]

 [[12667    68]
  [   77   308]]

 [[12962    30]
  [   20   108]]

 [[10829   403]
  [  292  1596]]

 [[12929    22]
  [   46   123]]

 [[11347   478]
  [  348   947]]

 [[12543   196]
  [  115   266]]

 [[13105     1]
  [    5     9]]

 [[12121   230]
  [  262   507]]

 [[12594   155]
  [  151   220]]

 [[12400    89]
  [  151   480]]

 [[13106     3]
  [    7     4]]

 [[12617   187]
  [  114   202]]

 [[12541   174]
  [  113   292]]

 [[12991    33]
  [   35    61]]

 [[13091     3]
  [   20     6]]

 [[13044    11]
  [   26    39]]

 [[13096     2]
  [    4    18]]

 [[12953    46]
  [   42    79]]

 [[12995    12]
  [   27    86]]

 [[12871    41]
  [   46   162]]

 [[12895    32]
  [   52   141]]

 [[13069     5]
  [   25    21]]

 [[12643    46]
  [   15   416]]

 [[13052     2]
  [   22    44]]

 [[12545    86]
  [   85   404]]

 [[13051     7]
  [   11    51]]

 [[12819    37]
  [   39   225]]

 [[13068     3]
  [   22    27]]

 [[13084     5]
  [    6    25]]

 [[13102     2]
  [    3    13]]

 [[13096     3]
  [    3    18]]

 [[13025    22]
  [    6    67]]]

===scores report===
metrics	scores
Accuracy	0.7476
MCC	0.7321
log_loss	1.1934
f1 score weighted	0.7466
f1 score macro	0.6891
f1 score micro	0.7476
roc_auc ovr	0.9720
roc_auc ovo	0.9704
precision	0.7515
recall	0.7476

===Callbacks===

generate_callbacks
[<tensorflow.python.keras.callbacks.EarlyStopping object at 0x7f629c455400>, <tensorflow.python.keras.callbacks.ReduceLROnPlateau object at 0x7f629c4552b0>, <tensorflow.python.keras.callbacks.ModelCheckpoint object at 0x7f629c455790>]
===SCORING TEST SET ===

model_complete_evaluate
{'self': <deep_ml.DeepML object at 0x7f629c4555b0>, 'x_test': array([[[1, 0, 0, ..., 0, 0, 0],
        [1, 0, 0, ..., 0, 0, 0],
        [1, 0, 0, ..., 0, 0, 0],
        ...,
        [0, 0, 0, ..., 0, 0, 0],
        [0, 0, 0, ..., 0, 0, 0],
        [0, 0, 0, ..., 0, 0, 0]],

       [[1, 0, 0, ..., 0, 0, 0],
        [1, 0, 0, ..., 0, 0, 0],
        [1, 0, 0, ..., 0, 0, 0],
        ...,
        [0, 0, 0, ..., 0, 0, 0],
        [1, 0, 0, ..., 0, 0, 0],
        [0, 0, 0, ..., 0, 0, 0]],

       [[1, 0, 0, ..., 0, 0, 0],
        [1, 0, 0, ..., 0, 0, 0],
        [1, 0, 0, ..., 0, 0, 0],
        ...,
        [0, 0, 0, ..., 0, 0, 0],
        [0, 0, 0, ..., 1, 0, 0],
        [0, 0, 0, ..., 0, 0, 0]],

       ...,

       [[0, 0, 0, ..., 0, 0, 0],
        [0, 0, 0, ..., 0, 1, 0],
        [0, 0, 0, ..., 0, 0, 0],
        ...,
        [0, 0, 0, ..., 0, 0, 0],
        [0, 0, 0, ..., 0, 0, 0],
        [0, 0, 0, ..., 0, 0, 0]],

       [[0, 0, 0, ..., 0, 0, 1],
        [0, 0, 0, ..., 0, 0, 1],
        [0, 0, 0, ..., 0, 0, 1],
        ...,
        [1, 0, 0, ..., 0, 0, 0],
        [0, 0, 0, ..., 0, 0, 0],
        [1, 0, 0, ..., 0, 0, 0]],

       [[0, 0, 0, ..., 0, 0, 0],
        [0, 0, 0, ..., 0, 0, 0],
        [0, 0, 0, ..., 0, 0, 0],
        ...,
        [0, 0, 1, ..., 0, 0, 0],
        [0, 0, 0, ..., 0, 0, 0],
        [0, 0, 0, ..., 0, 0, 0]]], dtype=int8), 'y_test': array([21., 21., 21., ..., 28., 28., 17.], dtype=float32), 'model': None}
report

              precision    recall  f1-score   support

         0.0       0.70      0.81      0.75       401
         1.0       1.00      0.55      0.71        20
         2.0       0.85      0.55      0.67        82
         3.0       0.33      0.12      0.18        16
         4.0       0.50      0.35      0.42        62
         5.0       0.77      0.58      0.66       277
         6.0       0.94      0.81      0.87        36
         7.0       0.73      0.32      0.44        25
         8.0       0.78      0.62      0.69        73
         9.0       0.59      0.55      0.57        29
        10.0       0.81      0.72      0.76       156
        11.0       0.55      0.55      0.55       168
        12.0       0.69      0.54      0.61        83
        13.0       0.27      0.15      0.19        54
        14.0       0.30      0.35      0.32        31
        15.0       0.57      0.55      0.56        53
        16.0       0.68      0.62      0.65        95
        17.0       0.84      0.84      0.84       884
        18.0       0.89      0.70      0.79        47
        19.0       0.80      0.72      0.76       782
        20.0       0.79      0.79      0.79       592
        21.0       0.83      0.77      0.80       385
        22.0       0.84      0.89      0.86       128
        23.0       0.81      0.83      0.82      1887
        24.0       0.75      0.76      0.75       168
        25.0       0.63      0.73      0.68      1295
        26.0       0.61      0.62      0.62       381
        27.0       1.00      0.50      0.67        14
        28.0       0.63      0.67      0.65       768
        29.0       0.63      0.63      0.63       372
        30.0       0.82      0.79      0.80       631
        31.0       0.50      0.10      0.17        10
        32.0       0.56      0.62      0.59       316
        33.0       0.70      0.71      0.71       405
        34.0       0.76      0.67      0.71        96
        35.0       0.56      0.19      0.29        26
        36.0       0.79      0.56      0.65        66
        37.0       1.00      0.77      0.87        22
        38.0       0.75      0.70      0.72       121
        39.0       0.86      0.83      0.85       113
        40.0       0.75      0.81      0.78       208
        41.0       0.69      0.75      0.72       194
        42.0       0.70      0.50      0.58        46
        43.0       0.87      0.92      0.89       431
        44.0       0.84      0.74      0.79        66
        45.0       0.83      0.84      0.83       489
        46.0       0.90      0.69      0.78        62
        47.0       0.87      0.92      0.89       263
        48.0       0.75      0.66      0.70        50
        49.0       0.83      0.65      0.73        31
        50.0       0.74      0.88      0.80        16
        51.0       0.81      0.81      0.81        21
        52.0       0.81      0.90      0.86        73

    accuracy                           0.75     13120
   macro avg       0.73      0.65      0.68     13120
weighted avg       0.75      0.75      0.74     13120


===confusion_matrix===

[[325   0   0 ...   0   0   0]
 [  0  11   0 ...   0   0   0]
 [  0   0  45 ...   0   0   0]
 ...
 [  0   0   0 ...  14   1   0]
 [  0   0   0 ...   0  17   3]
 [  0   0   0 ...   1   2  66]]

===multilabel confusion matrix===

[[[12580   139]
  [   76   325]]

 [[13100     0]
  [    9    11]]

 [[13030     8]
  [   37    45]]

 [[13100     4]
  [   14     2]]

 [[13036    22]
  [   40    22]]

 [[12794    49]
  [  116   161]]

 [[13082     2]
  [    7    29]]

 [[13092     3]
  [   17     8]]

 [[13034    13]
  [   28    45]]

 [[13080    11]
  [   13    16]]

 [[12937    27]
  [   43   113]]

 [[12878    74]
  [   76    92]]

 [[13017    20]
  [   38    45]]

 [[13044    22]
  [   46     8]]

 [[13063    26]
  [   20    11]]

 [[13045    22]
  [   24    29]]

 [[12997    28]
  [   36    59]]

 [[12092   144]
  [  138   746]]

 [[13069     4]
  [   14    33]]

 [[12196   142]
  [  218   564]]

 [[12404   124]
  [  122   470]]

 [[12673    62]
  [   89   296]]

 [[12970    22]
  [   14   114]]

 [[10878   355]
  [  326  1561]]

 [[12909    43]
  [   41   127]]

 [[11277   548]
  [  356   939]]

 [[12586   153]
  [  143   238]]

 [[13106     0]
  [    7     7]]

 [[12046   306]
  [  252   516]]

 [[12608   140]
  [  136   236]]

 [[12383   106]
  [  135   496]]

 [[13109     1]
  [    9     1]]

 [[12650   154]
  [  119   197]]

 [[12594   121]
  [  117   288]]

 [[13004    20]
  [   32    64]]

 [[13090     4]
  [   21     5]]

 [[13044    10]
  [   29    37]]

 [[13098     0]
  [    5    17]]

 [[12970    29]
  [   36    85]]

 [[12992    15]
  [   19    94]]

 [[12857    55]
  [   40   168]]

 [[12860    66]
  [   49   145]]

 [[13064    10]
  [   23    23]]

 [[12628    61]
  [   33   398]]

 [[13045     9]
  [   17    49]]

 [[12546    85]
  [   78   411]]

 [[13053     5]
  [   19    43]]

 [[12821    36]
  [   21   242]]

 [[13059    11]
  [   17    33]]

 [[13085     4]
  [   11    20]]

 [[13099     5]
  [    2    14]]

 [[13095     4]
  [    4    17]]

 [[13032    15]
  [    7    66]]]

===scores report===
metrics	scores
Accuracy	0.7455
MCC	0.7300
log_loss	1.1311
f1 score weighted	0.7441
f1 score macro	0.6751
f1 score micro	0.7455
roc_auc ovr	0.9719
roc_auc ovo	0.9711
precision	0.7479
recall	0.7455

===Callbacks===

generate_callbacks
[<tensorflow.python.keras.callbacks.EarlyStopping object at 0x7f629c455400>, <tensorflow.python.keras.callbacks.ReduceLROnPlateau object at 0x7f629c4552b0>, <tensorflow.python.keras.callbacks.ModelCheckpoint object at 0x7f629c455790>]
===SCORING TEST SET ===

model_complete_evaluate
{'self': <deep_ml.DeepML object at 0x7f629c4555b0>, 'x_test': array([[[1, 0, 0, ..., 0, 0, 0],
        [1, 0, 0, ..., 0, 0, 0],
        [1, 0, 0, ..., 0, 0, 0],
        ...,
        [0, 0, 0, ..., 0, 0, 0],
        [0, 0, 0, ..., 0, 0, 0],
        [0, 0, 0, ..., 0, 0, 0]],

       [[1, 0, 0, ..., 0, 0, 0],
        [1, 0, 0, ..., 0, 0, 0],
        [1, 0, 0, ..., 0, 0, 0],
        ...,
        [0, 0, 0, ..., 0, 0, 0],
        [0, 0, 0, ..., 1, 0, 0],
        [0, 0, 0, ..., 0, 0, 1]],

       [[1, 0, 0, ..., 0, 0, 0],
        [1, 0, 0, ..., 0, 0, 0],
        [1, 0, 0, ..., 0, 0, 0],
        ...,
        [0, 0, 0, ..., 0, 0, 0],
        [0, 0, 0, ..., 1, 0, 0],
        [0, 0, 0, ..., 0, 0, 0]],

       ...,

       [[0, 0, 0, ..., 0, 0, 0],
        [0, 0, 0, ..., 0, 0, 0],
        [0, 0, 0, ..., 0, 0, 0],
        ...,
        [0, 0, 0, ..., 0, 0, 0],
        [0, 0, 0, ..., 0, 0, 0],
        [0, 0, 0, ..., 0, 0, 1]],

       [[1, 0, 0, ..., 0, 0, 0],
        [1, 0, 0, ..., 0, 0, 0],
        [1, 0, 0, ..., 0, 0, 0],
        ...,
        [0, 0, 0, ..., 0, 0, 0],
        [0, 1, 0, ..., 0, 0, 0],
        [0, 0, 0, ..., 1, 0, 0]],

       [[0, 0, 0, ..., 0, 0, 0],
        [0, 0, 0, ..., 0, 0, 0],
        [0, 1, 0, ..., 0, 0, 0],
        ...,
        [1, 0, 0, ..., 0, 0, 0],
        [0, 0, 0, ..., 0, 0, 0],
        [1, 0, 0, ..., 0, 0, 0]]], dtype=int8), 'y_test': array([21., 11., 11., ..., 17., 19., 50.], dtype=float32), 'model': None}
report

              precision    recall  f1-score   support

         0.0       0.62      0.81      0.70       401
         1.0       0.78      0.35      0.48        20
         2.0       0.58      0.55      0.57        82
         3.0       0.33      0.07      0.11        15
         4.0       0.39      0.24      0.30        62
         5.0       0.70      0.61      0.65       278
         6.0       0.85      0.64      0.73        36
         7.0       0.73      0.32      0.44        25
         8.0       0.59      0.62      0.60        73
         9.0       0.79      0.52      0.62        29
        10.0       0.70      0.78      0.74       156
        11.0       0.59      0.63      0.61       168
        12.0       0.73      0.57      0.64        83
        13.0       0.30      0.06      0.09        54
        14.0       0.63      0.55      0.59        31
        15.0       0.51      0.40      0.45        53
        16.0       0.63      0.60      0.61        95
        17.0       0.82      0.84      0.83       884
        18.0       0.76      0.74      0.75        47
        19.0       0.77      0.72      0.74       781
        20.0       0.78      0.75      0.76       592
        21.0       0.79      0.79      0.79       385
        22.0       0.84      0.84      0.84       129
        23.0       0.82      0.84      0.83      1887
        24.0       0.77      0.80      0.79       168
        25.0       0.66      0.70      0.68      1295
        26.0       0.62      0.64      0.63       381
        27.0       0.67      0.46      0.55        13
        28.0       0.64      0.69      0.66       769
        29.0       0.58      0.56      0.57       372
        30.0       0.84      0.76      0.80       631
        31.0       1.00      0.09      0.17        11
        32.0       0.66      0.64      0.65       316
        33.0       0.68      0.68      0.68       405
        34.0       0.68      0.67      0.68        95
        35.0       0.33      0.04      0.07        25
        36.0       0.76      0.59      0.67        66
        37.0       0.85      0.77      0.81        22
        38.0       0.66      0.64      0.65       121
        39.0       0.81      0.84      0.83       113
        40.0       0.77      0.78      0.77       208
        41.0       0.71      0.69      0.70       194
        42.0       0.75      0.52      0.62        46
        43.0       0.82      0.87      0.85       431
        44.0       0.87      0.70      0.77        66
        45.0       0.79      0.83      0.81       489
        46.0       0.87      0.76      0.81        62
        47.0       0.87      0.91      0.89       263
        48.0       0.83      0.60      0.70        50
        49.0       0.85      0.94      0.89        31
        50.0       0.92      0.75      0.83        16
        51.0       0.76      0.73      0.74        22
        52.0       0.78      0.88      0.83        73

    accuracy                           0.74     13120
   macro avg       0.71      0.63      0.65     13120
weighted avg       0.74      0.74      0.73     13120


===confusion_matrix===

[[323   0   3 ...   0   0   0]
 [  0   7   0 ...   0   0   1]
 [  1   0  45 ...   0   0   0]
 ...
 [  0   0   0 ...  12   0   0]
 [  0   0   0 ...   0  16   5]
 [  0   0   0 ...   1   4  64]]

===multilabel confusion matrix===

[[[12524   195]
  [   78   323]]

 [[13098     2]
  [   13     7]]

 [[13006    32]
  [   37    45]]

 [[13103     2]
  [   14     1]]

 [[13035    23]
  [   47    15]]

 [[12769    73]
  [  109   169]]

 [[13080     4]
  [   13    23]]

 [[13092     3]
  [   17     8]]

 [[13016    31]
  [   28    45]]

 [[13087     4]
  [   14    15]]

 [[12912    52]
  [   34   122]]

 [[12878    74]
  [   62   106]]

 [[13020    17]
  [   36    47]]

 [[13059     7]
  [   51     3]]

 [[13079    10]
  [   14    17]]

 [[13047    20]
  [   32    21]]

 [[12991    34]
  [   38    57]]

 [[12075   161]
  [  140   744]]

 [[13062    11]
  [   12    35]]

 [[12169   170]
  [  218   563]]

 [[12405   123]
  [  150   442]]

 [[12652    83]
  [   79   306]]

 [[12970    21]
  [   21   108]]

 [[10878   355]
  [  305  1582]]

 [[12913    39]
  [   34   134]]

 [[11365   460]
  [  384   911]]

 [[12588   151]
  [  136   245]]

 [[13104     3]
  [    7     6]]

 [[12046   305]
  [  237   532]]

 [[12595   153]
  [  162   210]]

 [[12398    91]
  [  152   479]]

 [[13109     0]
  [   10     1]]

 [[12698   106]
  [  113   203]]

 [[12587   128]
  [  128   277]]

 [[12995    30]
  [   31    64]]

 [[13093     2]
  [   24     1]]

 [[13042    12]
  [   27    39]]

 [[13095     3]
  [    5    17]]

 [[12959    40]
  [   44    77]]

 [[12985    22]
  [   18    95]]

 [[12863    49]
  [   46   162]]

 [[12871    55]
  [   61   133]]

 [[13066     8]
  [   22    24]]

 [[12607    82]
  [   54   377]]

 [[13047     7]
  [   20    46]]

 [[12523   108]
  [   81   408]]

 [[13051     7]
  [   15    47]]

 [[12822    35]
  [   24   239]]

 [[13064     6]
  [   20    30]]

 [[13084     5]
  [    2    29]]

 [[13103     1]
  [    4    12]]

 [[13093     5]
  [    6    16]]

 [[13029    18]
  [    9    64]]]

===scores report===
metrics	scores
Accuracy	0.7380
MCC	0.7220
log_loss	1.1669
f1 score weighted	0.7347
f1 score macro	0.6523
f1 score micro	0.7380
roc_auc ovr	0.9707
roc_auc ovo	0.9673
precision	0.7370
recall	0.7380

===Callbacks===

generate_callbacks
[<tensorflow.python.keras.callbacks.EarlyStopping object at 0x7f629c455400>, <tensorflow.python.keras.callbacks.ReduceLROnPlateau object at 0x7f629c4552b0>, <tensorflow.python.keras.callbacks.ModelCheckpoint object at 0x7f629c455790>]
===SCORING TEST SET ===

model_complete_evaluate
{'self': <deep_ml.DeepML object at 0x7f629c4555b0>, 'x_test': array([[[1, 0, 0, ..., 0, 0, 0],
        [1, 0, 0, ..., 0, 0, 0],
        [1, 0, 0, ..., 0, 0, 0],
        ...,
        [0, 1, 0, ..., 0, 0, 0],
        [0, 0, 0, ..., 0, 0, 1],
        [0, 0, 0, ..., 0, 0, 0]],

       [[1, 0, 0, ..., 0, 0, 0],
        [1, 0, 0, ..., 0, 0, 0],
        [1, 0, 0, ..., 0, 0, 0],
        ...,
        [0, 0, 0, ..., 0, 0, 0],
        [0, 0, 0, ..., 0, 0, 0],
        [0, 1, 0, ..., 0, 0, 0]],

       [[1, 0, 0, ..., 0, 0, 0],
        [1, 0, 0, ..., 0, 0, 0],
        [1, 0, 0, ..., 0, 0, 0],
        ...,
        [0, 0, 0, ..., 0, 0, 0],
        [0, 0, 0, ..., 0, 0, 0],
        [0, 0, 0, ..., 0, 0, 1]],

       ...,

       [[1, 0, 0, ..., 0, 0, 0],
        [1, 0, 0, ..., 0, 0, 0],
        [1, 0, 0, ..., 0, 0, 0],
        ...,
        [0, 0, 0, ..., 0, 1, 0],
        [0, 0, 0, ..., 0, 0, 0],
        [0, 0, 0, ..., 0, 0, 0]],

       [[0, 0, 0, ..., 0, 0, 1],
        [0, 0, 0, ..., 0, 0, 0],
        [0, 0, 0, ..., 0, 0, 0],
        ...,
        [0, 0, 0, ..., 0, 0, 0],
        [0, 1, 0, ..., 0, 0, 0],
        [0, 0, 1, ..., 0, 0, 0]],

       [[0, 0, 0, ..., 0, 0, 0],
        [0, 0, 0, ..., 0, 0, 0],
        [0, 0, 0, ..., 0, 0, 0],
        ...,
        [0, 0, 0, ..., 0, 0, 0],
        [0, 0, 0, ..., 0, 0, 0],
        [0, 0, 0, ..., 0, 0, 0]]], dtype=int8), 'y_test': array([21., 21., 21., ..., 47., 26., 30.], dtype=float32), 'model': None}
report

              precision    recall  f1-score   support

         0.0       0.74      0.82      0.78       402
         1.0       0.92      0.63      0.75        19
         2.0       0.58      0.57      0.58        82
         3.0       0.33      0.12      0.18        16
         4.0       0.46      0.27      0.34        62
         5.0       0.76      0.54      0.63       278
         6.0       1.00      0.67      0.80        36
         7.0       0.58      0.27      0.37        26
         8.0       0.75      0.56      0.64        73
         9.0       0.60      0.50      0.55        30
        10.0       0.82      0.68      0.74       156
        11.0       0.52      0.57      0.54       169
        12.0       0.66      0.47      0.55        83
        13.0       0.39      0.17      0.24        53
        14.0       0.60      0.48      0.54        31
        15.0       0.65      0.54      0.59        52
        16.0       0.65      0.56      0.60        95
        17.0       0.84      0.84      0.84       885
        18.0       0.76      0.65      0.70        48
        19.0       0.72      0.69      0.70       781
        20.0       0.75      0.74      0.74       592
        21.0       0.78      0.79      0.79       384
        22.0       0.86      0.76      0.80       128
        23.0       0.73      0.85      0.79      1887
        24.0       0.83      0.70      0.76       168
        25.0       0.69      0.69      0.69      1295
        26.0       0.59      0.60      0.59       381
        27.0       0.88      0.50      0.64        14
        28.0       0.62      0.69      0.66       769
        29.0       0.58      0.61      0.60       372
        30.0       0.82      0.76      0.79       630
        31.0       0.20      0.09      0.13        11
        32.0       0.60      0.66      0.63       316
        33.0       0.67      0.71      0.69       405
        34.0       0.76      0.72      0.74        95
        35.0       0.50      0.04      0.07        25
        36.0       0.79      0.40      0.53        65
        37.0       0.85      0.77      0.81        22
        38.0       0.74      0.68      0.71       121
        39.0       0.87      0.78      0.82       113
        40.0       0.74      0.82      0.78       208
        41.0       0.82      0.71      0.76       194
        42.0       0.63      0.47      0.54        47
        43.0       0.88      0.92      0.90       431
        44.0       0.97      0.89      0.93        66
        45.0       0.80      0.84      0.82       488
        46.0       0.76      0.71      0.74        63
        47.0       0.84      0.84      0.84       263
        48.0       0.81      0.53      0.64        49
        49.0       0.74      0.67      0.70        30
        50.0       0.76      0.87      0.81        15
        51.0       0.81      0.77      0.79        22
        52.0       0.77      0.84      0.80        73

    accuracy                           0.73     13119
   macro avg       0.71      0.62      0.65     13119
weighted avg       0.73      0.73      0.73     13119


===confusion_matrix===

[[328   0   3 ...   0   0   0]
 [  0  12   0 ...   0   0   0]
 [  2   0  47 ...   0   0   0]
 ...
 [  0   0   0 ...  13   0   0]
 [  0   0   0 ...   0  17   4]
 [  0   0   0 ...   1   4  61]]

===multilabel confusion matrix===

[[[12601   116]
  [   74   328]]

 [[13099     1]
  [    7    12]]

 [[13003    34]
  [   35    47]]

 [[13099     4]
  [   14     2]]

 [[13037    20]
  [   45    17]]

 [[12792    49]
  [  127   151]]

 [[13083     0]
  [   12    24]]

 [[13088     5]
  [   19     7]]

 [[13032    14]
  [   32    41]]

 [[13079    10]
  [   15    15]]

 [[12940    23]
  [   50   106]]

 [[12860    90]
  [   72    97]]

 [[13016    20]
  [   44    39]]

 [[13052    14]
  [   44     9]]

 [[13078    10]
  [   16    15]]

 [[13052    15]
  [   24    28]]

 [[12996    28]
  [   42    53]]

 [[12092   142]
  [  141   744]]

 [[13061    10]
  [   17    31]]

 [[12130   208]
  [  245   536]]

 [[12380   147]
  [  155   437]]

 [[12652    83]
  [   82   302]]

 [[12975    16]
  [   31    97]]

 [[10652   580]
  [  288  1599]]

 [[12927    24]
  [   50   118]]

 [[11419   405]
  [  405   890]]

 [[12579   159]
  [  153   228]]

 [[13104     1]
  [    7     7]]

 [[12032   318]
  [  239   530]]

 [[12584   163]
  [  144   228]]

 [[12383   106]
  [  152   478]]

 [[13104     4]
  [   10     1]]

 [[12662   141]
  [  107   209]]

 [[12575   139]
  [  118   287]]

 [[13002    22]
  [   27    68]]

 [[13093     1]
  [   24     1]]

 [[13047     7]
  [   39    26]]

 [[13094     3]
  [    5    17]]

 [[12969    29]
  [   39    82]]

 [[12993    13]
  [   25    88]]

 [[12850    61]
  [   37   171]]

 [[12894    31]
  [   56   138]]

 [[13059    13]
  [   25    22]]

 [[12636    52]
  [   35   396]]

 [[13051     2]
  [    7    59]]

 [[12532    99]
  [   80   408]]

 [[13042    14]
  [   18    45]]

 [[12815    41]
  [   41   222]]

 [[13064     6]
  [   23    26]]

 [[13082     7]
  [   10    20]]

 [[13100     4]
  [    2    13]]

 [[13093     4]
  [    5    17]]

 [[13028    18]
  [   12    61]]]

===scores report===
metrics	scores
Accuracy	0.7312
MCC	0.7145
log_loss	1.1649
f1 score weighted	0.7280
f1 score macro	0.6542
f1 score micro	0.7312
roc_auc ovr	0.9702
roc_auc ovo	0.9690
precision	0.7316
recall	0.7312

===TRAIN MODELS with CV===

train_model_cv	Accuracy	MCC	log_loss	f1 score weighted	f1 score macro	f1 score micro	roc_auc ovr	roc_auc ovo	precision	recall
0	0.745655487804878	0.7298527663132448	1.1469192348323118	0.7431380899533627	0.6749325421952234	0.745655487804878	0.97233186221119	0.9697363056286314	0.74707750411341	0.745655487804878
1	0.7475609756097561	0.7321111211359534	1.1934378527055134	0.7465880931092959	0.689068867630654	0.7475609756097561	0.9720401546712522	0.9703581129326737	0.7515491728484368	0.7475609756097561
2	0.7455030487804878	0.7299900953709471	1.131088846664719	0.7440979728659751	0.675066819039334	0.7455030487804877	0.971920290392542	0.9710732166573254	0.7479278346856794	0.7455030487804878
3	0.7379573170731707	0.7220410235860979	1.1669235295928928	0.7347324910933871	0.6523065894162816	0.7379573170731707	0.9706691103677639	0.9672559758195723	0.7369688699779825	0.7379573170731707
4	0.7312295144446985	0.7144723473156174	1.1649466195863336	0.728033830124402	0.6542102180425149	0.7312295144446986	0.9702303902771433	0.9689987879197834	0.7316250652753652	0.7312295144446985
mean	0.7415812687425982	0.7256934707443721	1.1606632166763542	0.7393180954292846	0.6691170072648015	0.7415812687425982	0.9714383615839782	0.9694844797915974	0.7430296893801749	0.7415812687425982
std	0.006132346314366133	0.006575727193350288	0.020953549692882722	0.006908760573902054	0.013943456902054915	0.006132346314366081	0.0008299031002503574	0.0013078885650991455	0.007480069691017817	0.006132346314366133

Accuracy
MCC
log_loss
f1 score weighted
f1 score macro
f1 score micro
roc_auc ovr
roc_auc ovo
precision
recallFinished train_model_cv in 37506.6683 secs

